REGIAO:;SE
UF:;SP
ESTACAO:;DRACENA
CODIGO (WMO):;A762
LATITUDE:;-21,45777777
LONGITUDE:;-51,55222222
ALTITUDE:;383
DATA DE FUNDACAO:;03/11/16
Data;Hora UTC;PRECIPITAÇÃO TOTAL, HORÁRIO (mm);PRESSAO ATMOSFERICA AO NIVEL DA ESTACAO, HORARIA (mB);PRESSÃO ATMOSFERICA MAX.NA HORA ANT. (AUT) (mB);PRESSÃO ATMOSFERICA MIN. NA HORA ANT. (AUT) (mB);RADIACAO GLOBAL (Kj/m²);TEMPERATURA DO AR - BULBO SECO, HORARIA (°C);TEMPERATURA DO PONTO DE ORVALHO (°C);TEMPERATURA MÁXIMA NA HORA ANT. (AUT) (°C);TEMPERATURA MÍNIMA NA HORA ANT. (AUT) (°C);TEMPERATURA ORVALHO MAX. NA HORA ANT. (AUT) (°C);TEMPERATURA ORVALHO MIN. NA HORA ANT. (AUT) (°C);UMIDADE REL. MAX. NA HORA ANT. (AUT) (%);UMIDADE REL. MIN. NA HORA ANT. (AUT) (%);UMIDADE RELATIVA DO AR, HORARIA (%);VENTO, DIREÇÃO HORARIA (gr) (° (gr));VENTO, RAJADA MAXIMA (m/s);VENTO, VELOCIDADE HORARIA (m/s);
2024/01/01;0000 UTC;0;968,7;968,7;967;;24,5;;29;24,5;;;;;;;;;
2024/01/01;0100 UTC;0;969,1;969,2;968,6;;24,3;;24,5;24,3;;;;;;;;;
2024/01/01;0200 UTC;0;969,2;969,4;969,1;;23,9;;24,3;23,9;;;;;;;;;
2024/01/01;0300 UTC;0;968,8;969,2;968,8;;23,6;;23,9;23,6;;;;;;;;;
2024/01/01;0400 UTC;0;968,2;968,8;968,2;;23,3;;23,6;23,3;;;;;;;;;
2024/01/01;0500 UTC;0;968,3;968,4;968,2;;23,2;;23,3;23,1;;;;;;;;;
2024/01/01;0600 UTC;0;967,4;968,3;967,4;;22,9;;23,2;22,9;;;;;;;;;
2024/01/01;0700 UTC;0;967,4;967,4;967,2;;22,7;;23;22,7;;;;;;;;;
2024/01/01;0800 UTC;0;967,7;967,7;967,4;;22,5;;23,1;22,5;;;;;;;;;
2024/01/01;0900 UTC;0;967,7;967,8;967,6;;22,6;;22,8;22,5;;;;;;;;;
2024/01/01;1000 UTC;0;968,6;968,6;967,7;73,2;23,5;;23,5;22,6;;;;;;;;;
2024/01/01;1100 UTC;0;968,9;968,9;968,6;514,9;24,5;;24,6;23,4;;;;;;;;;
2024/01/01;1200 UTC;0;969,4;969,4;968,9;1873,4;26,6;;27;24,4;;;;;;;;;
2024/01/01;1300 UTC;0;969,5;969,6;969,4;2101,3;28,5;;28,5;26,5;;;;;;;;;
2024/01/01;1400 UTC;0;969,4;969,5;969,3;3315,1;30,1;;30,5;28,5;;;;;;;;;
2024/01/01;1500 UTC;0;968,7;969,4;968,7;3736,4;31,9;;31,9;29,8;;;;;;;;;
2024/01/01;1600 UTC;0;967,8;968,8;967,8;2527,7;31;;32,5;30,3;;;;;;;;;
2024/01/01;1700 UTC;0;966,6;967,8;966,6;2317,5;33,8;;33,9;30,9;;;;;;;;;
2024/01/01;1800 UTC;0;965,7;966,6;965,7;2632,4;33,9;;34,5;31,6;;;;;;;;;
2024/01/01;1900 UTC;0;964,5;965,7;964,5;2301,6;32,5;;34,3;32,2;;;;;;;;;
2024/01/01;2000 UTC;0;963,7;964,5;963,7;1392,6;33,6;;33,7;32,2;;;;;;;;;
2024/01/01;2100 UTC;0;963,5;963,7;963,4;377,1;31,8;;33,6;31,7;;;;;;;;;
2024/01/01;2200 UTC;0;964,4;964,5;963,5;311,1;31,5;;32,8;31,5;;;;;;;;;
2024/01/01;2300 UTC;0;965,3;965,4;964,4;16,1;29,2;;31,5;29,1;;;;;;;;;
2024/01/02;0000 UTC;0;965,8;965,8;965,3;;26,8;;29,2;26,7;;;;;;;;;
2024/01/02;0100 UTC;0;966,7;966,7;965,8;;25,9;;27,2;25,8;;;;;;;;;
2024/01/02;0200 UTC;0;967,4;967,5;966,7;;26,3;;26,3;25,2;;;;;;;;;
2024/01/02;0300 UTC;0;967,5;967,5;967,3;;25,1;;26,3;25;;;;;;;;;
2024/01/02;0400 UTC;13,8;966,6;967,5;966,6;;23,6;;25,1;23,3;;;;;;;;;
2024/01/02;0500 UTC;,2;966,2;966,7;966,2;;23,7;;24;23,6;;;;;;;;;
2024/01/02;0600 UTC;0;966,1;966,2;965,9;;24,1;;24,2;23,5;;;;;;;;;
2024/01/02;0700 UTC;0;966;966,2;966;,8;23,7;;24,2;23,7;;;;;;;;;
2024/01/02;0800 UTC;0;966,2;966,2;966;;23,6;;23,7;23,5;;;;;;;;;
2024/01/02;0900 UTC;0;966,7;966,7;966,2;1,1;23,8;;23,8;23,6;;;;;;;;;
2024/01/02;1000 UTC;0;967,1;967,1;966,6;100;24,2;;24,2;23,8;;;;;;;;;
2024/01/02;1100 UTC;0;966,6;967,1;966,6;690,3;25,7;;25,7;24,2;;;;;;;;;
2024/01/02;1200 UTC;0;966,3;966,6;966,1;2015,7;27,8;;27,8;25,7;;;;;;;;;
2024/01/02;1300 UTC;0;966,5;966,5;966,2;1962,5;29;;29,1;27,5;;;;;;;;;
2024/01/02;1400 UTC;0;966,4;966,6;966,4;3018,6;30,2;;30,9;28,7;;;;;;;;;
2024/01/02;1500 UTC;0;966,2;966,5;966,2;3181,1;32,1;;32,6;30,1;;;;;;;;;
2024/01/02;1600 UTC;0;965,2;966,2;965,2;2581;31,8;;32,7;31;;;;;;;;;
2024/01/02;1700 UTC;,8;965,1;965,2;964,7;615,4;25,7;;32,4;25,7;;;;;;;;;
2024/01/02;1800 UTC;2,8;964,7;965,3;964,6;1139,3;26,4;;27,1;25;;;;;;;;;
2024/01/02;1900 UTC;0;963,7;964,7;963,7;840,6;27,4;;27,7;26,4;;;;;;;;;
2024/01/02;2000 UTC;0;963,3;963,7;963,2;462,2;27,1;;27,4;26,6;;;;;;;;;
2024/01/02;2100 UTC;,2;963,4;963,7;963,3;337,7;27;;27,1;26,9;;;;;;;;;
2024/01/02;2200 UTC;0;964;964;963,2;177,5;26;;27;26;;;;;;;;;
2024/01/02;2300 UTC;0;964,7;964,7;964;2,1;25,8;;26,1;25,6;;;;;;;;;
2024/01/03;0000 UTC;0;965,5;965,5;964,7;;25,6;;25,8;25,6;;;;;;;;;
2024/01/03;0100 UTC;0;965,8;965,9;965,4;;25,2;;25,6;24,9;;;;;;;;;
2024/01/03;0200 UTC;0;965,9;966;965,7;;25;;25,9;24,9;;;;;;;;;
2024/01/03;0300 UTC;0;965,6;965,9;965,5;;25,1;;25,2;24,9;;;;;;;;;
2024/01/03;0400 UTC;0;965,4;965,7;965,4;;25,1;;25,7;25,1;;;;;;;;;
2024/01/03;0500 UTC;0;964,9;965,4;964,8;;24,6;;25,1;24,4;;;;;;;;;
2024/01/03;0600 UTC;0;964,6;965;964,6;;24,1;;24,8;24,1;;;;;;;;;
2024/01/03;0700 UTC;0;964,4;964,6;964,4;;23,9;;24,2;23,8;;;;;;;;;
2024/01/03;0800 UTC;0;964,4;964,4;964,2;;23,3;;23,9;23,3;;;;;;;;;
2024/01/03;0900 UTC;0;965,2;965,2;964,4;;22,9;;23,3;22,8;;;;;;;;;
2024/01/03;1000 UTC;0;965,8;965,8;965,2;129,3;23,9;;23,9;22,7;;;;;;;;;
2024/01/03;1100 UTC;0;966,3;966,3;965,8;870,3;25,7;;25,8;23,9;;;;;;;;;
2024/01/03;1200 UTC;0;966,6;966,7;966,3;1888;27,4;;27,6;25,7;;;;;;;;;
2024/01/03;1300 UTC;0;966,3;966,6;966,2;2097,2;29;;29,2;27,3;;;;;;;;;
2024/01/03;1400 UTC;0;966,2;966,5;966,2;3351,3;30,4;;30,7;29;;;;;;;;;
2024/01/03;1500 UTC;0;965,9;966,3;965,9;3535,9;31,7;;32,2;30,3;;;;;;;;;
2024/01/03;1600 UTC;0;965,4;965,9;965,4;3715,6;32,8;;33,8;31,2;;;;;;;;;
2024/01/03;1700 UTC;0;964,7;965,4;964,7;3007,4;34;;34,3;32,3;;;;;;;;;
2024/01/03;1800 UTC;0;963,8;964,7;963,8;3078,7;35;;35,8;33;;;;;;;;;
2024/01/03;1900 UTC;0;962,6;963,8;962,6;2566,4;35,1;;35,5;33,3;;;;;;;;;
2024/01/03;2000 UTC;0;962,1;962,6;962,1;2134,8;34,6;;35,3;33,7;;;;;;;;;
2024/01/03;2100 UTC;0;961,9;962,1;961,8;1591;33,5;;34,7;33,3;;;;;;;;;
2024/01/03;2200 UTC;0;963;963;961,9;451,6;32,1;;33,6;32,1;;;;;;;;;
2024/01/03;2300 UTC;0;963,9;963,9;962,9;24,2;29,7;;32,1;29,7;;;;;;;;;
2024/01/04;0000 UTC;0;965,3;965,4;963,9;;27,6;;29,7;27,6;;;;;;;;;
2024/01/04;0100 UTC;0;965,5;965,6;965,3;;26;;27,6;26;;;;;;;;;
2024/01/04;0200 UTC;0;965,9;965,9;965,5;;25,3;;26;25,3;;;;;;;;;
2024/01/04;0300 UTC;0;965,6;965,9;965,5;;24,8;;25,4;24,8;;;;;;;;;
2024/01/04;0400 UTC;0;965,4;965,6;965,3;;24,5;;24,8;23,8;;;;;;;;;
2024/01/04;0500 UTC;0;965,6;965,7;965,1;;24,4;;24,5;23,9;;;;;;;;;
2024/01/04;0600 UTC;0;965,3;965,6;965,3;;24;;24,5;24;;;;;;;;;
2024/01/04;0700 UTC;0;965,1;965,4;965,1;;24;;24,2;24;;;;;;;;;
2024/01/04;0800 UTC;0;965,8;965,8;965,1;;23,5;;24;23,5;;;;;;;;;
2024/01/04;0900 UTC;0;966,4;966,4;965,7;;23;;23,5;23;;;;;;;;;
2024/01/04;1000 UTC;0;967;967;966,4;218;23,5;;23,5;23;;;;;;;;;
2024/01/04;1100 UTC;0;967,7;967,7;967;954,1;25,4;;25,4;23,5;;;;;;;;;
2024/01/04;1200 UTC;0;968;968;967,6;1854,8;27,1;;27,4;25,4;;;;;;;;;
2024/01/04;1300 UTC;0;968,2;968,2;968;2127,2;28,8;;28,8;26,9;;;;;;;;;
2024/01/04;1400 UTC;0;968;968,2;967,9;3292,4;29,7;;30,1;28,3;;;;;;;;;
2024/01/04;1500 UTC;0;967,5;968;967,5;3693,7;31,5;;32,5;29,5;;;;;;;;;
2024/01/04;1600 UTC;0;966,8;967,5;966,8;3688;31,8;;32,9;31,3;;;;;;;;;
2024/01/04;1700 UTC;0;965,9;966,8;965,9;3143,3;33,5;;33,9;31,7;;;;;;;;;
2024/01/04;1800 UTC;0;965,1;965,9;965,1;3185,5;35,8;;35,9;33,1;;;;;;;;;
2024/01/04;1900 UTC;0;964,3;965,1;964,3;1694;34,1;;35,8;33,7;;;;;;;;;
2024/01/04;2000 UTC;0;963,8;964,3;963,8;1773,2;34,3;;35,2;33,6;;;;;;;;;
2024/01/04;2100 UTC;0;963,7;963,8;963,4;955,6;33,5;;34,9;33,5;;;;;;;;;
2024/01/04;2200 UTC;0;964,3;964,3;963,7;340,5;32,2;;33,7;32,2;;;;;;;;;
2024/01/04;2300 UTC;0;965,5;965,5;964,3;10,3;29,1;;32,2;29,1;;;;;;;;;
2024/01/05;0000 UTC;0;965,7;965,9;965,4;;28;;29,1;27,9;;;;;;;;;
2024/01/05;0100 UTC;0;966;966,1;965,6;;26,7;;28;26,2;;;;;;;;;
2024/01/05;0200 UTC;0;966,5;966,5;966;;26,2;;27,1;25,8;;;;;;;;;
2024/01/05;0300 UTC;0;966,6;966,8;966,5;;26,2;;26,3;25,4;;;;;;;;;
2024/01/05;0400 UTC;0;965,8;966,6;965,8;;24,8;;26,3;24,6;;;;;;;;;
2024/01/05;0500 UTC;0;965,4;965,9;965,4;;24,3;;25,6;24,1;;;;;;;;;
2024/01/05;0600 UTC;0;965,1;965,4;965,1;;24,3;;25,2;23,8;;;;;;;;;
2024/01/05;0700 UTC;0;965,3;965,3;964,8;;24,6;;24,6;23,9;;;;;;;;;
2024/01/05;0800 UTC;0;965,8;965,8;965,2;;24,4;;24,6;24,4;;;;;;;;;
2024/01/05;0900 UTC;0;966,4;966,4;965,8;;23,8;;24,4;23,8;;;;;;;;;
2024/01/05;1000 UTC;0;967;967;966,4;195;23,9;;23,9;23,5;;;;;;;;;
2024/01/05;1100 UTC;0;967,6;967,6;967;771,7;24,9;;25,1;23,7;;;;;;;;;
2024/01/05;1200 UTC;0;968;968;967,6;1795,2;27,8;;27,8;24,9;;;;;;;;;
2024/01/05;1300 UTC;0;968;968,1;967,9;2167,7;29;;29,3;27,2;;;;;;;;;
2024/01/05;1400 UTC;0;967,6;968;967,6;3284,9;30,6;;30,9;28,7;;;;;;;;;
2024/01/05;1500 UTC;0;967,1;967,6;967,1;3692,9;32,4;;32,5;30,4;;;;;;;;;
2024/01/05;1600 UTC;0;966,6;967,1;966,6;3384,6;33,3;;34,5;32,1;;;;;;;;;
2024/01/05;1700 UTC;0;965,7;966,6;965,7;3746,7;35,2;;35,2;33,2;;;;;;;;;
2024/01/05;1800 UTC;0;964,6;965,7;964,6;1338,3;33,2;;35,7;32,1;;;;;;;;;
2024/01/05;1900 UTC;0;963,4;964,6;963,4;2537,2;35,5;;36,2;32,9;;;;;;;;;
2024/01/05;2000 UTC;0;963,3;963,4;963,2;2356,4;34,9;;36,3;34,9;;;;;;;;;
2024/01/05;2100 UTC;0;964,2;964,2;963,3;1051,9;29,5;;34,9;29,5;;;;;;;;;
2024/01/05;2200 UTC;0;964,2;964,2;963,8;530,5;29,3;;30,2;29,3;;;;;;;;;
2024/01/05;2300 UTC;0;965,1;965,1;964,2;19,2;28,1;;29,3;27,9;;;;;;;;;
2024/01/06;0000 UTC;0;966,5;966,5;965,1;;27,1;;28,4;27,1;;;;;;;;;
2024/01/06;0100 UTC;0;967,3;967,3;966,5;;25,5;;27,1;25,5;;;;;;;;;
2024/01/06;0200 UTC;0;967,2;967,7;967,2;;25;;25,6;24,8;;;;;;;;;
2024/01/06;0300 UTC;0;967,1;967,4;967;;24,2;;25,5;24,2;;;;;;;;;
2024/01/06;0400 UTC;0;966,6;967,1;966,6;;22,9;;24,3;22,9;;;;;;;;;
2024/01/06;0500 UTC;0;966,2;966,5;966,2;;22,4;;23,2;22,4;;;;;;;;;
2024/01/06;0600 UTC;0;965,9;966,2;965,8;;22,7;;22,7;22,4;;;;;;;;;
2024/01/06;0700 UTC;0;965,7;965,9;965,5;;21,8;;22,9;21,8;;;;;;;;;
2024/01/06;0800 UTC;0;966,4;966,5;965,6;;22,1;;22,1;21,3;;;;;;;;;
2024/01/06;0900 UTC;0;966,8;966,8;966,3;;21,8;;22,1;21,6;;;;;;;;;
2024/01/06;1000 UTC;0;967,1;967,1;966,8;225,6;23,3;;23,3;21,8;;;;;;;;;
2024/01/06;1100 UTC;0;967,8;967,8;967,1;995,4;25,8;;25,8;23,3;;;;;;;;;
2024/01/06;1200 UTC;0;968;968;967,8;1764,2;27,4;;27,5;25,8;;;;;;;;;
2024/01/06;1300 UTC;0;968;968,1;967,9;2223,2;29,3;;29,8;27,2;;;;;;;;;
2024/01/06;1400 UTC;0;967,7;968;967,7;3295,4;31,1;;31,2;29,3;;;;;;;;;
2024/01/06;1500 UTC;0;967,3;967,8;967,3;3526,7;32,3;;32,8;30,4;;;;;;;;;
2024/01/06;1600 UTC;0;966,7;967,3;966,7;3160,7;33,4;;33,8;32,2;;;;;;;;;
2024/01/06;1700 UTC;0;965,9;966,7;965,9;3138,4;35;;35,6;32,7;;;;;;;;;
2024/01/06;1800 UTC;0;965,3;965,9;965,3;2707,4;35,8;;35,9;33,9;;;;;;;;;
2024/01/06;1900 UTC;0;964,5;965,3;964,5;2185,3;33,7;;36,1;31,5;;;;;;;;;
2024/01/06;2000 UTC;0;963,7;964,5;963,7;2175,2;35;;36,1;32,7;;;;;;;;;
2024/01/06;2100 UTC;0;963,6;963,7;963,3;1426,8;34,9;;35,3;34,7;;;;;;;;;
2024/01/06;2200 UTC;0;964,2;964,2;963,6;563,6;33,7;;34,9;33,7;;;;;;;;;
2024/01/06;2300 UTC;0;964,9;964,9;964,2;22,4;29,2;;33,7;29,2;;;;;;;;;
2024/01/07;0000 UTC;0;965,5;965,5;964,9;;28;;29,2;28;;;;;;;;;
2024/01/07;0100 UTC;0;966,1;966,1;965,5;;27,6;;28,2;26,2;;;;;;;;;
2024/01/07;0200 UTC;0;966,3;966,4;966,1;;26,5;;28,5;26,1;;;;;;;;;
2024/01/07;0300 UTC;0;965,9;966,3;965,9;;26,3;;28;24,3;;;;;;;;;
2024/01/07;0400 UTC;0;965,7;965,9;965,6;;25,1;;26,6;23,7;;;;;;;;;
2024/01/07;0500 UTC;0;965,2;965,7;965,2;;25;;25,4;25;;;;;;;;;
2024/01/07;0600 UTC;0;965;965,2;965;;25,1;;25,2;24,9;;;;;;;;;
2024/01/07;0700 UTC;0;965;965;964,8;;24,7;;25,1;24,4;;;;;;;;;
2024/01/07;0800 UTC;0;965,4;965,4;965;;24,6;;24,8;24,1;;;;;;;;;
2024/01/07;0900 UTC;0;966,1;966,1;965,4;;23,7;;24,6;23,7;;;;;;;;;
2024/01/07;1000 UTC;0;967,2;967,2;966,2;221,8;25,2;;25,2;23,3;;;;;;;;;
2024/01/07;1100 UTC;0;967,7;967,7;967,2;979,7;27,6;;27,7;25,2;;;;;;;;;
2024/01/07;1200 UTC;0;967,8;967,8;967,6;1684,4;29,9;;29,9;27,6;;;;;;;;;
2024/01/07;1300 UTC;0;968;968;967,8;2273,8;31,8;;32;29,6;;;;;;;;;
2024/01/07;1400 UTC;0;967,8;968;967,8;3277;33,5;;33,5;31,7;;;;;;;;;
2024/01/07;1500 UTC;0;967,1;967,8;967,1;3360,4;34,5;;35;33,1;;;;;;;;;
2024/01/07;1600 UTC;0;966,2;967,1;966,2;3825,1;37,2;;37,4;34,5;;;;;;;;;
2024/01/07;1700 UTC;0;965,6;966,2;965,6;3486,7;37;;37,6;35,1;;;;;;;;;
2024/01/07;1800 UTC;2;965,7;965,7;964,8;1134,4;30,1;;37,7;30,1;;;;;;;;;
2024/01/07;1900 UTC;1,8;964,7;965,7;964,3;888,6;28,6;;30,8;27,4;;;;;;;;;
2024/01/07;2000 UTC;0;964,2;965,1;964,2;1709;33,9;;33,9;28;;;;;;;;;
2024/01/07;2100 UTC;0;963,7;964,2;963,7;1257,4;34,8;;35,3;33,7;;;;;;;;;
2024/01/07;2200 UTC;0;964,1;964,1;963,7;531,1;33,6;;35,5;33,6;;;;;;;;;
2024/01/07;2300 UTC;0;965;965;964,1;9;30,4;;33,6;30,4;;;;;;;;;
2024/01/08;0000 UTC;0;965,9;965,9;965;;28,2;;30,4;28;;;;;;;;;
2024/01/08;0100 UTC;0;966,4;966,4;965,9;;27,3;;29,1;27,2;;;;;;;;;
2024/01/08;0200 UTC;0;966,6;966,6;966,3;;26,4;;27,6;25,9;;;;;;;;;
2024/01/08;0300 UTC;0;966,5;966,7;966,4;;27,2;;27,3;25,9;;;;;;;;;
2024/01/08;0400 UTC;0;965,9;966,5;965,8;;26,4;;27,3;26,4;;;;;;;;;
2024/01/08;0500 UTC;0;965,9;966,3;965,9;;25,5;;26,4;25,5;;;;;;;;;
2024/01/08;0600 UTC;0;965,1;965,9;965;;25,4;;25,6;25;;;;;;;;;
2024/01/08;0700 UTC;0;964,6;965,1;964,6;;24,4;;25,6;24,4;;;;;;;;;
2024/01/08;0800 UTC;0;965;965;964,6;;23,8;;24,4;23,7;;;;;;;;;
2024/01/08;0900 UTC;0;965,8;965,8;965;;23,8;;24,3;23,7;;;;;;;;;
2024/01/08;1000 UTC;0;966,6;966,6;965,8;213,7;25,4;;25,4;23,7;;;;;;;;;
2024/01/08;1100 UTC;0;967,1;967,1;966,6;973,9;28,7;;28,7;25,4;;;;;;;;;
2024/01/08;1200 UTC;0;967,6;967,6;967,1;1607,1;29,8;;29,9;28,6;;;;;;;;;
2024/01/08;1300 UTC;0;967,8;967,8;967,6;2348,6;32,4;;32,4;29,8;;;;;;;;;
2024/01/08;1400 UTC;0;967,7;967,8;967,7;3254,7;34,8;;34,8;32,3;;;;;;;;;
2024/01/08;1500 UTC;0;967,2;967,8;967,2;3599;36,2;;36,2;34,2;;;;;;;;;
2024/01/08;1600 UTC;0;966,5;967,2;966,5;3238,3;36,7;;37,8;34,9;;;;;;;;;
2024/01/08;1700 UTC;0;965,5;966,5;965,5;3349,6;37;;37,8;35,7;;;;;;;;;
2024/01/08;1800 UTC;0;964,5;965,5;964,5;1040,4;35;;37,4;35;;;;;;;;;
2024/01/08;1900 UTC;0;963,9;964,6;963,9;525,3;33,5;;35;31,7;;;;;;;;;
2024/01/08;2000 UTC;0;963,2;963,9;963,1;1875,2;37,1;;37,6;32,8;;;;;;;;;
2024/01/08;2100 UTC;0;963,2;963,2;963;1216,4;36,6;;37,6;36,1;;;;;;;;;
2024/01/08;2200 UTC;0;963,8;964;963,2;543,2;34,2;;36,8;34,2;;;;;;;;;
2024/01/08;2300 UTC;0;964,9;964,9;963,8;11,2;31,8;;34,2;31,8;;;;;;;;;
2024/01/09;0000 UTC;0;966,1;966,1;964,9;;30,8;;31,8;30,8;;;;;;;;;
2024/01/09;0100 UTC;0;966,7;966,7;966,1;;29,3;;30,8;29,2;;;;;;;;;
2024/01/09;0200 UTC;0;967,8;967,8;966,7;;28,5;;30,1;28,3;;;;;;;;;
2024/01/09;0300 UTC;0;967,6;968;967,5;;26,3;;28,5;26,3;;;;;;;;;
2024/01/09;0400 UTC;0;966,6;967,8;966,6;;26;;26,3;24,7;;;;;;;;;
2024/01/09;0500 UTC;0;966,6;967,4;966,5;;24,7;;26,8;24,7;;;;;;;;;
2024/01/09;0600 UTC;,2;966,6;966,8;966,4;;24,4;;24,7;23,8;;;;;;;;;
2024/01/09;0700 UTC;0;966,7;966,8;966,5;;23,5;;24,6;23,3;;;;;;;;;
2024/01/09;0800 UTC;0;967,2;967,2;966,6;;22,6;;23,5;22,6;;;;;;;;;
2024/01/09;0900 UTC;0;968;968;967,2;;22,7;;22,7;22,6;;;;;;;;;
2024/01/09;1000 UTC;0;968,6;968,7;968;212,3;24,6;;24,6;22,5;;;;;;;;;
2024/01/09;1100 UTC;0;969,2;969,2;968,6;945;27,4;;27,4;24,5;;;;;;;;;
2024/01/09;1200 UTC;0;969,7;969,7;969,2;1520,1;29,7;;29,9;27,3;;;;;;;;;
2024/01/09;1300 UTC;0;969,6;969,7;969,5;2415,1;32;;32;29,7;;;;;;;;;
2024/01/09;1400 UTC;0;969,4;969,7;969,4;3218,3;33,1;;34;31,7;;;;;;;;;
2024/01/09;1500 UTC;0;968,5;969,4;968,5;3425,4;34,5;;35,2;33,1;;;;;;;;;
2024/01/09;1600 UTC;0;967,8;968,5;967,7;2889,7;34,8;;36,1;33,8;;;;;;;;;
2024/01/09;1700 UTC;0;966,8;967,8;966,8;2101,2;35,8;;36,5;34,2;;;;;;;;;
2024/01/09;1800 UTC;0;965,6;966,8;965,6;2700;35,5;;37,6;35,4;;;;;;;;;
2024/01/09;1900 UTC;0;964,6;965,6;964,5;1859,3;36,7;;37,3;35;;;;;;;;;
2024/01/09;2000 UTC;0;964;964,6;964;1744,1;36,7;;37;35,5;;;;;;;;;
2024/01/09;2100 UTC;0;963,8;964,1;963,5;523,7;34,7;;36,7;34,7;;;;;;;;;
2024/01/09;2200 UTC;0;964,5;964,5;963,7;346,2;33,8;;34,7;33,8;;;;;;;;;
2024/01/09;2300 UTC;0;965,6;965,6;964,5;24,9;30,8;;33,8;30,8;;;;;;;;;
2024/01/10;0000 UTC;0;966;966,1;965,6;;29,3;;31,3;29,3;;;;;;;;;
2024/01/10;0100 UTC;0;966,5;966,5;966;;29,2;;29,4;28,5;;;;;;;;;
2024/01/10;0200 UTC;0;967,9;967,9;966,5;;29;;29,4;28,1;;;;;;;;;
2024/01/10;0300 UTC;0;968,1;968,1;967,9;;27,8;;29;27,1;;;;;;;;;
2024/01/10;0400 UTC;0;967,6;968,2;967,6;;27,9;;28,6;27,6;;;;;;;;;
2024/01/10;0500 UTC;0;968;968,3;967,5;;26;;28,7;26;;;;;;;;;
2024/01/10;0600 UTC;0;968,2;968,5;968;;23,2;;26;23,2;;;;;;;;;
2024/01/10;0700 UTC;1,8;968,9;968,9;968;;22,1;;23,2;22,1;;;;;;;;;
2024/01/10;0800 UTC;2,8;970;970;968,9;;21,6;;22,1;21,6;;;;;;;;;
2024/01/10;0900 UTC;4,4;968,4;970;968,4;;21,8;;21,8;21,4;;;;;;;;;
2024/01/10;1000 UTC;1,4;966,4;968,4;966,4;10,3;21,9;;21,9;21,6;;;;;;;;;
2024/01/10;1100 UTC;0;967,1;967,1;965,5;187,8;22,3;;22,3;21,6;;;;;;;;;
2024/01/10;1200 UTC;0;967,3;967,7;967,1;653,8;23,9;;23,9;22,3;;;;;;;;;
2024/01/10;1300 UTC;0;967,6;967,6;967,3;2236,2;27;;27;23,9;;;;;;;;;
2024/01/10;1400 UTC;0;967,7;967,8;967,5;3264,8;28,9;;29,4;26,7;;;;;;;;;
2024/01/10;1500 UTC;0;967,7;967,8;967,6;3590,3;30,9;;31;28,8;;;;;;;;;
2024/01/10;1600 UTC;0;967,5;967,7;967,5;3920,6;31,9;;32,3;30,6;;;;;;;;;
2024/01/10;1700 UTC;0;966,7;967,5;966,7;2902,2;32,9;;33;31,5;;;;;;;;;
2024/01/10;1800 UTC;0;965,6;966,7;965,6;3481,9;33,8;;34;32,2;;;;;;;;;
2024/01/10;1900 UTC;0;965,2;965,6;964,8;1701,5;29,1;;33,8;29,1;;;;;;;;;
2024/01/10;2000 UTC;0;964,9;965,3;964,9;838,7;28,2;;29,1;25;;;;;;;;;
2024/01/10;2100 UTC;0;964,3;964,9;964,3;1377,8;30,9;;31,4;28,2;;;;;;;;;
2024/01/10;2200 UTC;0;964,8;964,8;964,3;499,6;30,2;;31,2;30,2;;;;;;;;;
2024/01/10;2300 UTC;0;965,7;965,7;964,7;22,2;27,3;;30,2;27,3;;;;;;;;;
2024/01/11;0000 UTC;0;966,8;966,8;965,7;;26,7;;27,3;26,7;;;;;;;;;
2024/01/11;0100 UTC;0;967,2;967,2;966,8;;25,8;;26,7;25,8;;;;;;;;;
2024/01/11;0200 UTC;0;968,2;968,2;967,2;;25,4;;25,8;25,4;;;;;;;;;
2024/01/11;0300 UTC;0;968,3;968,5;968,2;;24,9;;25,4;24,9;;;;;;;;;
2024/01/11;0400 UTC;0;967,7;968,3;967,7;;24,8;;24,9;24,8;;;;;;;;;
2024/01/11;0500 UTC;0;967,1;967,8;967,1;;24,2;;24,8;24,2;;;;;;;;;
2024/01/11;0600 UTC;0;966,6;967,1;966,5;;24;;24,2;23,9;;;;;;;;;
2024/01/11;0700 UTC;0;966,7;966,7;966,5;;23,8;;24;23,8;;;;;;;;;
2024/01/11;0800 UTC;0;966,8;966,8;966,6;;23,9;;23,9;23,8;;;;;;;;;
2024/01/11;0900 UTC;0;966,5;966,8;966,5;;23,9;;24;23,9;;;;;;;;;
2024/01/11;1000 UTC;0;966,8;966,8;966,3;147,6;24,3;;24,3;23,8;;;;;;;;;
2024/01/11;1100 UTC;0;967,7;967,7;966,8;938,4;26;;26;24,3;;;;;;;;;
2024/01/11;1200 UTC;0;968,4;968,4;967,7;1553,9;27,4;;27,8;26;;;;;;;;;
2024/01/11;1300 UTC;0;969,1;969,1;968,4;2003,3;29,4;;29,5;27,4;;;;;;;;;
2024/01/11;1400 UTC;0;969,3;969,3;969,1;1967;29,6;;30,3;29,2;;;;;;;;;
2024/01/11;1500 UTC;0;968,7;969,3;968,7;1775,8;30,8;;30,9;29;;;;;;;;;
2024/01/11;1600 UTC;0;967,2;968,7;967,2;3222,8;31,2;;32,7;30,6;;;;;;;;;
2024/01/11;1700 UTC;0;966,2;967,2;966,2;3304,2;32,2;;33,1;31;;;;;;;;;
2024/01/11;1800 UTC;0;965,5;966,2;965,5;1588,2;32,4;;33,3;31,3;;;;;;;;;
2024/01/11;1900 UTC;0;964,7;965,5;964,7;1446,3;33,8;;34,2;32,2;;;;;;;;;
2024/01/11;2000 UTC;0;964,4;964,7;964,1;1087,7;30,5;;34,2;30,5;;;;;;;;;
2024/01/11;2100 UTC;0;965,1;965,1;964,4;596;29,4;;30,5;29,2;;;;;;;;;
2024/01/11;2200 UTC;0;965,4;965,5;965,1;191,9;28,8;;29,5;28,8;;;;;;;;;
2024/01/11;2300 UTC;0;966,1;966,1;965,4;16,4;27,6;;28,8;27,1;;;;;;;;;
2024/01/12;0000 UTC;0;967;967;966,1;;26,2;;27,6;26;;;;;;;;;
2024/01/12;0100 UTC;0;967,3;967,3;966,9;;25,3;;26,2;25,3;;;;;;;;;
2024/01/12;0200 UTC;0;967,3;967,6;967,3;;24,6;;25,3;24,6;;;;;;;;;
2024/01/12;0300 UTC;0;966,7;967,3;966,7;;24,4;;24,7;24,4;;;;;;;;;
2024/01/12;0400 UTC;0;965,7;966,7;965,7;;24,4;;24,5;24,2;;;;;;;;;
2024/01/12;0500 UTC;0;965,5;965,7;965,5;;24,2;;24,5;24,2;;;;;;;;;
2024/01/12;0600 UTC;0;965,6;965,6;965,2;;24;;24,3;24;;;;;;;;;
2024/01/12;0700 UTC;0;965,3;965,6;965,2;;23,8;;24;23,8;;;;;;;;;
2024/01/12;0800 UTC;0;965,5;965,5;965,2;;23,3;;23,8;23,2;;;;;;;;;
2024/01/12;0900 UTC;0;966;966;965,4;;23,6;;23,6;23,3;;;;;;;;;
2024/01/12;1000 UTC;0;966,9;966,9;966;85,5;23,8;;23,8;23,4;;;;;;;;;
2024/01/12;1100 UTC;0;967,1;967,2;966,9;526,9;25;;25,3;23,8;;;;;;;;;
2024/01/12;1200 UTC;0;967,3;967,3;967,1;944,3;27,2;;27,2;25;;;;;;;;;
2024/01/12;1300 UTC;0;967,3;967,3;967,1;1818,8;28,4;;28,4;26,2;;;;;;;;;
2024/01/12;1400 UTC;0;967,7;967,7;967,3;2414,6;29,5;;30,6;28,2;;;;;;;;;
2024/01/12;1500 UTC;0;967,2;967,7;967,2;2834,4;30,7;;31,6;29,1;;;;;;;;;
2024/01/12;1600 UTC;0;966,3;967,2;966,3;3480,1;31,9;;32,9;30,6;;;;;;;;;
2024/01/12;1700 UTC;0;965,7;966,3;965,6;3485;33,3;;33,6;31,9;;;;;;;;;
2024/01/12;1800 UTC;0;964,7;965,7;964,7;2531,1;33,6;;33,9;31,8;;;;;;;;;
2024/01/12;1900 UTC;0;963,4;964,7;963,4;2810,1;34,5;;34,5;33,1;;;;;;;;;
2024/01/12;2000 UTC;0;963,5;963,5;963,1;1532,5;32,6;;35,2;32,5;;;;;;;;;
2024/01/12;2100 UTC;0;964;964;963,6;370,1;30,3;;32,6;30,3;;;;;;;;;
2024/01/12;2200 UTC;0;965,1;965,1;964;134,4;29,6;;30,5;29,6;;;;;;;;;
2024/01/12;2300 UTC;0;965,8;965,8;965,1;9,8;28,3;;29,6;28,3;;;;;;;;;
2024/01/13;0000 UTC;0;967,4;967,4;965,8;;25,4;;28,3;25,4;;;;;;;;;
2024/01/13;0100 UTC;11;967,9;968,1;967,4;,1;23,4;;25,4;23,1;;;;;;;;;
2024/01/13;0200 UTC;2,4;968,4;968,5;967,8;;23,6;;23,7;23,4;;;;;;;;;
2024/01/13;0300 UTC;2,2;967,6;968,4;967,6;;23,3;;23,6;23,3;;;;;;;;;
2024/01/13;0400 UTC;1;966,8;967,6;966,8;;23,5;;23,5;23,1;;;;;;;;;
2024/01/13;0500 UTC;0;967,1;967,2;966,7;;23,2;;23,6;23,2;;;;;;;;;
2024/01/13;0600 UTC;0;966,9;967,2;966,9;1,2;23,3;;23,3;23,2;;;;;;;;;
2024/01/13;0700 UTC;,4;967,2;967,2;966,8;;23,1;;23,3;23,1;;;;;;;;;
2024/01/13;0800 UTC;4,4;967,3;967,4;967,2;;22,7;;23,1;22,6;;;;;;;;;
2024/01/13;0900 UTC;3,6;968,2;968,2;967;;22,9;;22,9;22,5;;;;;;;;;
2024/01/13;1000 UTC;5,2;968,6;968,7;968,2;5,6;22,4;;22,9;22,4;;;;;;;;;
2024/01/13;1100 UTC;2,2;969,2;969,2;968,6;98;22,4;;22,5;22,4;;;;;;;;;
2024/01/13;1200 UTC;0;969,8;969,8;969,2;328,2;22,9;;22,9;22,4;;;;;;;;;
2024/01/13;1300 UTC;,2;970,1;970,1;969,8;831,7;23,9;;24;22,9;;;;;;;;;
2024/01/13;1400 UTC;0;970,1;970,3;970,1;1318,3;25,4;;25,4;23,8;;;;;;;;;
2024/01/13;1500 UTC;0;969,6;970,1;969,6;2021;26,5;;26,6;25,2;;;;;;;;;
2024/01/13;1600 UTC;0;969,2;969,6;969,2;2215,2;27,5;;27,8;26,5;;;;;;;;;
2024/01/13;1700 UTC;0;968,6;969,2;968,6;2383,5;28,3;;28,5;27,5;;;;;;;;;
2024/01/13;1800 UTC;0;967,6;968,6;967,6;2529,4;28,5;;28,9;28,2;;;;;;;;;
2024/01/13;1900 UTC;0;966,8;967,6;966,8;2151,4;29,5;;29,7;28,5;;;;;;;;;
2024/01/13;2000 UTC;0;966,6;966,8;966,6;1843,9;29,7;;30,2;29,2;;;;;;;;;
2024/01/13;2100 UTC;0;966,5;966,6;966,4;905,5;28,9;;30,8;28,9;;;;;;;;;
2024/01/13;2200 UTC;0;967;967;966,4;244,9;28,3;;29;28,3;;;;;;;;;
2024/01/13;2300 UTC;0;967,5;967,5;967;29;27,5;;28,3;27,5;;;;;;;;;
2024/01/14;0000 UTC;0;968,1;968,1;967,5;;26,7;;27,5;26,7;;;;;;;;;
2024/01/14;0100 UTC;0;969;969;968,1;;25,8;;26,7;25,8;;;;;;;;;
2024/01/14;0200 UTC;0;969,9;969,9;969;;25,7;;25,9;25,7;;;;;;;;;
2024/01/14;0300 UTC;0;970;970;969,9;;25,9;;26;25,7;;;;;;;;;
2024/01/14;0400 UTC;0;969,4;970;969,4;;25,5;;25,9;25,5;;;;;;;;;
2024/01/14;0500 UTC;0;969,3;969,4;969,1;;25,4;;25,7;25,4;;;;;;;;;
2024/01/14;0600 UTC;0;969,1;969,3;969;;25;;25,4;25;;;;;;;;;
2024/01/14;0700 UTC;0;969,1;969,1;968,9;;24,7;;25,1;24,7;;;;;;;;;
2024/01/14;0800 UTC;0;969,3;969,3;969,1;;24,4;;24,7;24,4;;;;;;;;;
2024/01/14;0900 UTC;0;970,2;970,2;969,3;;23,9;;24,4;23,9;;;;;;;;;
2024/01/14;1000 UTC;0;970,7;970,8;970,2;104,8;23,8;;23,9;23,7;;;;;;;;;
2024/01/14;1100 UTC;0;971,1;971,1;970,7;695,6;25;;25,2;23,8;;;;;;;;;
2024/01/14;1200 UTC;0;971,5;971,5;971;1123,5;25,8;;25,9;25;;;;;;;;;
2024/01/14;1300 UTC;0;971,4;971,6;971,3;1551,1;27,3;;27,4;25,8;;;;;;;;;
2024/01/14;1400 UTC;0;971,4;971,5;971,3;2410,6;29,3;;29,3;27,3;;;;;;;;;
2024/01/14;1500 UTC;0;970,9;971,4;970,9;3123,6;30,7;;31,3;29,2;;;;;;;;;
2024/01/14;1600 UTC;0;970,2;971;970,2;2776,3;31,8;;31,8;30,7;;;;;;;;;
2024/01/14;1700 UTC;0;968,7;970,2;968,7;3428,1;33,1;;33,5;31,2;;;;;;;;;
2024/01/14;1800 UTC;0;967,9;968,7;967,9;2145,7;33,8;;34,1;31,8;;;;;;;;;
2024/01/14;1900 UTC;0;967,1;967,9;967,1;1890,7;33,9;;34,3;33;;;;;;;;;
2024/01/14;2000 UTC;0;968;968;967,1;667,4;28,4;;33,9;28,4;;;;;;;;;
2024/01/14;2100 UTC;0;967,5;968,1;967,4;310,2;25,8;;28,4;25,8;;;;;;;;;
2024/01/14;2200 UTC;0;966,8;967,5;966,6;98,1;25,7;;25,8;25,6;;;;;;;;;
2024/01/14;2300 UTC;0;968;968;966,8;10,1;25,4;;25,9;25,2;;;;;;;;;
2024/01/15;0000 UTC;0;968,9;968,9;968;;25,3;;25,4;25,1;;;;;;;;;
2024/01/15;0100 UTC;0;969,8;969,8;968,8;;25,3;;25,3;25,2;;;;;;;;;
2024/01/15;0200 UTC;0;970,7;970,9;969,8;;25,5;;25,8;25,3;;;;;;;;;
2024/01/15;0300 UTC;0;970,4;970,8;970,3;;25,8;;25,8;25,2;;;;;;;;;
2024/01/15;0400 UTC;0;970,4;970,6;970,3;;25,1;;25,8;25,1;;;;;;;;;
2024/01/15;0500 UTC;0;970,2;970,4;970;;24,4;;25,1;24,4;;;;;;;;;
2024/01/15;0600 UTC;0;970,5;970,6;970,2;;24,1;;24,5;24,1;;;;;;;;;
2024/01/15;0700 UTC;0;970,4;970,5;970,1;;23,9;;24,1;23,9;;;;;;;;;
2024/01/15;0800 UTC;0;970,6;970,7;970,4;;23,9;;23,9;23,8;;;;;;;;;
2024/01/15;0900 UTC;0;970,9;970,9;970,5;;23,5;;23,9;23,5;;;;;;;;;
2024/01/15;1000 UTC;0;971;971,1;970,8;100,2;23,6;;23,6;23,4;;;;;;;;;
2024/01/15;1100 UTC;0;971,8;971,8;971;751,9;25;;25;23,6;;;;;;;;;
2024/01/15;1200 UTC;0;972,2;972,2;971,8;1111,5;25,3;;25,7;24,8;;;;;;;;;
2024/01/15;1300 UTC;0;972;972,2;971,9;1485;26,4;;26,6;25,3;;;;;;;;;
2024/01/15;1400 UTC;0;972,6;972,6;972;1227,8;26,4;;26,8;26,1;;;;;;;;;
2024/01/15;1500 UTC;0;972,4;972,8;972,3;1640,9;27,6;;27,6;26,4;;;;;;;;;
2024/01/15;1600 UTC;0;971,3;972,4;971,3;3390,1;29,8;;30,2;27;;;;;;;;;
2024/01/15;1700 UTC;0;969,9;971,3;969,9;3150,4;30,2;;31,4;29;;;;;;;;;
2024/01/15;1800 UTC;0;969;969,9;969;2301,3;30,4;;31,3;29,7;;;;;;;;;
2024/01/15;1900 UTC;0;968,6;969;968,5;1855;30,9;;31,8;30,3;;;;;;;;;
2024/01/15;2000 UTC;0;968,2;968,6;968,1;1851,4;30,8;;32;30,7;;;;;;;;;
2024/01/15;2100 UTC;0;968,3;968,4;968,2;658,6;30;;30,8;29,8;;;;;;;;;
2024/01/15;2200 UTC;0;968,7;968,7;968,3;325,7;28,7;;30;28,7;;;;;;;;;
2024/01/15;2300 UTC;0;969,3;969,3;968,6;15,2;27,1;;28,7;27,1;;;;;;;;;
2024/01/16;0000 UTC;0;969,8;969,9;969,3;;26,7;;27,1;26,4;;;;;;;;;
2024/01/16;0100 UTC;0;969,8;969,8;969,7;;25,4;;26,7;25,4;;;;;;;;;
2024/01/16;0200 UTC;0;970,3;970,3;969,8;;24,9;;25,9;24,9;;;;;;;;;
2024/01/16;0300 UTC;0;970,1;970,5;970,1;;24,9;;25,2;24,9;;;;;;;;;
2024/01/16;0400 UTC;0;969,3;970,1;969,3;;24,8;;25,1;24,6;;;;;;;;;
2024/01/16;0500 UTC;0;968,7;969,3;968,7;;24,5;;24,8;24,4;;;;;;;;;
2024/01/16;0600 UTC;0;968,8;968,8;968,5;;23,2;;24,5;23,2;;;;;;;;;
2024/01/16;0700 UTC;0;968,9;968,9;968,8;;23,4;;23,4;23;;;;;;;;;
2024/01/16;0800 UTC;0;969,1;969,2;968,9;;23,2;;23,5;23,2;;;;;;;;;
2024/01/16;0900 UTC;0;969,4;969,4;969,1;;23;;23,2;23;;;;;;;;;
2024/01/16;1000 UTC;0;969,9;969,9;969,4;107,4;24,2;;24,2;23;;;;;;;;;
2024/01/16;1100 UTC;0;970,5;970,5;969,8;685,7;25,3;;25,5;24,2;;;;;;;;;
2024/01/16;1200 UTC;0;970,8;970,8;970,4;1406,8;26,6;;26,8;25,3;;;;;;;;;
2024/01/16;1300 UTC;0;970,5;970,8;970,5;2577,7;29,3;;29,5;26,6;;;;;;;;;
2024/01/16;1400 UTC;0;970;970,5;970;3137,9;31,8;;31,9;29,2;;;;;;;;;
2024/01/16;1500 UTC;0;969,4;970;969,4;3589,7;31,8;;33;31,2;;;;;;;;;
2024/01/16;1600 UTC;0;968,7;969,4;968,7;3461,1;34;;34;31,8;;;;;;;;;
2024/01/16;1700 UTC;0;967,5;968,7;967,5;3474,9;34,2;;34,8;33;;;;;;;;;
2024/01/16;1800 UTC;0;966,8;967,5;966,8;3446,2;34,6;;35,4;33,5;;;;;;;;;
2024/01/16;1900 UTC;0;966,2;966,9;966,1;3151,9;34,6;;35,3;34,2;;;;;;;;;
2024/01/16;2000 UTC;0;966,1;966,2;965,9;2237,3;34,1;;35,1;33,7;;;;;;;;;
2024/01/16;2100 UTC;0;966,6;966,6;966,1;1441,9;33,8;;34,3;33,6;;;;;;;;;
2024/01/16;2200 UTC;0;966,9;966,9;966,6;366,2;32,1;;33,8;32,1;;;;;;;;;
2024/01/16;2300 UTC;0;967,1;967,2;966,7;17,4;29,5;;32,1;29,5;;;;;;;;;
2024/01/17;0000 UTC;0;967,6;967,6;967,1;;27,9;;29,5;27,9;;;;;;;;;
2024/01/17;0100 UTC;0;967,8;967,8;967,5;;28,1;;28,3;27,7;;;;;;;;;
2024/01/17;0200 UTC;0;968,6;968,6;967,8;;27,6;;28,3;27,5;;;;;;;;;
2024/01/17;0300 UTC;0;969;969;968,6;;27,3;;27,8;27,3;;;;;;;;;
2024/01/17;0400 UTC;0;969,5;969,5;969;;26,5;;27,3;26,2;;;;;;;;;
2024/01/17;0500 UTC;0;969,3;969,5;969,3;;25,9;;26,6;25,8;;;;;;;;;
2024/01/17;0600 UTC;0;969,2;969,4;969,1;;25;;26,1;25;;;;;;;;;
2024/01/17;0700 UTC;0;969;969,2;968,9;;25;;25,3;24,7;;;;;;;;;
2024/01/17;0800 UTC;0;968,9;969;968,7;;25;;25,1;24,5;;;;;;;;;
2024/01/17;0900 UTC;0;969;969,1;968,8;;24,5;;25,1;24,5;;;;;;;;;
2024/01/17;1000 UTC;0;969,8;969,8;969;112,3;26;;26;24,5;;;;;;;;;
2024/01/17;1100 UTC;0;970,7;970,7;969,8;565,8;27,7;;27,7;26;;;;;;;;;
2024/01/17;1200 UTC;0;972;972;970,7;998,1;28,7;;28,9;27,7;;;;;;;;;
2024/01/17;1300 UTC;0;972,4;972,5;972;2016,8;30,6;;31,1;28,6;;;;;;;;;
2024/01/17;1400 UTC;0;972,1;972,4;972,1;2975,1;32,5;;33,3;30,7;;;;;;;;;
2024/01/17;1500 UTC;0;971,5;972,1;971,5;2480,8;33,8;;33,8;32,2;;;;;;;;;
2024/01/17;1600 UTC;0;970,6;971,5;970,6;2857,5;33,7;;34,6;33,1;;;;;;;;;
2024/01/17;1700 UTC;0;969,7;970,6;969,7;3166,1;34,6;;35,6;33,7;;;;;;;;;
2024/01/17;1800 UTC;0;968,3;969,7;968,3;3016,6;34,9;;35,9;34,2;;;;;;;;;
2024/01/17;1900 UTC;0;967,8;968,3;967,7;2390,7;34,6;;35,5;33,8;;;;;;;;;
2024/01/17;2000 UTC;0;967,3;967,8;967,3;1978,7;34,2;;35,3;34,1;;;;;;;;;
2024/01/17;2100 UTC;0;967;967,3;967;1015,1;33,8;;34,2;33,2;;;;;;;;;
2024/01/17;2200 UTC;0;967,3;967,3;967;466,6;31,7;;33,9;31,7;;;;;;;;;
2024/01/17;2300 UTC;0;967,7;967,7;967,3;20,4;29,8;;31,7;29,8;;;;;;;;;
2024/01/18;0000 UTC;0;968,2;968,2;967,7;;28,1;;29,8;28,1;;;;;;;;;
2024/01/18;0100 UTC;0;968,5;968,6;968,2;;28,5;;29,5;27,6;;;;;;;;;
2024/01/18;0200 UTC;0;969;969;968,5;;27,1;;28,5;27,1;;;;;;;;;
2024/01/18;0300 UTC;0;968,7;969;968,7;;26,3;;27,1;26,2;;;;;;;;;
2024/01/18;0400 UTC;0;968,2;968,7;968,1;;25,9;;26,4;25,6;;;;;;;;;
2024/01/18;0500 UTC;0;967,8;968,2;967,8;;25,6;;26,1;25,6;;;;;;;;;
2024/01/18;0600 UTC;0;967,8;967,9;967,8;;25,4;;25,6;25,4;;;;;;;;;
2024/01/18;0700 UTC;0;968;968;967,8;;25,2;;25,4;25,1;;;;;;;;;
2024/01/18;0800 UTC;0;968,1;968,1;967,8;;25,2;;25,4;25,1;;;;;;;;;
2024/01/18;0900 UTC;0;968,6;968,6;968;;24,7;;25,2;24,7;;;;;;;;;
2024/01/18;1000 UTC;0;969,5;969,5;968,6;159,7;25,4;;25,4;24,6;;;;;;;;;
2024/01/18;1100 UTC;0;969,8;969,8;969,5;877,4;28,1;;28,2;25,4;;;;;;;;;
2024/01/18;1200 UTC;0;970,1;970,1;969,8;1379;30,5;;30,5;28,1;;;;;;;;;
2024/01/18;1300 UTC;0;969,9;970,2;969,9;2546,1;31,7;;31,9;30,2;;;;;;;;;
2024/01/18;1400 UTC;0;969,7;969,9;969,6;3154,4;33,8;;33,9;31,7;;;;;;;;;
2024/01/18;1500 UTC;0;969;969,7;969;3510,5;35,3;;35,7;33,5;;;;;;;;;
2024/01/18;1600 UTC;0;968,1;969;968,1;3199,5;35,6;;36,8;34,7;;;;;;;;;
2024/01/18;1700 UTC;0;967,7;968,1;967,4;1653,9;32,1;;37;31,2;;;;;;;;;
2024/01/18;1800 UTC;0;966,5;967,9;966,5;1309,3;34;;34,1;29,9;;;;;;;;;
2024/01/18;1900 UTC;0;965,6;966,5;965,5;791,3;34,4;;34,7;33,9;;;;;;;;;
2024/01/18;2000 UTC;0;965,9;966;965,5;412,2;30,4;;34,9;30,4;;;;;;;;;
2024/01/18;2100 UTC;0;966;966,1;965,6;412;30,2;;30,4;29,6;;;;;;;;;
2024/01/18;2200 UTC;0;966,3;966,3;966;260,1;29,5;;30,7;29,5;;;;;;;;;
2024/01/18;2300 UTC;0;966,7;966,8;966,3;14,5;28,6;;29,5;28,6;;;;;;;;;
2024/01/19;0000 UTC;0;966,8;966,9;966,7;;28,1;;28,7;27,7;;;;;;;;;
2024/01/19;0100 UTC;0;967,4;967,4;966,8;;27,7;;28,2;27,6;;;;;;;;;
2024/01/19;0200 UTC;0;968,6;968,7;967,4;;27,6;;28;27;;;;;;;;;
2024/01/19;0300 UTC;0;968,6;968,9;968,5;;26,4;;27,6;26,3;;;;;;;;;
2024/01/19;0400 UTC;0;967,9;968,6;967,8;;25,7;;26,7;25,7;;;;;;;;;
2024/01/19;0500 UTC;0;967,9;968;967,7;;26;;26,1;25,7;;;;;;;;;
2024/01/19;0600 UTC;0;967,5;967,9;967,5;;25,3;;26;25,2;;;;;;;;;
2024/01/19;0700 UTC;0;967,6;967,6;967,3;;24,8;;25,4;24,5;;;;;;;;;
2024/01/19;0800 UTC;0;967,7;967,8;967,6;;24,9;;25,5;24,5;;;;;;;;;
2024/01/19;0900 UTC;0;967,8;967,8;967,6;;24,8;;25,1;24,8;;;;;;;;;
2024/01/19;1000 UTC;0;968,5;968,6;967,8;54,7;24,8;;25;24,3;;;;;;;;;
2024/01/19;1100 UTC;0;969,5;969,5;968,5;290,4;26,7;;26,7;24,8;;;;;;;;;
2024/01/19;1200 UTC;0;969,9;969,9;969,5;883,1;29;;29;26,7;;;;;;;;;
2024/01/19;1300 UTC;0;969,7;969,9;969,7;2032,8;32,1;;32,2;29;;;;;;;;;
2024/01/19;1400 UTC;0;969,3;969,7;969,3;2077,6;33,2;;33,2;31,9;;;;;;;;;
2024/01/19;1500 UTC;0;968,9;969,3;968,9;2426,9;33,9;;34,4;33,1;;;;;;;;;
2024/01/19;1600 UTC;0;968,1;968,9;968;3495,6;35,2;;36,5;33,9;;;;;;;;;
2024/01/19;1700 UTC;0;967,1;968,1;967;3773,1;30,4;;37;30,1;;;;;;;;;
2024/01/19;1800 UTC;0;966,5;967,6;966,5;1057,4;28,1;;31,7;28;;;;;;;;;
2024/01/19;1900 UTC;0;966;966,5;966;1838,7;32,7;;32,8;28,1;;;;;;;;;
2024/01/19;2000 UTC;0;965,4;966,2;965,4;1512,7;30,9;;33,5;30,6;;;;;;;;;
2024/01/19;2100 UTC;0;966,8;966,8;965,3;880;29,6;;31,2;29,6;;;;;;;;;
2024/01/19;2200 UTC;0;967,8;968,2;966,8;229,7;26,4;;29,6;26,4;;;;;;;;;
2024/01/19;2300 UTC;0;968,7;968,7;967,5;6,3;25,8;;26,4;25,8;;;;;;;;;
2024/01/20;0000 UTC;0;969,4;969,4;968,6;;24,9;;25,9;24,9;;;;;;;;;
2024/01/20;0100 UTC;0;969,5;969,7;969,4;;24,1;;24,9;24,1;;;;;;;;;
2024/01/20;0200 UTC;0;968,8;969,5;968,8;;23,5;;24,1;23,5;;;;;;;;;
2024/01/20;0300 UTC;0;968,2;968,9;968,1;;23,3;;23,5;23,3;;;;;;;;;
2024/01/20;0400 UTC;0;967,6;968,2;967,5;;23,7;;23,7;23,3;;;;;;;;;
2024/01/20;0500 UTC;0;967,3;967,6;967,3;;24,1;;24,1;23,6;;;;;;;;;
2024/01/20;0600 UTC;0;966,5;967,3;966,5;;24;;24,4;24;;;;;;;;;
2024/01/20;0700 UTC;0;967,2;967,2;966,5;;23,4;;24,1;23,4;;;;;;;;;
2024/01/20;0800 UTC;0;967;967,2;967;;23,2;;23,4;23,2;;;;;;;;;
2024/01/20;0900 UTC;0;967,6;967,6;967;;23,5;;23,5;23,2;;;;;;;;;
2024/01/20;1000 UTC;0;967,9;967,9;967,6;42,2;23,8;;23,8;23,4;;;;;;;;;
2024/01/20;1100 UTC;0;968,3;968,3;967,9;290,4;24,9;;24,9;23,8;;;;;;;;;
2024/01/20;1200 UTC;0;968,3;968,5;968,3;589,9;24,9;;25,3;24,6;;;;;;;;;
2024/01/20;1300 UTC;0;968,2;968,3;968,1;1571,7;26,9;;27,2;24,8;;;;;;;;;
2024/01/20;1400 UTC;0;968,4;968,4;968,2;1149,2;26,9;;27;26,5;;;;;;;;;
2024/01/20;1500 UTC;0;968,8;968,8;968,1;1553;27,1;;28,5;26,8;;;;;;;;;
2024/01/20;1600 UTC;0;968,3;968,9;968,2;2616,9;28,2;;28,8;27;;;;;;;;;
2024/01/20;1700 UTC;0;967,5;968,3;967,5;959,5;27,3;;28,8;27,3;;;;;;;;;
2024/01/20;1800 UTC;0;966,9;967,5;966,6;1276,2;28,9;;29,4;27,3;;;;;;;;;
2024/01/20;1900 UTC;0;966,6;966,9;966,6;1080;28,2;;28,9;27,9;;;;;;;;;
2024/01/20;2000 UTC;0;965,8;966,6;965,8;682,5;27,4;;28,4;27,4;;;;;;;;;
2024/01/20;2100 UTC;0;966,3;966,3;965,6;384,8;25,5;;27,4;25,5;;;;;;;;;
2024/01/20;2200 UTC;0;966,4;966,7;966,3;161,5;25,7;;25,9;25,5;;;;;;;;;
2024/01/20;2300 UTC;0;967,4;967,4;966,4;7,8;24,9;;25,7;24,9;;;;;;;;;
2024/01/21;0000 UTC;0;968,7;968,7;967,4;;24,6;;24,9;24,5;;;;;;;;;
2024/01/21;0100 UTC;0;968,1;968,8;968;;24,1;;24,7;24,1;;;;;;;;;
2024/01/21;0200 UTC;0;968,3;968,7;968,1;;23,2;;24,1;23,2;;;;;;;;;
2024/01/21;0300 UTC;,2;968,5;968,5;968,2;;22,7;;23,3;22,7;;;;;;;;;
2024/01/21;0400 UTC;,2;967,6;968,5;967,6;;22,4;;22,9;22,4;;;;;;;;;
2024/01/21;0500 UTC;0;967,1;967,6;967,1;;22,3;;22,6;22,3;;;;;;;;;
2024/01/21;0600 UTC;0;967,2;967,3;967;;22,3;;22,4;22,3;;;;;;;;;
2024/01/21;0700 UTC;0;967,4;967,7;967;;22,2;;22,4;22,2;;;;;;;;;
2024/01/21;0800 UTC;0;967,6;967,6;967,2;;22;;22,2;22;;;;;;;;;
2024/01/21;0900 UTC;0;968,2;968,2;967,5;;21,9;;22;21,7;;;;;;;;;
2024/01/21;1000 UTC;0;969;969;968,2;45,2;22,4;;22,4;21,7;;;;;;;;;
2024/01/21;1100 UTC;0;969,2;969,2;968,9;570;23,8;;23,9;22,4;;;;;;;;;
2024/01/21;1200 UTC;0;969,7;969,7;969,2;1303,1;25,7;;26;23,8;;;;;;;;;
2024/01/21;1300 UTC;0;969,7;969,8;969,7;2341,9;27,8;;27,8;25,5;;;;;;;;;
2024/01/21;1400 UTC;0;969,2;969,7;969,1;3128,1;29,9;;29,9;27,8;;;;;;;;;
2024/01/21;1500 UTC;0;968,9;969,2;968,9;3320;30,7;;30,8;29,2;;;;;;;;;
2024/01/21;1600 UTC;0;968,2;968,9;968,2;3651,9;31,6;;32,7;29,6;;;;;;;;;
2024/01/21;1700 UTC;0;967,7;968,2;967,7;3099,2;32,1;;33,3;31,4;;;;;;;;;
2024/01/21;1800 UTC;0;966,6;967,7;966,6;1995,2;32,6;;33,5;31,7;;;;;;;;;
2024/01/21;1900 UTC;0;965,9;966,6;965,9;1460,8;31,8;;33,7;31,8;;;;;;;;;
2024/01/21;2000 UTC;0;965,5;965,9;965,5;965,1;32,8;;32,9;31,7;;;;;;;;;
2024/01/21;2100 UTC;0;965,2;965,5;965,2;1021,7;31,4;;33,5;31,4;;;;;;;;;
2024/01/21;2200 UTC;0;966,2;966,2;965,1;177,4;27;;31,6;27;;;;;;;;;
2024/01/21;2300 UTC;0;967;967;966,1;10,1;26,3;;27;26,2;;;;;;;;;
2024/01/22;0000 UTC;0;967,8;968;967;;26,2;;26,6;26,1;;;;;;;;;
2024/01/22;0100 UTC;0;968,7;968,7;967,8;;25,2;;26,2;25,2;;;;;;;;;
2024/01/22;0200 UTC;0;969,6;969,6;968,7;;25,6;;25,7;25,2;;;;;;;;;
2024/01/22;0300 UTC;0;969,3;969,6;969,2;;25,3;;25,6;25,3;;;;;;;;;
2024/01/22;0400 UTC;0;968,5;969,3;968,4;;24,5;;25,3;24,4;;;;;;;;;
2024/01/22;0500 UTC;0;967,9;968,5;967,8;;23,9;;24,5;23,9;;;;;;;;;
2024/01/22;0600 UTC;0;968;968,1;967,9;;23,8;;24,1;23,8;;;;;;;;;
2024/01/22;0700 UTC;0;968,4;968,4;967,9;;24,6;;24,8;23,8;;;;;;;;;
2024/01/22;0800 UTC;0;968,2;968,4;968;;23,5;;24,7;23,5;;;;;;;;;
2024/01/22;0900 UTC;0;968,9;968,9;968,2;;23,1;;23,5;23,1;;;;;;;;;
2024/01/22;1000 UTC;0;969,5;969,6;968,9;182,9;23,4;;23,4;22,9;;;;;;;;;
2024/01/22;1100 UTC;0;970,1;970,1;969,4;909,7;24,8;;24,8;23,4;;;;;;;;;
2024/01/22;1200 UTC;0;969,9;970,2;969,9;1419,4;26,1;;26,5;24,8;;;;;;;;;
2024/01/22;1300 UTC;0;969,6;970;969,5;2217,7;27,2;;27,7;26,1;;;;;;;;;
2024/01/22;1400 UTC;0;969,2;969,6;969;2712;28,4;;28,9;27;;;;;;;;;
2024/01/22;1500 UTC;0;969,2;969,4;969,1;2477,1;29,3;;30;28,4;;;;;;;;;
2024/01/22;1600 UTC;0;969,2;969,2;969;1204,7;29;;29,7;28,9;;;;;;;;;
2024/01/22;1700 UTC;0;968,2;969,2;968,2;912,3;29,3;;29,8;29;;;;;;;;;
2024/01/22;1800 UTC;0;967,8;968,2;967,8;985,6;29,7;;29,9;29,2;;;;;;;;;
2024/01/22;1900 UTC;0;967,3;967,8;967,2;1123;30,1;;30,3;29,6;;;;;;;;;
2024/01/22;2000 UTC;0;966,8;967,3;966,6;655,2;29,3;;30,2;29,3;;;;;;;;;
2024/01/22;2100 UTC;,2;967,8;967,8;966,6;103,3;24;;29,3;24;;;;;;;;;
2024/01/22;2200 UTC;0;967,9;968,2;967,7;138,4;24;;24,3;23,9;;;;;;;;;
2024/01/22;2300 UTC;0;968,7;968,7;967,9;6,1;24;;24,2;24;;;;;;;;;
2024/01/23;0000 UTC;3;969,3;969,4;968,5;;23,6;;24,1;23,6;;;;;;;;;
2024/01/23;0100 UTC;2;968,6;969,3;968,6;;23,3;;23,6;23,3;;;;;;;;;
2024/01/23;0200 UTC;,2;968,5;968,8;968,5;;23,2;;23,3;23,2;;;;;;;;;
2024/01/23;0300 UTC;0;967,9;968,5;967,9;;23,1;;23,3;23,1;;;;;;;;;
2024/01/23;0400 UTC;0;966,9;967,9;966,8;;23,3;;23,3;23,1;;;;;;;;;
2024/01/23;0500 UTC;0;966,7;967,1;966,7;;23,2;;23,3;23,1;;;;;;;;;
2024/01/23;0600 UTC;0;966,8;967;966,6;;23,2;;23,3;23,2;;;;;;;;;
2024/01/23;0700 UTC;,2;967;967;966,4;;22,8;;23,2;22,8;;;;;;;;;
2024/01/23;0800 UTC;0;967,1;967,2;967;;23;;23;22,8;;;;;;;;;
2024/01/23;0900 UTC;0;967,6;967,6;967,1;,3;22,1;;23;22,1;;;;;;;;;
2024/01/23;1000 UTC;0;968;968;967,6;84,1;21,7;;22,1;21,6;;;;;;;;;
2024/01/23;1100 UTC;0;968,4;968,5;968;502,6;22,5;;22,5;21,7;;;;;;;;;
2024/01/23;1200 UTC;0;968,8;968,8;968,4;1303,5;23,6;;24;22,5;;;;;;;;;
2024/01/23;1300 UTC;0;968,9;968,9;968,7;912,5;24,1;;24,2;23,5;;;;;;;;;
2024/01/23;1400 UTC;0;968,9;969;968,8;1678,9;25,5;;25,6;24;;;;;;;;;
2024/01/23;1500 UTC;0;968,5;968,9;968,5;1611,7;26,5;;26,7;25,3;;;;;;;;;
2024/01/23;1600 UTC;0;968;968,5;968;2198,4;26,1;;27,5;26,1;;;;;;;;;
2024/01/23;1700 UTC;0;967,5;968;967,5;1885,5;27,1;;27,1;26;;;;;;;;;
2024/01/23;1800 UTC;0;966,8;967,5;966,8;1341,5;27,4;;27,6;26,4;;;;;;;;;
2024/01/23;1900 UTC;0;965,6;966,8;965,6;1367,5;27,6;;28;27,1;;;;;;;;;
2024/01/23;2000 UTC;0;965,2;965,6;965,2;1063,2;27,4;;28;27,2;;;;;;;;;
2024/01/23;2100 UTC;0;965;965,2;965;548,4;26,4;;27,6;26,3;;;;;;;;;
2024/01/23;2200 UTC;0;965,5;965,6;965;250,6;24,6;;26,4;24,6;;;;;;;;;
2024/01/23;2300 UTC;0;966,1;966,1;965,5;11;23,4;;24,6;23,4;;;;;;;;;
2024/01/24;0000 UTC;0;966,8;966,8;966;;22,3;;23,4;22,3;;;;;;;;;
2024/01/24;0100 UTC;0;967,1;967,1;966,8;;21,8;;22,3;21,8;;;;;;;;;
2024/01/24;0200 UTC;0;967,6;967,6;967,1;;21,9;;21,9;21,6;;;;;;;;;
2024/01/24;0300 UTC;0;967,1;967,7;967,1;;21,9;;22,1;21,9;;;;;;;;;
2024/01/24;0400 UTC;0;966,9;967,1;966,9;;21,4;;22;21,3;;;;;;;;;
2024/01/24;0500 UTC;0;966,4;966,9;966,4;;20,7;;21,4;20,7;;;;;;;;;
2024/01/24;0600 UTC;0;966,4;966,5;966,4;;20,2;;20,8;20,2;;;;;;;;;
2024/01/24;0700 UTC;0;966,2;966,4;966,1;;20,1;;20,3;20,1;;;;;;;;;
2024/01/24;0800 UTC;0;966,3;966,4;966,2;;19,1;;20,1;19,1;;;;;;;;;
2024/01/24;0900 UTC;0;966,7;966,7;966,3;;18,7;;19,2;18,7;;;;;;;;;
2024/01/24;1000 UTC;0;967;967;966,7;137,2;18,9;;18,9;18,4;;;;;;;;;
2024/01/24;1100 UTC;0;967,4;967,5;967;861,9;20,4;;20,4;18,9;;;;;;;;;
2024/01/24;1200 UTC;0;967,9;967,9;967,4;1262,7;22,3;;22,7;20,2;;;;;;;;;
2024/01/24;1300 UTC;0;968,3;968,4;967,9;2638,4;23,8;;24,2;22,3;;;;;;;;;
2024/01/24;1400 UTC;0;968;968,4;967,9;3379,8;26;;26;23,6;;;;;;;;;
2024/01/24;1500 UTC;0;967,7;968;967,7;3391,6;27;;27;24,9;;;;;;;;;
2024/01/24;1600 UTC;0;967,3;967,7;967,2;2726,1;27,5;;28;26;;;;;;;;;
2024/01/24;1700 UTC;0;966,7;967,3;966,7;2785,2;28;;28,7;27;;;;;;;;;
2024/01/24;1800 UTC;0;966;966,7;966;2293,9;29,6;;29,6;27,8;;;;;;;;;
2024/01/24;1900 UTC;0;965,1;966;965,1;1978,3;29,4;;30,7;28;;;;;;;;;
2024/01/24;2000 UTC;0;964,6;965,1;964,6;1742,1;28,7;;31;28,4;;;;;;;;;
2024/01/24;2100 UTC;0;964,3;964,6;964,3;1335;29,6;;30,3;28,4;;;;;;;;;
2024/01/24;2200 UTC;0;964,7;964,7;964,3;509,6;27,6;;29,6;27,5;;;;;;;;;
2024/01/24;2300 UTC;0;965,3;965,3;964,7;19,8;25,8;;27,6;25,8;;;;;;;;;
2024/01/25;0000 UTC;0;965,7;965,7;965,3;;25;;25,8;24,8;;;;;;;;;
2024/01/25;0100 UTC;0;966,1;966,1;965,7;;24,1;;25;24,1;;;;;;;;;
2024/01/25;0200 UTC;0;966,7;966,7;966,1;;23,3;;24,1;23,1;;;;;;;;;
2024/01/25;0300 UTC;0;967,1;967,2;966,7;;22,7;;24,4;22,7;;;;;;;;;
2024/01/25;0400 UTC;0;966,8;967,1;966,8;;20,8;;22,7;20,8;;;;;;;;;
2024/01/25;0500 UTC;0;966,6;966,9;966,5;;19,4;;20,8;19,4;;;;;;;;;
2024/01/25;0600 UTC;0;966,2;966,6;966,2;;19,2;;19,4;19,1;;;;;;;;;
2024/01/25;0700 UTC;0;966;966,3;966;;18,7;;19,3;18,6;;;;;;;;;
2024/01/25;0800 UTC;0;966,3;966,3;965,9;;18,4;;18,7;18,3;;;;;;;;;
2024/01/25;0900 UTC;0;966,5;966,6;966,3;;18,3;;18,5;18,2;;;;;;;;;
2024/01/25;1000 UTC;0;967;967;966,5;122,2;19,1;;19,1;18,1;;;;;;;;;
2024/01/25;1100 UTC;0;967,6;967,6;967;852,6;20,8;;20,8;19,1;;;;;;;;;
2024/01/25;1200 UTC;0;967,9;968;967,6;1182,8;23;;23;20,8;;;;;;;;;
2024/01/25;1300 UTC;0;968,2;968,2;967,8;2561,9;25,3;;25,3;22,8;;;;;;;;;
2024/01/25;1400 UTC;0;968,3;968,3;968,1;3240,6;26,1;;26,8;24,5;;;;;;;;;
2024/01/25;1500 UTC;0;967,9;968,3;967,9;3761,9;27,4;;28,2;25,8;;;;;;;;;
2024/01/25;1600 UTC;0;967,4;967,9;967,3;3691,3;28,1;;29,7;26,8;;;;;;;;;
2024/01/25;1700 UTC;0;966,8;967,4;966,8;4338,6;29,8;;31,2;28,1;;;;;;;;;
2024/01/25;1800 UTC;0;966,3;966,8;966,3;3503,6;31,1;;31,3;28,4;;;;;;;;;
2024/01/25;1900 UTC;0;965,6;966,4;965,6;2568,6;29,2;;31,2;29,2;;;;;;;;;
2024/01/25;2000 UTC;0;965;965,6;965;2317,3;30,8;;31,6;28,9;;;;;;;;;
2024/01/25;2100 UTC;0;964,9;965;964,9;1120,5;29;;31,4;28,5;;;;;;;;;
2024/01/25;2200 UTC;0;965,7;965,7;964,9;402,8;28;;29,4;28;;;;;;;;;
2024/01/25;2300 UTC;0;966,5;966,5;965,7;19,1;26,8;;28;26,8;;;;;;;;;
2024/01/26;0000 UTC;0;967,3;967,4;966,5;;25,4;;26,8;25,4;;;;;;;;;
2024/01/26;0100 UTC;0;968,4;968,4;967,2;;24,4;;25,3;24,4;;;;;;;;;
2024/01/26;0200 UTC;0;969;969;968,4;;23;;24,4;23;;;;;;;;;
2024/01/26;0300 UTC;0;969,1;969,1;969;;21,9;;23;21,9;;;;;;;;;
2024/01/26;0400 UTC;0;968,8;969,2;968,8;;20,8;;21,9;20,8;;;;;;;;;
2024/01/26;0500 UTC;0;968,1;968,8;968,1;;19,8;;20,8;19,8;;;;;;;;;
2024/01/26;0600 UTC;0;967,9;968,2;967,8;;19;;19,8;19;;;;;;;;;
2024/01/26;0700 UTC;0;968,2;968,2;967,8;;18,4;;19;18,2;;;;;;;;;
2024/01/26;0800 UTC;0;968,4;968,5;968,1;;17,5;;18,4;17,5;;;;;;;;;
2024/01/26;0900 UTC;0;968,7;968,7;968,4;;17,2;;17,6;17,1;;;;;;;;;
2024/01/26;1000 UTC;0;969,6;969,6;968,7;125,9;18,1;;18,1;17;;;;;;;;;
2024/01/26;1100 UTC;0;970,2;970,2;969,6;830,3;20;;20,2;18,1;;;;;;;;;
2024/01/26;1200 UTC;0;970,4;970,4;970,2;1137,9;21,8;;22,2;19,9;;;;;;;;;
2024/01/26;1300 UTC;0;970,2;970,4;970,2;2566,5;23,9;;24,3;21,7;;;;;;;;;
2024/01/26;1400 UTC;0;970;970,2;970;3246,2;25,9;;26,6;23,9;;;;;;;;;
2024/01/26;1500 UTC;0;969,6;970;969,5;3680,3;27,3;;27,8;25,6;;;;;;;;;
2024/01/26;1600 UTC;0;968,8;969,6;968,8;3424,9;27,5;;29,2;26,8;;;;;;;;;
2024/01/26;1700 UTC;0;967,9;968,8;967,9;4095,6;29,5;;30,3;27,5;;;;;;;;;
2024/01/26;1800 UTC;0;967,2;968;967,2;3747,5;30,3;;30,7;28,3;;;;;;;;;
2024/01/26;1900 UTC;0;966,5;967,2;966,5;3096,7;30,6;;30,9;28,6;;;;;;;;;
2024/01/26;2000 UTC;0;965,9;966,5;965,9;2464,6;30;;31,1;29,8;;;;;;;;;
2024/01/26;2100 UTC;0;965,8;966;965,7;1553,3;29;;30,4;28,8;;;;;;;;;
2024/01/26;2200 UTC;0;966,4;966,4;965,8;418,5;26,7;;29;26,7;;;;;;;;;
2024/01/26;2300 UTC;0;967;967;966,4;24,3;25,7;;26,9;25,7;;;;;;;;;
2024/01/27;0000 UTC;0;967,6;967,6;967;;25,2;;25,7;25,1;;;;;;;;;
2024/01/27;0100 UTC;0;968,3;968,3;967,6;;24,5;;25,3;24,5;;;;;;;;;
2024/01/27;0200 UTC;0;968,5;968,6;968,3;;23,6;;24,5;23,6;;;;;;;;;
2024/01/27;0300 UTC;0;968,5;968,6;968,5;;22,5;;23,7;22,5;;;;;;;;;
2024/01/27;0400 UTC;0;968,2;968,5;968,2;;21,4;;22,6;21,4;;;;;;;;;
2024/01/27;0500 UTC;0;968,1;968,2;968,1;;20,6;;21,5;20,6;;;;;;;;;
2024/01/27;0600 UTC;0;967,7;968,1;967,7;;19,7;;20,6;19,7;;;;;;;;;
2024/01/27;0700 UTC;0;967,6;967,7;967,6;;19,1;;19,7;19,1;;;;;;;;;
2024/01/27;0800 UTC;0;967,8;967,9;967,6;;18,5;;19,1;18,5;;;;;;;;;
2024/01/27;0900 UTC;0;968,1;968,1;967,8;;17,9;;18,5;17,9;;;;;;;;;
2024/01/27;1000 UTC;0;969;969;968,1;134,7;18,9;;18,9;17,9;;;;;;;;;
2024/01/27;1100 UTC;0;969,6;969,6;969;524,6;19,9;;20,2;18,7;;;;;;;;;
2024/01/27;1200 UTC;0;969,9;969,9;969,6;1171,1;23,2;;23,2;19,9;;;;;;;;;
2024/01/27;1300 UTC;0;970,1;970,2;969,9;2493,4;24,8;;25,1;22,9;;;;;;;;;
2024/01/27;1400 UTC;0;969,7;970,1;969,7;3245,6;27,2;;27,3;24,6;;;;;;;;;
2024/01/27;1500 UTC;0;969;969,7;969;3705,3;28,9;;29,9;27,1;;;;;;;;;
2024/01/27;1600 UTC;0;968,4;969;968,4;3080,7;29,5;;30,1;28,6;;;;;;;;;
2024/01/27;1700 UTC;0;967,7;968,4;967,7;1535,9;29,7;;31;28,9;;;;;;;;;
2024/01/27;1800 UTC;0;966,9;967,7;966,9;1606;30,1;;31;29,4;;;;;;;;;
2024/01/27;1900 UTC;0;966,1;966,9;966,1;925,8;30,3;;30,6;29,6;;;;;;;;;
2024/01/27;2000 UTC;0;965,2;966,1;965,2;1681,9;31,6;;32,1;29,9;;;;;;;;;
2024/01/27;2100 UTC;0;965,2;965,3;965,1;1832,9;30,8;;32,2;30,6;;;;;;;;;
2024/01/27;2200 UTC;0;965,6;965,6;965,2;623,9;28,9;;31,2;28,9;;;;;;;;;
2024/01/27;2300 UTC;0;966,3;966,3;965,5;12,5;26,2;;28,9;26,2;;;;;;;;;
2024/01/28;0000 UTC;0;967,1;967,1;966,3;;25,2;;26,7;24,5;;;;;;;;;
2024/01/28;0100 UTC;0;967,6;967,7;967,1;;24,4;;25,3;22,7;;;;;;;;;
2024/01/28;0200 UTC;0;968,1;968,1;967,6;;23;;24,4;22,3;;;;;;;;;
2024/01/28;0300 UTC;0;968;968,2;968;;24,4;;24,9;23;;;;;;;;;
2024/01/28;0400 UTC;0;967,9;968,1;967,8;;24;;24,8;24;;;;;;;;;
2024/01/28;0500 UTC;0;967,5;968;967,5;;23;;24;23;;;;;;;;;
2024/01/28;0600 UTC;0;967,2;967,5;967,2;;21,8;;23;21,8;;;;;;;;;
2024/01/28;0700 UTC;0;967,4;967,4;967,2;;21,3;;21,8;21,2;;;;;;;;;
2024/01/28;0800 UTC;0;967,6;967,6;967,4;;21,1;;21,3;20,9;;;;;;;;;
2024/01/28;0900 UTC;0;968,1;968,1;967,6;;20,8;;21,5;20,8;;;;;;;;;
2024/01/28;1000 UTC;0;968,7;968,7;968,1;106,5;21,6;;21,6;20,4;;;;;;;;;
2024/01/28;1100 UTC;0;969,2;969,2;968,7;693,1;23,6;;23,6;21,6;;;;;;;;;
2024/01/28;1200 UTC;0;969,6;969,7;969,2;1151,7;26,3;;26,3;23,5;;;;;;;;;
2024/01/28;1300 UTC;0;969,8;969,8;969,6;2521;28,1;;28,4;25,8;;;;;;;;;
2024/01/28;1400 UTC;0;969,6;969,9;969,6;3235,9;29,6;;30,7;28;;;;;;;;;
2024/01/28;1500 UTC;0;969,3;969,7;969,3;2022;30,5;;31;29,6;;;;;;;;;
2024/01/28;1600 UTC;0;969,6;969,8;969,1;1059,8;24,9;;31,2;23,3;;;;;;;;;
2024/01/28;1700 UTC;0;968,2;969,7;968,2;2353,5;29,5;;29,5;24,7;;;;;;;;;
2024/01/28;1800 UTC;0;966,7;968,2;966,7;3585,3;32,2;;32,7;29,5;;;;;;;;;
2024/01/28;1900 UTC;0;966,7;966,8;966,6;1884,9;30,8;;33,2;30,8;;;;;;;;;
2024/01/28;2000 UTC;0;966,1;967;965,8;1497,2;29,9;;31,2;26,6;;;;;;;;;
2024/01/28;2100 UTC;0;965,8;966,2;965,8;1430;31,1;;32,3;29,9;;;;;;;;;
2024/01/28;2200 UTC;0;965,7;965,9;965,4;585,8;30,6;;31,3;30,6;;;;;;;;;
2024/01/28;2300 UTC;0;966,5;966,5;965,7;21,8;27;;30,6;27;;;;;;;;;
2024/01/29;0000 UTC;0;967,3;967,3;966,5;;25,7;;27,3;24,4;;;;;;;;;
2024/01/29;0100 UTC;0;968;968;967,3;;24,9;;25,7;24,9;;;;;;;;;
2024/01/29;0200 UTC;0;968,3;968,4;968;;25,3;;25,6;24,8;;;;;;;;;
2024/01/29;0300 UTC;0;968,2;968,3;968,2;;25,4;;25,6;25;;;;;;;;;
2024/01/29;0400 UTC;0;967,8;968,2;967,8;;23,1;;25,4;23,1;;;;;;;;;
2024/01/29;0500 UTC;0;967,7;967,9;967,7;;22,5;;23,2;22,2;;;;;;;;;
2024/01/29;0600 UTC;0;967,6;967,7;967,5;;22;;22,5;22;;;;;;;;;
2024/01/29;0700 UTC;0;967,9;967,9;967,6;;22,6;;22,6;21,9;;;;;;;;;
2024/01/29;0800 UTC;0;967,8;968;967,8;;22,3;;22,6;22,3;;;;;;;;;
2024/01/29;0900 UTC;0;968,2;968,2;967,7;;21,7;;22,3;21,7;;;;;;;;;
2024/01/29;1000 UTC;0;969;969;968,2;120,9;23,1;;23,1;21,4;;;;;;;;;
2024/01/29;1100 UTC;0;969,5;969,5;969;521,5;25,2;;25,2;23,1;;;;;;;;;
2024/01/29;1200 UTC;0;970,1;970,1;969,5;1198,4;27,5;;27,8;25,3;;;;;;;;;
2024/01/29;1300 UTC;0;970,2;970,3;970,1;2524,9;30,1;;30,1;27,5;;;;;;;;;
2024/01/29;1400 UTC;0;970,2;970,2;970,1;3221,2;31,9;;31,9;29,5;;;;;;;;;
2024/01/29;1500 UTC;0;969,7;970,2;969,7;3739,3;33,5;;34,4;31,2;;;;;;;;;
2024/01/29;1600 UTC;0;969,1;969,8;969,1;3742,7;34,5;;35,2;32,6;;;;;;;;;
2024/01/29;1700 UTC;0;968,7;969,2;968,6;3950,2;34,6;;36,4;33,7;;;;;;;;;
2024/01/29;1800 UTC;0;967,9;968,7;967,9;3570,1;34,8;;36;33,9;;;;;;;;;
2024/01/29;1900 UTC;0;967,1;967,9;967,1;2795,7;35;;36,1;33,9;;;;;;;;;
2024/01/29;2000 UTC;0;966,6;967,1;966,6;2347,4;35,3;;36,4;34,4;;;;;;;;;
2024/01/29;2100 UTC;0;966,3;966,6;966,3;1566,8;34,4;;35,9;34,2;;;;;;;;;
2024/01/29;2200 UTC;0;966,1;966,3;966,1;560,6;32,6;;34,4;32,6;;;;;;;;;
2024/01/29;2300 UTC;0;966,9;966,9;966,1;20,4;28,9;;32,6;28,9;;;;;;;;;
2024/01/30;0000 UTC;0;967,7;967,7;966,9;;27,5;;28,9;27,2;;;;;;;;;
2024/01/30;0100 UTC;0;968,2;968,3;967,6;;24,8;;27,5;24,8;;;;;;;;;
2024/01/30;0200 UTC;0;968,9;968,9;968,2;;24,3;;26,3;24,2;;;;;;;;;
2024/01/30;0300 UTC;0;968,6;968,9;968,6;;23;;24,3;22,7;;;;;;;;;
2024/01/30;0400 UTC;0;968,1;968,7;968,1;;24,4;;24,4;23;;;;;;;;;
2024/01/30;0500 UTC;0;967,5;968,1;967,5;;21,5;;24,7;21,5;;;;;;;;;
2024/01/30;0600 UTC;0;967;967,4;967;;23,4;;24,1;21,4;;;;;;;;;
2024/01/30;0700 UTC;0;967,1;967,2;966,9;;22,7;;24;21,9;;;;;;;;;
2024/01/30;0800 UTC;0;967,1;967,3;967,1;;22,5;;22,9;22,2;;;;;;;;;
2024/01/30;0900 UTC;0;968,3;968,3;967,1;;20,5;;22,5;20,5;;;;;;;;;
2024/01/30;1000 UTC;0;968,9;968,9;968,4;103,6;21,2;;21,6;20,2;;;;;;;;;
2024/01/30;1100 UTC;0;969,1;969,1;968,9;636,3;27,3;;27,4;21,2;;;;;;;;;
2024/01/30;1200 UTC;0;969,5;969,5;969,1;1297,3;30,4;;30,8;27,3;;;;;;;;;
2024/01/30;1300 UTC;0;969,7;969,8;969,5;2357,9;32,3;;32,7;30,4;;;;;;;;;
2024/01/30;1400 UTC;0;969,6;969,8;969,6;2950,5;32,7;;32,9;31,6;;;;;;;;;
2024/01/30;1500 UTC;0;969,2;969,6;969,2;3050,1;32,7;;34,6;31,8;;;;;;;;;
2024/01/30;1600 UTC;0;968,6;969,3;968,6;3796,6;34,5;;35,7;32,5;;;;;;;;;
2024/01/30;1700 UTC;0;968;968,6;968;2586,5;33,4;;35,1;33,4;;;;;;;;;
2024/01/30;1800 UTC;0;967,2;968;967,2;1983,6;33,3;;35;33,3;;;;;;;;;
2024/01/30;1900 UTC;0;966,2;967,2;966,2;2088,3;33,6;;35,7;33,1;;;;;;;;;
2024/01/30;2000 UTC;0;965,9;966,3;965,9;1587,9;35,8;;35,9;33,4;;;;;;;;;
2024/01/30;2100 UTC;0;966,2;966,5;965,9;1412,1;29,7;;35,8;29,6;;;;;;;;;
2024/01/30;2200 UTC;0;966,1;966,3;966,1;576,8;29,1;;30,3;29,1;;;;;;;;;
2024/01/30;2300 UTC;0;966,7;966,7;966,1;21,6;27,1;;29,1;27,1;;;;;;;;;
2024/01/31;0000 UTC;0;967,2;967,2;966,7;;26,5;;27,1;26,4;;;;;;;;;
2024/01/31;0100 UTC;0;967,9;967,9;967,2;;26,1;;26,6;25,7;;;;;;;;;
2024/01/31;0200 UTC;0;968,8;968,8;967,9;;26;;26,1;25;;;;;;;;;
2024/01/31;0300 UTC;0;968,7;968,8;968,6;;25;;26;25;;;;;;;;;
2024/01/31;0400 UTC;0;968,5;968,7;968,3;;23,4;;25;23,4;;;;;;;;;
2024/01/31;0500 UTC;0;968,3;968,6;968,3;;23;;23,6;23;;;;;;;;;
2024/01/31;0600 UTC;0;967,8;968,3;967,8;;22,8;;23,1;22,5;;;;;;;;;
2024/01/31;0700 UTC;0;967,6;967,8;967,6;;22,1;;22,8;22,1;;;;;;;;;
2024/01/31;0800 UTC;0;967,6;967,6;967,4;;21,8;;22,2;21,8;;;;;;;;;
2024/01/31;0900 UTC;0;968,3;968,3;967,6;;20,5;;21,8;20,5;;;;;;;;;
2024/01/31;1000 UTC;0;969;969,1;968,3;133,3;22,2;;22,2;20,2;;;;;;;;;
2024/01/31;1100 UTC;0;969,4;969,4;968,9;654,2;24,7;;24,7;22,2;;;;;;;;;
2024/01/31;1200 UTC;0;970,1;970,1;969,4;1165;26;;26;24,2;;;;;;;;;
2024/01/31;1300 UTC;0;970,4;970,4;970,1;2493,5;29,5;;29,8;26;;;;;;;;;
2024/01/31;1400 UTC;0;970,2;970,4;970,1;3182,2;31,2;;31,2;29,3;;;;;;;;;
2024/01/31;1500 UTC;0;969,7;970,2;969,7;3512,5;32,3;;33,5;30,5;;;;;;;;;
2024/01/31;1600 UTC;0;969,1;969,7;969,1;3768,9;34,9;;34,9;32,3;;;;;;;;;
2024/01/31;1700 UTC;0;968,2;969,1;968,2;3848,8;34,8;;35,5;33,6;;;;;;;;;
2024/01/31;1800 UTC;0;966,9;968,2;966,9;3519,8;35,8;;36,4;34,6;;;;;;;;;
2024/01/31;1900 UTC;0;965,8;966,9;965,7;2803,5;36,7;;37,1;34,2;;;;;;;;;
2024/01/31;2000 UTC;0;965,3;966;965,3;2292,7;34,1;;36,8;33,5;;;;;;;;;
2024/01/31;2100 UTC;0;965,4;965,6;965,3;997,7;32,2;;34,6;32;;;;;;;;;
2024/01/31;2200 UTC;0;966,7;966,7;965,4;588,8;30,4;;33,1;30,2;;;;;;;;;
2024/01/31;2300 UTC;0;967;967;966,6;26,1;28,3;;30,4;28,3;;;;;;;;;
2024/02/01;0000 UTC;0;968,2;968,2;967;;26,3;;28,3;26,3;;;;;;;;;
2024/02/01;0100 UTC;0;970,5;970,6;968,2;;27,1;;28,8;25,7;;;;;;;;;
2024/02/01;0200 UTC;0;971,3;971,4;970,4;;25,1;;27,1;24,8;;;;;;;;;
2024/02/01;0300 UTC;0;971,8;971,9;971,3;;23,5;;25,1;23,4;;;;;;;;;
2024/02/01;0400 UTC;0;970,8;971,8;970,8;;22,6;;23,9;22,6;;;;;;;;;
2024/02/01;0500 UTC;0;970,5;970,8;970,5;;21,6;;22,6;21,6;;;;;;;;;
2024/02/01;0600 UTC;0;970,6;970,7;970,3;;21,7;;21,8;21,3;;;;;;;;;
2024/02/01;0700 UTC;0;970;970,7;970;;20,4;;21,8;20,3;;;;;;;;;
2024/02/01;0800 UTC;0;969,8;970,2;969,8;;19,8;;20,4;19,7;;;;;;;;;
2024/02/01;0900 UTC;0;969,4;969,8;969,3;;20,1;;20,2;19,8;;;;;;;;;
2024/02/01;1000 UTC;0;970,7;970,7;969,4;69,5;20,1;;20,5;19,8;;;;;;;;;
2024/02/01;1100 UTC;0;971,4;971,4;970,6;489,9;23,2;;23,2;20,1;;;;;;;;;
2024/02/01;1200 UTC;0;971,8;971,8;971,4;1284,2;24,8;;24,8;22,6;;;;;;;;;
2024/02/01;1300 UTC;0;971,6;971,8;971,5;2459,5;27,7;;27,8;24,6;;;;;;;;;
2024/02/01;1400 UTC;0;971,9;971,9;971,6;3147,5;30,1;;30,1;27,5;;;;;;;;;
2024/02/01;1500 UTC;0;971,5;971,9;971,5;3600,7;31;;31,7;30;;;;;;;;;
2024/02/01;1600 UTC;0;970,9;971,5;970,9;3819,6;33;;33,2;30,9;;;;;;;;;
2024/02/01;1700 UTC;0;970,4;970,9;970,3;3788,4;33,6;;34;32,5;;;;;;;;;
2024/02/01;1800 UTC;0;969,5;970,4;969,5;3497,7;34,2;;35;33,3;;;;;;;;;
2024/02/01;1900 UTC;0;968,3;969,5;968,2;2942,3;35,6;;35,6;33,9;;;;;;;;;
2024/02/01;2000 UTC;0;967,3;968,3;967,3;1535,1;34,4;;35,6;33,6;;;;;;;;;
2024/02/01;2100 UTC;0;967,1;967,3;966,9;1426,9;33,9;;34,7;33,6;;;;;;;;;
2024/02/01;2200 UTC;0;968,1;968,1;967,1;528,4;32,1;;33,9;32,1;;;;;;;;;
2024/02/01;2300 UTC;0;969,1;969,2;968,1;24,3;30,4;;32,1;30,4;;;;;;;;;
2024/02/02;0000 UTC;0;970,2;970,2;969,1;;28,8;;30,5;28,8;;;;;;;;;
2024/02/02;0100 UTC;0;971;971;970,2;;27;;28,9;27;;;;;;;;;
2024/02/02;0200 UTC;0;971,5;971,5;971;;26,9;;27,3;26,2;;;;;;;;;
2024/02/02;0300 UTC;0;971,7;971,7;971,5;;24,9;;26,9;24,9;;;;;;;;;
2024/02/02;0400 UTC;0;971,1;971,7;971,1;;24,1;;24,9;23,9;;;;;;;;;
2024/02/02;0500 UTC;0;970,7;971,2;970,7;;22,9;;24,3;22,9;;;;;;;;;
2024/02/02;0600 UTC;0;970,2;970,6;970,2;;23,8;;24,3;23,7;;;;;;;;;
2024/02/02;0700 UTC;0;970,4;970,4;970,2;;23,8;;24,1;23,7;;;;;;;;;
2024/02/02;0800 UTC;0;970,9;970,9;970,4;;23,2;;23,9;23,2;;;;;;;;;
2024/02/02;0900 UTC;0;971,1;971,2;970,7;;22,7;;23,3;22,7;;;;;;;;;
2024/02/02;1000 UTC;0;971,9;971,9;971,1;170,5;22,7;;22,8;22,6;;;;;;;;;
2024/02/02;1100 UTC;0;972;972,1;971,8;735,8;24,8;;24,8;22,5;;;;;;;;;
2024/02/02;1200 UTC;0;972,6;972,6;972;1454,1;27,5;;27,5;24,8;;;;;;;;;
2024/02/02;1300 UTC;0;972,7;972,7;972,5;2602;29,1;;29,1;27;;;;;;;;;
2024/02/02;1400 UTC;0;972,4;972,7;972,4;3247,5;31,3;;31,3;28,6;;;;;;;;;
2024/02/02;1500 UTC;0;972,2;972,4;972,2;3654,2;32,2;;32,2;30,2;;;;;;;;;
2024/02/02;1600 UTC;0;971,5;972,2;971,5;3579,5;32;;34,3;31,6;;;;;;;;;
2024/02/02;1700 UTC;0;970,6;971,5;970,6;2230,9;32,9;;33,7;31,9;;;;;;;;;
2024/02/02;1800 UTC;0;969,3;970,6;969,3;2769,7;34,6;;35,1;32,4;;;;;;;;;
2024/02/02;1900 UTC;0;968;969,3;968;2215,7;33,5;;35;33,2;;;;;;;;;
2024/02/02;2000 UTC;0;967,5;968;967,5;1741,3;33,7;;35,2;33,2;;;;;;;;;
2024/02/02;2100 UTC;0;967,8;967,8;967,4;1168,6;33,2;;34;32,9;;;;;;;;;
2024/02/02;2200 UTC;0;968;968;967,7;476,7;31,9;;33,3;31,9;;;;;;;;;
2024/02/02;2300 UTC;0;969,7;969,7;968;10,1;27,6;;31,9;27,6;;;;;;;;;
2024/02/03;0000 UTC;0;970,5;970,5;969,7;;25,9;;27,6;25,9;;;;;;;;;
2024/02/03;0100 UTC;0;971,6;971,6;970,5;;25,3;;25,9;25;;;;;;;;;
2024/02/03;0200 UTC;0;971,2;971,8;971,2;;24,6;;25,5;24,6;;;;;;;;;
2024/02/03;0300 UTC;0;971,2;971,4;971,1;;23,7;;24,6;23,7;;;;;;;;;
2024/02/03;0400 UTC;0;970,6;971,2;970,6;;23,1;;23,7;23;;;;;;;;;
2024/02/03;0500 UTC;0;970,4;970,6;970,4;;23;;23,1;22,8;;;;;;;;;
2024/02/03;0600 UTC;0;970,3;970,6;970,3;;22,8;;23,1;22,8;;;;;;;;;
2024/02/03;0700 UTC;0;970,1;970,3;970,1;;22,4;;22,8;22,4;;;;;;;;;
2024/02/03;0800 UTC;0;970,6;970,6;970,1;;22;;22,4;22;;;;;;;;;
2024/02/03;0900 UTC;0;971,1;971,1;970,6;;21,8;;22;21,8;;;;;;;;;
2024/02/03;1000 UTC;0;971,7;971,7;971,1;137,8;22,5;;22,5;21,7;;;;;;;;;
2024/02/03;1100 UTC;0;972,6;972,6;971,6;691,9;24,4;;24,4;22,5;;;;;;;;;
2024/02/03;1200 UTC;0;973,2;973,2;972,6;1102,6;25,6;;25,7;24,3;;;;;;;;;
2024/02/03;1300 UTC;0;973,1;973,2;973;1901,7;27,5;;28;25,5;;;;;;;;;
2024/02/03;1400 UTC;0;972,9;973,1;972,9;2843,8;28,7;;29,7;27,4;;;;;;;;;
2024/02/03;1500 UTC;0;972,6;972,9;972,5;3135,2;31;;31,9;28,6;;;;;;;;;
2024/02/03;1600 UTC;0;972,2;972,6;972,2;2264,7;30,5;;31,2;30,1;;;;;;;;;
2024/02/03;1700 UTC;0;971,4;972,2;971,4;2522;31;;31,7;30,1;;;;;;;;;
2024/02/03;1800 UTC;0;970,4;971,4;970,4;2111,7;31,5;;31,6;30,5;;;;;;;;;
2024/02/03;1900 UTC;0;969,5;970,4;969,5;1334,2;30,8;;31,5;30,5;;;;;;;;;
2024/02/03;2000 UTC;0;969,2;969,5;969,1;807,6;30,5;;30,9;30,2;;;;;;;;;
2024/02/03;2100 UTC;0;969;969,2;968,9;610,1;30,1;;30,6;30,1;;;;;;;;;
2024/02/03;2200 UTC;0;970;970,1;969;129,1;26,1;;30,1;26,1;;;;;;;;;
2024/02/03;2300 UTC;0;970,3;970,6;969,9;2,1;24,3;;26,1;24,3;;;;;;;;;
2024/02/04;0000 UTC;0;972,2;972,3;970,3;;23;;24,3;23;;;;;;;;;
2024/02/04;0100 UTC;5,6;972,8;972,8;972,2;,4;22,2;;23;22,1;;;;;;;;;
2024/02/04;0200 UTC;0;972,7;972,9;972,7;4;21,6;;22,2;21,6;;;;;;;;;
2024/02/04;0300 UTC;0;972;972,8;972;,1;21,5;;21,8;21,5;;;;;;;;;
2024/02/04;0400 UTC;0;971,4;972;971,4;;21,5;;21,6;21,4;;;;;;;;;
2024/02/04;0500 UTC;0;971,2;971,4;971,2;;21,8;;21,8;21,5;;;;;;;;;
2024/02/04;0600 UTC;0;971,2;971,2;971;;21,8;;21,8;21,7;;;;;;;;;
2024/02/04;0700 UTC;0;970,9;971,3;970,9;;21,8;;21,8;21,7;;;;;;;;;
2024/02/04;0800 UTC;0;970,7;970,9;970,7;;21,8;;21,8;21,7;;;;;;;;;
2024/02/04;0900 UTC;0;971,3;971,3;970,7;;22;;22;21,8;;;;;;;;;
2024/02/04;1000 UTC;0;972,1;972,1;971,3;56,6;22,2;;22,3;22;;;;;;;;;
2024/02/04;1100 UTC;0;972,7;972,7;972,1;432,3;23;;23,1;22,3;;;;;;;;;
2024/02/04;1200 UTC;0;973,5;973,5;972,7;766,4;24,3;;24,3;23;;;;;;;;;
2024/02/04;1300 UTC;0;973,7;973,7;973,5;1142;25,6;;25,6;24,3;;;;;;;;;
2024/02/04;1400 UTC;0;973,8;973,8;973,7;1578,2;26,5;;26,8;25,4;;;;;;;;;
2024/02/04;1500 UTC;0;973,2;973,8;973,2;2218,6;27,5;;27,7;26,3;;;;;;;;;
2024/02/04;1600 UTC;0;972,8;973,2;972,7;2474,2;28,4;;28,8;27,4;;;;;;;;;
2024/02/04;1700 UTC;0;971,7;972,8;971,7;3005;30;;30,5;28,2;;;;;;;;;
2024/02/04;1800 UTC;0;970,7;971,7;970,7;2621,7;29,9;;30,7;29,6;;;;;;;;;
2024/02/04;1900 UTC;0;969,8;970,7;969,8;1440,8;29,5;;30,1;29,2;;;;;;;;;
2024/02/04;2000 UTC;0;969,3;969,8;969,3;2024,6;29,8;;30,7;29,5;;;;;;;;;
2024/02/04;2100 UTC;0;969;969,3;968,8;701,1;29;;29,8;29;;;;;;;;;
2024/02/04;2200 UTC;0;969,2;969,3;969;366,8;28,1;;29;28,1;;;;;;;;;
2024/02/04;2300 UTC;0;969,7;969,7;969,2;1,7;25,9;;28,1;25,9;;;;;;;;;
2024/02/05;0000 UTC;0;970,1;970,2;969,7;;25,2;;25,9;25,1;;;;;;;;;
2024/02/05;0100 UTC;0;970,8;970,8;970,1;;24,4;;25,6;24,4;;;;;;;;;
2024/02/05;0200 UTC;0;971,3;971,3;970,8;;24,2;;24,9;24,1;;;;;;;;;
2024/02/05;0300 UTC;0;971,3;971,4;971;;23,8;;24,3;23,8;;;;;;;;;
2024/02/05;0400 UTC;0;971,1;971,4;971,1;;23,7;;24;23,5;;;;;;;;;
2024/02/05;0500 UTC;0;970,6;971,2;970,5;;23,2;;23,7;23,2;;;;;;;;;
2024/02/05;0600 UTC;0;970,5;970,6;970,4;;23;;23,5;23;;;;;;;;;
2024/02/05;0700 UTC;0;970,5;970,6;970,4;;22,4;;23;22,4;;;;;;;;;
2024/02/05;0800 UTC;0;970,2;970,5;970,2;;22,2;;22,4;21,8;;;;;;;;;
2024/02/05;0900 UTC;0;970,6;970,6;970,1;;21,9;;22,2;21,4;;;;;;;;;
2024/02/05;1000 UTC;0;971,2;971,3;970,6;160,4;22,6;;22,6;21,1;;;;;;;;;
2024/02/05;1100 UTC;0;971,7;971,7;971,2;818;25,2;;25,2;22,6;;;;;;;;;
2024/02/05;1200 UTC;0;972,1;972,1;971,7;1494,2;27,4;;27,4;25,2;;;;;;;;;
2024/02/05;1300 UTC;0;972;972,2;972;2620,8;29,3;;29,5;27,3;;;;;;;;;
2024/02/05;1400 UTC;0;971,7;972,1;971,7;3291,8;31,2;;31,7;29,1;;;;;;;;;
2024/02/05;1500 UTC;0;971,1;971,7;971,1;3837,5;32,1;;33,2;30,7;;;;;;;;;
2024/02/05;1600 UTC;0;970,4;971,2;970,3;3355,7;31,6;;34;31,3;;;;;;;;;
2024/02/05;1700 UTC;0;969,2;970,4;969,2;3957,5;33,2;;34,6;31,6;;;;;;;;;
2024/02/05;1800 UTC;0;968,1;969,2;968,1;1940,9;33,3;;34;32,1;;;;;;;;;
2024/02/05;1900 UTC;0;967,1;968,1;967,1;1780,1;32,5;;34,5;32,4;;;;;;;;;
2024/02/05;2000 UTC;0;967,1;967,2;967;1953,6;33,9;;34,3;32,5;;;;;;;;;
2024/02/05;2100 UTC;0;967,4;967,4;967;554,5;31,6;;34,3;31,6;;;;;;;;;
2024/02/05;2200 UTC;0;968,5;968,5;967,4;114,9;28,4;;31,7;28,4;;;;;;;;;
2024/02/05;2300 UTC;0;969,4;969,4;968,5;;27,9;;28,4;27,6;;;;;;;;;
2024/02/06;0000 UTC;0;970;970;969,3;;26,8;;27,9;26,6;;;;;;;;;
2024/02/06;0100 UTC;0;970,7;970,7;970;;26,1;;26,8;26;;;;;;;;;
2024/02/06;0200 UTC;0;970,7;970,9;970,7;;25,1;;26,3;25,1;;;;;;;;;
2024/02/06;0300 UTC;0;970,9;971,1;970,7;;24,3;;25,1;24;;;;;;;;;
2024/02/06;0400 UTC;0;971;971,4;970,9;;24,1;;24,4;24;;;;;;;;;
2024/02/06;0500 UTC;0;970,4;971;970,4;;23,4;;24,2;23,3;;;;;;;;;
2024/02/06;0600 UTC;0;970,2;970,4;970,2;;23;;23,4;23;;;;;;;;;
2024/02/06;0700 UTC;0;969,9;970,2;969,9;;22,4;;23,1;22,4;;;;;;;;;
2024/02/06;0800 UTC;0;970,2;970,2;969,9;;22,2;;22,4;22,2;;;;;;;;;
2024/02/06;0900 UTC;0;970,8;970,8;970,2;;22,4;;22,5;22,2;;;;;;;;;
2024/02/06;1000 UTC;0;971,7;971,7;970,8;177,8;23,3;;23,3;22;;;;;;;;;
2024/02/06;1100 UTC;0;972,8;972,8;971,7;809,9;25,6;;25,8;23,3;;;;;;;;;
2024/02/06;1200 UTC;0;973,5;973,6;972,8;1483,1;27,2;;27,2;25,6;;;;;;;;;
2024/02/06;1300 UTC;0;973,7;973,7;973,4;2575,4;29;;29,4;27,2;;;;;;;;;
2024/02/06;1400 UTC;0;973,5;973,9;973,5;2121,8;30,1;;30,2;28,5;;;;;;;;;
2024/02/06;1500 UTC;0;972,9;973,5;972,9;2970,7;30,7;;31,7;30;;;;;;;;;
2024/02/06;1600 UTC;0;972;972,9;972;1165,8;30,8;;31,2;30,3;;;;;;;;;
2024/02/06;1700 UTC;0;970,9;972,1;970,9;1045,4;29,5;;31,1;28;;;;;;;;;
2024/02/06;1800 UTC;0;969,6;970,9;969,6;2424;32,8;;32,8;28,3;;;;;;;;;
2024/02/06;1900 UTC;0;968,7;969,6;968,6;2108,2;33,1;;34;32,3;;;;;;;;;
2024/02/06;2000 UTC;0;968,2;968,7;968;1906,1;31,3;;33,7;30,3;;;;;;;;;
2024/02/06;2100 UTC;0;968,8;968,9;968,1;564,9;26,3;;31,6;26,3;;;;;;;;;
2024/02/06;2200 UTC;0;969,3;969,4;968,7;231,4;26,3;;26,6;26;;;;;;;;;
2024/02/06;2300 UTC;0;969,7;970;969,3;;25,3;;26,3;25,3;;;;;;;;;
2024/02/07;0000 UTC;0;970,5;970,7;969,7;;24,6;;25,3;24,6;;;;;;;;;
2024/02/07;0100 UTC;0;970,9;971;970,4;;24,3;;24,6;24,2;;;;;;;;;
2024/02/07;0200 UTC;0;970,7;970,9;970,6;;23,6;;24,4;23,6;;;;;;;;;
2024/02/07;0300 UTC;0;970,5;970,8;970,5;;24,2;;24,3;23,6;;;;;;;;;
2024/02/07;0400 UTC;0;970,4;970,6;970,4;;24,4;;24,6;24,2;;;;;;;;;
2024/02/07;0500 UTC;0;969,5;970,4;969,5;;23,8;;24,4;23,8;;;;;;;;;
2024/02/07;0600 UTC;0;969,2;969,6;969,1;;23,3;;23,8;23,3;;;;;;;;;
2024/02/07;0700 UTC;0;968,8;969,2;968,8;;23,3;;23,8;23,2;;;;;;;;;
2024/02/07;0800 UTC;0;969,1;969,1;968,8;;23,6;;23,6;23,3;;;;;;;;;
2024/02/07;0900 UTC;0;969,5;969,5;969,1;;23,5;;23,8;23,5;;;;;;;;;
2024/02/07;1000 UTC;0;970,3;970,3;969,5;57,8;23,9;;23,9;23,4;;;;;;;;;
2024/02/07;1100 UTC;0;971;971;970,3;488,7;25,5;;25,5;23,9;;;;;;;;;
2024/02/07;1200 UTC;0;971;971,1;970,9;1386;27,9;;28,2;25,5;;;;;;;;;
2024/02/07;1300 UTC;0;971;971,1;970,9;2143,4;29,9;;30,1;27,7;;;;;;;;;
2024/02/07;1400 UTC;0;970,9;971;970,9;2528,8;32,1;;32,1;29,1;;;;;;;;;
2024/02/07;1500 UTC;0;970,4;970,9;970,4;2665;31,7;;32,2;30,8;;;;;;;;;
2024/02/07;1600 UTC;0;969,6;970,4;969,6;2405,9;32;;32,8;31,1;;;;;;;;;
2024/02/07;1700 UTC;0;967,8;969,6;967,8;2279,9;32,7;;32,9;31,6;;;;;;;;;
2024/02/07;1800 UTC;0;966,6;967,8;966,5;2731,6;34,3;;34,4;32,1;;;;;;;;;
2024/02/07;1900 UTC;0;966,3;966,6;966,3;1414;32,6;;34,3;32,4;;;;;;;;;
2024/02/07;2000 UTC;0;966,3;966,4;966,2;449,7;32,1;;32,9;32,1;;;;;;;;;
2024/02/07;2100 UTC;0;966,8;966,8;966,3;293,8;30,3;;32,2;30;;;;;;;;;
2024/02/07;2200 UTC;2,6;968,5;968,5;966,7;26,5;24,1;;30,3;24,1;;;;;;;;;
2024/02/07;2300 UTC;26;969;969,2;968,5;1,7;21,4;;24,1;21,1;;;;;;;;;
2024/02/08;0000 UTC;0;970,2;970,2;969;2,5;21,7;;22,1;21,4;;;;;;;;;
2024/02/08;0100 UTC;0;969,5;970,2;969,5;;22;;22;21,7;;;;;;;;;
2024/02/08;0200 UTC;0;969,7;969,8;969,2;;22,1;;22,2;22;;;;;;;;;
2024/02/08;0300 UTC;0;969,9;970,1;969,7;;22,3;;22,3;22;;;;;;;;;
2024/02/08;0400 UTC;0;969,6;969,9;969,6;;22,6;;22,7;22,3;;;;;;;;;
2024/02/08;0500 UTC;0;969,3;969,6;969,3;;22,4;;22,6;22,4;;;;;;;;;
2024/02/08;0600 UTC;0;968,9;969,3;968,9;;22,1;;22,4;22,1;;;;;;;;;
2024/02/08;0700 UTC;0;968,4;968,9;968,4;;22,3;;22,3;22,1;;;;;;;;;
2024/02/08;0800 UTC;0;968,3;968,6;968,2;;22;;22,3;22;;;;;;;;;
2024/02/08;0900 UTC;0;968,1;968,3;968,1;;22;;22,1;21,9;;;;;;;;;
2024/02/08;1000 UTC;0;969,1;969,1;968,1;94,2;22,5;;22,5;22;;;;;;;;;
2024/02/08;1100 UTC;0;969,5;969,5;969;758,2;24;;24;22,5;;;;;;;;;
2024/02/08;1200 UTC;0;970,1;970,1;969,5;1467,5;25,6;;25,6;24;;;;;;;;;
2024/02/08;1300 UTC;0;970,4;970,4;970;2384,6;27;;27;24,9;;;;;;;;;
2024/02/08;1400 UTC;0;970;970,4;970;3029,5;28,6;;28,6;26,6;;;;;;;;;
2024/02/08;1500 UTC;0;969,6;970;969,6;3174,7;29,1;;29,7;27,5;;;;;;;;;
2024/02/08;1600 UTC;0;969;969,6;969;3781,6;30,5;;31;29,1;;;;;;;;;
2024/02/08;1700 UTC;0;968,4;969;968,3;3232,6;30,9;;32,2;30,3;;;;;;;;;
2024/02/08;1800 UTC;0;967,1;968,4;967,1;2806,6;31,4;;32,1;30,6;;;;;;;;;
2024/02/08;1900 UTC;0;966,7;967,1;966,5;2777,4;32,2;;32,6;31,4;;;;;;;;;
2024/02/08;2000 UTC;0;966,6;966,9;966,6;1546,6;31,5;;33,3;31,5;;;;;;;;;
2024/02/08;2100 UTC;0;966,8;966,8;966,6;699,6;30,6;;31,5;30,6;;;;;;;;;
2024/02/08;2200 UTC;0;967,1;967,2;966,7;149,9;25,6;;30,6;25,6;;;;;;;;;
2024/02/08;2300 UTC;0;967,4;967,4;967;;24,7;;25,6;24,6;;;;;;;;;
2024/02/09;0000 UTC;0;967,7;967,7;967,3;;24,1;;24,8;24;;;;;;;;;
2024/02/09;0100 UTC;0;968,2;968,2;967,7;;23,6;;24,1;23,6;;;;;;;;;
2024/02/09;0200 UTC;0;968,9;968,9;968,2;;23,5;;23,8;23,5;;;;;;;;;
2024/02/09;0300 UTC;0;968,6;968,9;968,6;;23;;23,6;22,9;;;;;;;;;
2024/02/09;0400 UTC;0;968,3;968,6;968,3;;22,6;;23;22,6;;;;;;;;;
2024/02/09;0500 UTC;0;967,8;968,3;967,8;;22,7;;22,9;22,6;;;;;;;;;
2024/02/09;0600 UTC;0;967,8;967,8;967,7;;22,7;;23;22,6;;;;;;;;;
2024/02/09;0700 UTC;0;967,8;967,8;967,7;;23,1;;23,1;22,7;;;;;;;;;
2024/02/09;0800 UTC;0;968;968,1;967,8;;22,4;;23,1;22,4;;;;;;;;;
2024/02/09;0900 UTC;0;968,6;968,6;968;;22,5;;22,5;22,2;;;;;;;;;
2024/02/09;1000 UTC;0;968,9;968,9;968,5;47,7;23;;23;22,4;;;;;;;;;
2024/02/09;1100 UTC;0;969;969;968,9;743,3;25;;25,4;23;;;;;;;;;
2024/02/09;1200 UTC;0;969,8;969,8;969;1774,9;29,3;;29,3;24,9;;;;;;;;;
2024/02/09;1300 UTC;0;970,2;970,2;969,8;2414,9;30,4;;30,4;29,2;;;;;;;;;
2024/02/09;1400 UTC;0;970,1;970,3;970,1;2289,5;30,6;;31,1;30;;;;;;;;;
2024/02/09;1500 UTC;0;969,9;970,1;969,9;2848,7;32,1;;32,1;30,6;;;;;;;;;
2024/02/09;1600 UTC;0;969,3;969,9;969,3;3801,8;33,2;;33,2;31,6;;;;;;;;;
2024/02/09;1700 UTC;0;968,3;969,3;968,3;3377,5;33;;34;32,7;;;;;;;;;
2024/02/09;1800 UTC;0;968;968,3;967,7;1910,8;30,4;;33,9;30,3;;;;;;;;;
2024/02/09;1900 UTC;0;967,5;968,1;967,5;1379,2;28,5;;30,4;28,3;;;;;;;;;
2024/02/09;2000 UTC;0;967,7;967,7;967,1;1292;29;;29,7;28,3;;;;;;;;;
2024/02/09;2100 UTC;0;967,6;968,3;967,6;506,8;26,7;;29,1;26,7;;;;;;;;;
2024/02/09;2200 UTC;,2;967,6;967,7;967,4;204,7;25,3;;26,7;25,3;;;;;;;;;
2024/02/09;2300 UTC;0;967,6;967,6;967,4;;24,9;;25,3;24,8;;;;;;;;;
2024/02/10;0000 UTC;0;968,6;968,6;967,5;;24,3;;24,9;24,3;;;;;;;;;
2024/02/10;0100 UTC;0;969,5;969,5;968,6;;24,4;;24,5;24,2;;;;;;;;;
2024/02/10;0200 UTC;0;969,6;969,6;969,3;;24;;24,5;24;;;;;;;;;
2024/02/10;0300 UTC;0;969,5;969,7;969,4;;23,8;;24,1;23,8;;;;;;;;;
2024/02/10;0400 UTC;,2;969,3;969,7;969,3;;24,4;;24,5;23,8;;;;;;;;;
2024/02/10;0500 UTC;0;969;969,3;969;;24,2;;24,4;24,1;;;;;;;;;
2024/02/10;0600 UTC;0;968,8;969,1;968,8;;24,3;;24,3;24,1;;;;;;;;;
2024/02/10;0700 UTC;0;968,9;969;968,7;;24,1;;24,5;24,1;;;;;;;;;
2024/02/10;0800 UTC;0;968,9;969;968,9;;24,1;;24,2;24;;;;;;;;;
2024/02/10;0900 UTC;0;969,2;969,2;968,9;;24,2;;24,2;24;;;;;;;;;
2024/02/10;1000 UTC;0;970;970;969,2;64,9;24,8;;24,8;24,2;;;;;;;;;
2024/02/10;1100 UTC;0;970,5;970,5;970;391;25,2;;25,2;24,8;;;;;;;;;
2024/02/10;1200 UTC;0;971,1;971,1;970,5;1098,3;26,8;;26,9;25,2;;;;;;;;;
2024/02/10;1300 UTC;0;970,9;971,2;970,9;2069,7;29,9;;29,9;26,8;;;;;;;;;
2024/02/10;1400 UTC;0;970,8;971;970,7;3230,8;31,2;;31,6;29,7;;;;;;;;;
2024/02/10;1500 UTC;0;970,6;970,8;970,6;3389,1;32,1;;32,7;31,2;;;;;;;;;
2024/02/10;1600 UTC;0;970,3;970,6;970,3;3663,4;33,2;;33,6;31,6;;;;;;;;;
2024/02/10;1700 UTC;0;969,3;970,3;969,3;3610,1;34;;34,1;32,7;;;;;;;;;
2024/02/10;1800 UTC;0;968,4;969,3;968,4;3374,9;33,9;;34,7;33,3;;;;;;;;;
2024/02/10;1900 UTC;0;967,8;968,4;967,8;2804,9;33,8;;34,6;33,8;;;;;;;;;
2024/02/10;2000 UTC;0;967,2;967,8;967,2;2068;33,9;;34,6;33,7;;;;;;;;;
2024/02/10;2100 UTC;0;967;967,2;966,9;1187,8;33,3;;34;33,3;;;;;;;;;
2024/02/10;2200 UTC;0;966,9;967,1;966,8;229,8;30,7;;33,3;30,7;;;;;;;;;
2024/02/10;2300 UTC;0;967,8;967,8;966,9;;28,8;;30,7;28,8;;;;;;;;;
2024/02/11;0000 UTC;0;968,8;968,8;967,8;;26,7;;28,8;26,7;;;;;;;;;
2024/02/11;0100 UTC;0;969,5;969,5;968,8;;26,8;;27;26,5;;;;;;;;;
2024/02/11;0200 UTC;0;969,7;969,7;969,5;;26,3;;26,9;26,2;;;;;;;;;
2024/02/11;0300 UTC;0;970;970;969,7;;26;;26,7;26;;;;;;;;;
2024/02/11;0400 UTC;0;969,8;970;969,8;;24,6;;26,1;24,5;;;;;;;;;
2024/02/11;0500 UTC;0;969,5;969,8;969,5;;24,8;;25,1;24,6;;;;;;;;;
2024/02/11;0600 UTC;0;969,3;969,5;969,3;;24,5;;24,9;24,5;;;;;;;;;
2024/02/11;0700 UTC;0;969,3;969,3;969,2;;24,9;;25;24;;;;;;;;;
2024/02/11;0800 UTC;0;969,5;969,5;969,2;;24,2;;25;24,2;;;;;;;;;
2024/02/11;0900 UTC;0;969,6;969,7;969,5;;23,8;;24,4;23,8;;;;;;;;;
2024/02/11;1000 UTC;0;970,4;970,4;969,6;107,1;24,3;;24,3;23,4;;;;;;;;;
2024/02/11;1100 UTC;0;970,8;970,9;970,4;849,9;26,6;;26,6;24,3;;;;;;;;;
2024/02/11;1200 UTC;0;971,3;971,3;970,8;1671,2;28,5;;28,5;26,6;;;;;;;;;
2024/02/11;1300 UTC;0;971,8;971,8;971,3;2623,9;30,1;;30,2;28,1;;;;;;;;;
2024/02/11;1400 UTC;0;971,7;971,8;971,6;3246,8;32,1;;32,2;30;;;;;;;;;
2024/02/11;1500 UTC;0;971,2;971,7;971,2;3177,1;32,1;;33,3;31,2;;;;;;;;;
2024/02/11;1600 UTC;0;970,5;971,2;970,5;3211,4;33,4;;33,6;31,8;;;;;;;;;
2024/02/11;1700 UTC;0;969,4;970,5;969,4;3255,5;34,3;;34,6;32,8;;;;;;;;;
2024/02/11;1800 UTC;0;968,5;969,4;968,5;2917,7;34,9;;35,1;33,2;;;;;;;;;
2024/02/11;1900 UTC;0;967,6;968,5;967,6;3087,8;35,2;;35,9;34,5;;;;;;;;;
2024/02/11;2000 UTC;0;966,8;967,6;966,8;2048,4;34,5;;35,3;34;;;;;;;;;
2024/02/11;2100 UTC;0;966,8;966,8;966,7;1191,8;34;;34,7;34;;;;;;;;;
2024/02/11;2200 UTC;0;967,1;967,1;966,8;290,6;31,9;;34;31,9;;;;;;;;;
2024/02/11;2300 UTC;0;968;968;967,1;0;29,5;;31,9;29,5;;;;;;;;;
2024/02/12;0000 UTC;0;968,9;968,9;968;;27,8;;29,5;27,8;;;;;;;;;
2024/02/12;0100 UTC;0;969,6;969,6;968,9;;27,6;;28;27,6;;;;;;;;;
2024/02/12;0200 UTC;0;970,6;970,6;969,6;;27,6;;28,6;27,6;;;;;;;;;
2024/02/12;0300 UTC;0;970,9;970,9;970,5;;26,4;;27,6;26,4;;;;;;;;;
2024/02/12;0400 UTC;0;970,7;971,1;970,7;;25,3;;26,4;25,2;;;;;;;;;
2024/02/12;0500 UTC;0;970,8;970,9;970,7;;24,5;;25,2;24,5;;;;;;;;;
2024/02/12;0600 UTC;0;970,7;970,8;970,5;;24,2;;24,5;24,2;;;;;;;;;
2024/02/12;0700 UTC;0;970,8;970,8;970,6;;23,6;;24,2;23,5;;;;;;;;;
2024/02/12;0800 UTC;0;970,9;970,9;970,6;;23,3;;23,6;23,3;;;;;;;;;
2024/02/12;0900 UTC;0;971,7;971,7;970,9;;23;;23,3;23;;;;;;;;;
2024/02/12;1000 UTC;0;972,4;972,4;971,7;127,3;23,2;;23,2;22,8;;;;;;;;;
2024/02/12;1100 UTC;0;972,8;972,8;972,4;764,6;24,6;;24,8;23,2;;;;;;;;;
2024/02/12;1200 UTC;0;973;973;972,7;1006,9;26,1;;26,1;24,6;;;;;;;;;
2024/02/12;1300 UTC;0;972,9;973,1;972,9;1352,3;27,7;;27,7;25,9;;;;;;;;;
2024/02/12;1400 UTC;0;972,6;973;972,6;2075,7;28,6;;29,6;27,2;;;;;;;;;
2024/02/12;1500 UTC;0;972,4;972,6;972,4;3049,1;30,6;;30,9;28,6;;;;;;;;;
2024/02/12;1600 UTC;0;971,8;972,5;971,8;3305,3;31,2;;32;29,8;;;;;;;;;
2024/02/12;1700 UTC;0;970,8;971,8;970,8;2897,1;32,2;;32,8;31;;;;;;;;;
2024/02/12;1800 UTC;0;969,9;970,8;969,9;3073,3;33,1;;34,2;31,6;;;;;;;;;
2024/02/12;1900 UTC;0;969,3;969,9;969,3;2527,1;33,3;;34,2;32,4;;;;;;;;;
2024/02/12;2000 UTC;0;968,8;969,3;968,8;1602,4;33;;33,8;32,5;;;;;;;;;
2024/02/12;2100 UTC;0;968,5;968,8;968,5;1082,8;32,4;;33,4;32,4;;;;;;;;;
2024/02/12;2200 UTC;0;968,9;968,9;968,5;222,7;30,6;;32,4;30,6;;;;;;;;;
2024/02/12;2300 UTC;0;969,4;969,4;968,9;;28,3;;30,6;28,3;;;;;;;;;
2024/02/13;0000 UTC;0;970,3;970,3;969,4;;27,9;;28,5;27,9;;;;;;;;;
2024/02/13;0100 UTC;0;971,1;971,1;970,3;;27,3;;28;27,3;;;;;;;;;
2024/02/13;0200 UTC;0;971,6;971,6;971,1;;26,7;;27,3;26,7;;;;;;;;;
2024/02/13;0300 UTC;0;971,6;971,8;971,6;;26,2;;26,7;26,2;;;;;;;;;
2024/02/13;0400 UTC;0;971,4;971,6;971,4;;26,2;;26,3;25,9;;;;;;;;;
2024/02/13;0500 UTC;0;971,1;971,4;970,9;;24,9;;26,3;24,8;;;;;;;;;
2024/02/13;0600 UTC;0;971;971,1;970,9;;23,8;;25;23,8;;;;;;;;;
2024/02/13;0700 UTC;0;971;971,2;971;;24;;24;23,6;;;;;;;;;
2024/02/13;0800 UTC;0;971,1;971,1;971;;24,2;;24,2;23,3;;;;;;;;;
2024/02/13;0900 UTC;0;971,7;971,7;971,1;;24,2;;24,5;24;;;;;;;;;
2024/02/13;1000 UTC;0;972,5;972,5;971,7;117,6;25,1;;25,1;24,1;;;;;;;;;
2024/02/13;1100 UTC;0;973,2;973,2;972,5;842;28,2;;28,2;25,1;;;;;;;;;
2024/02/13;1200 UTC;0;973,6;973,6;973,2;1501,6;30,1;;30,1;28,2;;;;;;;;;
2024/02/13;1300 UTC;0;973,5;973,7;973,5;2302,3;31,9;;32;30,1;;;;;;;;;
2024/02/13;1400 UTC;0;973,4;973,6;973,3;2993,8;33,2;;33,6;31,6;;;;;;;;;
2024/02/13;1500 UTC;0;972,6;973,4;972,6;3084,9;33,9;;34,4;32,9;;;;;;;;;
2024/02/13;1600 UTC;0;971,9;972,6;971,9;2415,3;34,4;;34,5;32;;;;;;;;;
2024/02/13;1700 UTC;0;970,8;971,9;970,8;2988,3;34,9;;35,9;33,9;;;;;;;;;
2024/02/13;1800 UTC;0;969,6;970,8;969,6;2035,2;35,7;;35,7;34,4;;;;;;;;;
2024/02/13;1900 UTC;0;969;969,6;969;1539,6;34;;35,8;32,1;;;;;;;;;
2024/02/13;2000 UTC;0;968,4;969;968,3;1140,9;33,9;;35,6;33,9;;;;;;;;;
2024/02/13;2100 UTC;0;968,8;968,8;968,4;478,8;31,2;;33,9;30,7;;;;;;;;;
2024/02/13;2200 UTC;0;969,3;969,3;968,8;122;30,1;;31,7;30,1;;;;;;;;;
2024/02/13;2300 UTC;0;970,1;970,1;969,3;;28,7;;30,1;28,7;;;;;;;;;
2024/02/14;0000 UTC;0;970,8;970,8;970,1;;28,8;;29,1;28,4;;;;;;;;;
2024/02/14;0100 UTC;0;971,6;971,6;970,8;;29,1;;29,1;27,7;;;;;;;;;
2024/02/14;0200 UTC;0;971,7;971,8;971,5;;27,9;;29,2;27,4;;;;;;;;;
2024/02/14;0300 UTC;0;971,4;971,7;971,3;;26,8;;28,1;26,8;;;;;;;;;
2024/02/14;0400 UTC;0;970,6;971,5;970,6;;26,6;;26,9;26,6;;;;;;;;;
2024/02/14;0500 UTC;0;970;970,6;970;;25,6;;26,7;25,1;;;;;;;;;
2024/02/14;0600 UTC;0;970,1;970,1;970;;24,8;;25,9;24,8;;;;;;;;;
2024/02/14;0700 UTC;0;970,5;970,5;970,1;;24,8;;24,8;24,4;;;;;;;;;
2024/02/14;0800 UTC;0;970,7;970,8;970,5;;24,6;;25,1;24,6;;;;;;;;;
2024/02/14;0900 UTC;0;971,2;971,2;970,7;;24,5;;24,6;24,4;;;;;;;;;
2024/02/14;1000 UTC;0;971,9;971,9;971,2;113,5;25,5;;25,5;24,2;;;;;;;;;
2024/02/14;1100 UTC;0;972,1;972,1;971,9;365,8;25,7;;25,8;25,4;;;;;;;;;
2024/02/14;1200 UTC;0;972,4;972,4;972,1;1506,2;28,6;;28,6;25,7;;;;;;;;;
2024/02/14;1300 UTC;0;972,6;972,6;972,4;1414,7;29,5;;29,8;28,6;;;;;;;;;
2024/02/14;1400 UTC;0;972,3;972,6;972,3;2898;31,3;;31,7;29,4;;;;;;;;;
2024/02/14;1500 UTC;0;971,7;972,3;971,7;1701,7;27,5;;32,5;27,5;;;;;;;;;
2024/02/14;1600 UTC;6,4;971,1;971,9;970,9;538,4;26,5;;27,5;25,9;;;;;;;;;
2024/02/14;1700 UTC;0;969,9;971,1;969,8;828,7;27,1;;27,4;26,4;;;;;;;;;
2024/02/14;1800 UTC;0;968,7;969,9;968,7;362;26,6;;27,2;26,5;;;;;;;;;
2024/02/14;1900 UTC;0;968,6;968,8;968,5;587,3;28,5;;28,5;26,6;;;;;;;;;
2024/02/14;2000 UTC;0;968,2;968,6;968,2;699,9;28,2;;28,5;28,1;;;;;;;;;
2024/02/14;2100 UTC;0;967,9;968,2;967,9;691,4;28,6;;28,7;28,2;;;;;;;;;
2024/02/14;2200 UTC;0;968,6;968,7;967,9;249,6;27,4;;28,8;27,4;;;;;;;;;
2024/02/14;2300 UTC;0;969,3;969,3;968,6;;26,8;;27,4;26,8;;;;;;;;;
2024/02/15;0000 UTC;0;969,8;969,9;969,3;;26,3;;27;26,3;;;;;;;;;
2024/02/15;0100 UTC;0;970;970;969,8;;25,8;;26,3;25,7;;;;;;;;;
2024/02/15;0200 UTC;0;970,4;970,4;969,9;;25,1;;25,8;25,1;;;;;;;;;
2024/02/15;0300 UTC;29,8;972,6;973,2;970,4;1,1;22,5;;25,3;22,4;;;;;;;;;
2024/02/15;0400 UTC;3,8;971,9;972,6;971,3;,1;22,4;;22,6;22,4;;;;;;;;;
2024/02/15;0500 UTC;6,6;971,4;972;971,4;;22,4;;22,4;22,2;;;;;;;;;
2024/02/15;0600 UTC;4,4;971;971,5;970,9;;22,5;;22,5;22,3;;;;;;;;;
2024/02/15;0700 UTC;2;971,2;971,2;970,9;;22,4;;22,5;22,4;;;;;;;;;
2024/02/15;0800 UTC;1,6;970,9;971,3;970,9;;22,3;;22,4;22,3;;;;;;;;;
2024/02/15;0900 UTC;,8;971,1;971,2;970,9;;22,2;;22,4;22,2;;;;;;;;;
2024/02/15;1000 UTC;,2;971,7;971,7;971,1;15,1;22,1;;22,2;22,1;;;;;;;;;
2024/02/15;1100 UTC;,2;972,1;972,1;971,7;109,3;22,4;;22,4;22,1;;;;;;;;;
2024/02/15;1200 UTC;,6;972,1;972,5;972,1;227,6;22,6;;22,7;22,4;;;;;;;;;
2024/02/15;1300 UTC;0;972,3;972,4;972;609,7;23,3;;23,4;22,6;;;;;;;;;
2024/02/15;1400 UTC;0;972,6;972,6;972,3;1121,7;24,4;;24,5;23,3;;;;;;;;;
2024/02/15;1500 UTC;0;972,2;972,6;972,2;1311,9;25,4;;25,5;24,4;;;;;;;;;
2024/02/15;1600 UTC;0;971,6;972,2;971,6;1809,2;26,6;;26,6;25,3;;;;;;;;;
2024/02/15;1700 UTC;0;971,2;971,6;971,2;2323,3;27,7;;28,1;26,4;;;;;;;;;
2024/02/15;1800 UTC;0;970,7;971,2;970,7;1645,4;28,2;;28,7;27,6;;;;;;;;;
2024/02/15;1900 UTC;0;969,5;970,6;969,5;1843,1;29,1;;29,5;28,2;;;;;;;;;
2024/02/15;2000 UTC;0;968,6;969,5;968,6;1989,6;29,6;;30;28,8;;;;;;;;;
2024/02/15;2100 UTC;0;968,1;968,6;968,1;1080,8;28,4;;29,9;28,2;;;;;;;;;
2024/02/15;2200 UTC;0;969,1;969,1;968,1;140,7;26,7;;28,5;26,7;;;;;;;;;
2024/02/15;2300 UTC;0;970;970;969,1;;26,4;;26,7;26,4;;;;;;;;;
2024/02/16;0000 UTC;4,4;971,8;971,8;970;;22,9;;26,5;22,9;;;;;;;;;
2024/02/16;0100 UTC;17,4;971,8;971,8;971,1;;22,6;;22,9;22,3;;;;;;;;;
2024/02/16;0200 UTC;1,6;971,7;971,8;971,5;;22,7;;23;22,6;;;;;;;;;
2024/02/16;0300 UTC;,4;971,8;972,1;971,7;;23,1;;23,2;22,7;;;;;;;;;
2024/02/16;0400 UTC;,8;970,8;971,8;970,8;;23,2;;23,2;23,1;;;;;;;;;
2024/02/16;0500 UTC;0;970,2;970,8;970,2;;23,1;;23,2;23;;;;;;;;;
2024/02/16;0600 UTC;0;969,6;970,2;969,6;,2;22,9;;23,2;22,9;;;;;;;;;
2024/02/16;0700 UTC;0;969,1;969,6;969;;22,6;;23;22,6;;;;;;;;;
2024/02/16;0800 UTC;0;969,6;969,6;969;;22,6;;22,6;22,5;;;;;;;;;
2024/02/16;0900 UTC;0;970,2;970,2;969,6;;22,7;;22,7;22,6;;;;;;;;;
2024/02/16;1000 UTC;0;970,5;970,5;970,2;61,3;23;;23;22,6;;;;;;;;;
2024/02/16;1100 UTC;0;970,9;971;970,5;590,9;23,9;;24;23;;;;;;;;;
2024/02/16;1200 UTC;,2;971,1;971,1;970,9;1368,3;25,4;;25,5;23,9;;;;;;;;;
2024/02/16;1300 UTC;0;970,9;971,1;970,9;2064,8;26,8;;27;25,3;;;;;;;;;
2024/02/16;1400 UTC;0;970,6;970,9;970,6;2064,9;28,4;;28,4;26,7;;;;;;;;;
2024/02/16;1500 UTC;0;970,1;970,6;970,1;3275,6;29,7;;30,1;27,9;;;;;;;;;
2024/02/16;1600 UTC;0;969,3;970,1;969,3;2144,3;30,1;;30,8;29,2;;;;;;;;;
2024/02/16;1700 UTC;0;968;969,3;968;2688,1;31,3;;32;29,9;;;;;;;;;
2024/02/16;1800 UTC;0;966,9;968;966,8;2455,6;31,5;;32,2;31,1;;;;;;;;;
2024/02/16;1900 UTC;0;966,5;966,9;966,5;1385,3;29,2;;31,6;28,9;;;;;;;;;
2024/02/16;2000 UTC;0;965,8;966,5;965,7;733,8;29,5;;29,5;28,5;;;;;;;;;
2024/02/16;2100 UTC;0;965,6;966,1;965,6;804,5;30,1;;30,2;29,1;;;;;;;;;
2024/02/16;2200 UTC;0;966,6;966,6;965,6;298,3;28;;30,1;28;;;;;;;;;
2024/02/16;2300 UTC;0;966,9;966,9;966,4;;26,3;;28;26,1;;;;;;;;;
2024/02/17;0000 UTC;0;967,9;967,9;966,9;;25,2;;26,6;25,2;;;;;;;;;
2024/02/17;0100 UTC;0;968,6;968,9;967,9;;24,4;;25,2;24,4;;;;;;;;;
2024/02/17;0200 UTC;0;968,5;968,6;968,4;;23,9;;24,4;23,9;;;;;;;;;
2024/02/17;0300 UTC;0;968,5;968,6;968,4;;23,5;;23,9;23,4;;;;;;;;;
2024/02/17;0400 UTC;0;968,2;968,6;968,2;;23;;23,5;23;;;;;;;;;
2024/02/17;0500 UTC;0;968,1;968,2;968,1;;22,9;;23,1;22,8;;;;;;;;;
2024/02/17;0600 UTC;0;967,8;968,1;967,8;;22,4;;22,9;22,4;;;;;;;;;
2024/02/17;0700 UTC;0;967,8;968,1;967,7;;22,8;;22,8;22,4;;;;;;;;;
2024/02/17;0800 UTC;0;967,6;967,9;967,6;;22,7;;22,9;22,7;;;;;;;;;
2024/02/17;0900 UTC;0;967,6;967,6;967,5;;22,7;;22,8;22,7;;;;;;;;;
2024/02/17;1000 UTC;0;968,1;968,1;967,6;72,8;22,9;;22,9;22,6;;;;;;;;;
2024/02/17;1100 UTC;0;968,5;968,5;968,1;323,6;23,6;;23,7;22,9;;;;;;;;;
2024/02/17;1200 UTC;0;968,6;968,6;968,4;1256,1;25,9;;25,9;23,6;;;;;;;;;
2024/02/17;1300 UTC;0;968,9;968,9;968,6;2593,1;28,5;;28,6;25,9;;;;;;;;;
2024/02/17;1400 UTC;0;968,8;968,9;968,7;3353,5;30,2;;31,1;28,3;;;;;;;;;
2024/02/17;1500 UTC;0;968,5;968,8;968,5;3298;31,3;;31,7;30,2;;;;;;;;;
2024/02/17;1600 UTC;0;967,7;968,5;967,7;3324,7;33,1;;33,2;31,3;;;;;;;;;
2024/02/17;1700 UTC;0;966,5;967,7;966,5;2331,4;33,6;;34;31,7;;;;;;;;;
2024/02/17;1800 UTC;0;965,5;966,5;965,5;2290,8;34,1;;34,8;32,5;;;;;;;;;
2024/02/17;1900 UTC;0;964,6;965,5;964,6;2366,9;34;;34,7;32,8;;;;;;;;;
2024/02/17;2000 UTC;0;964,2;964,6;964,2;1592,5;32,4;;34,3;32,4;;;;;;;;;
2024/02/17;2100 UTC;0;963,9;964,2;963,7;836,9;32,3;;33;31,6;;;;;;;;;
2024/02/17;2200 UTC;0;964,4;964,5;963,8;170,8;30,1;;32,4;30,1;;;;;;;;;
2024/02/17;2300 UTC;0;964,9;964,9;964,3;;29,1;;30,1;29,1;;;;;;;;;
2024/02/18;0000 UTC;0;966,2;966,2;964,9;;28,1;;29,2;27,9;;;;;;;;;
2024/02/18;0100 UTC;0;967,2;967,2;966,3;;26,5;;28,1;26,5;;;;;;;;;
2024/02/18;0200 UTC;0;967,2;967,3;967,1;;25,8;;26,5;25,8;;;;;;;;;
2024/02/18;0300 UTC;0;967,1;967,4;967;;25,2;;25,8;25,2;;;;;;;;;
2024/02/18;0400 UTC;0;966,9;967,1;966,8;;25;;25,4;24,8;;;;;;;;;
2024/02/18;0500 UTC;0;966,9;966,9;966,6;;25,6;;25,6;25;;;;;;;;;
2024/02/18;0600 UTC;0;966,7;967;966,7;;23,7;;25,8;23,7;;;;;;;;;
2024/02/18;0700 UTC;0;966,7;966,7;966,4;;23,1;;23,7;23;;;;;;;;;
2024/02/18;0800 UTC;0;966,8;966,9;966,6;;22,6;;23,1;22,6;;;;;;;;;
2024/02/18;0900 UTC;0;967,1;967,1;966,5;;22;;22,7;22;;;;;;;;;
2024/02/18;1000 UTC;0;967,3;967,3;967,1;141,9;22,9;;22,9;22;;;;;;;;;
2024/02/18;1100 UTC;0;967,5;967,5;967,3;775,1;23,9;;24,2;22,8;;;;;;;;;
2024/02/18;1200 UTC;0;968;968;967,4;1652,3;26,2;;26,2;23,9;;;;;;;;;
2024/02/18;1300 UTC;0;968;968,3;967,9;2559,6;27,4;;27,5;26;;;;;;;;;
2024/02/18;1400 UTC;0;967,6;968,1;967,6;3208,9;29,4;;29,4;27,3;;;;;;;;;
2024/02/18;1500 UTC;0;967,4;967,6;967,3;3590,2;30,3;;30,6;28,9;;;;;;;;;
2024/02/18;1600 UTC;0;966,8;967,4;966,8;3534,4;31,6;;31,9;30,1;;;;;;;;;
2024/02/18;1700 UTC;0;966,1;966,8;966,1;3378,2;31,4;;32,4;30,8;;;;;;;;;
2024/02/18;1800 UTC;0;964,8;966,1;964,8;2571,2;31,2;;32,6;30,9;;;;;;;;;
2024/02/18;1900 UTC;0;963,8;964,8;963,6;1506,7;30,7;;31,7;30,6;;;;;;;;;
2024/02/18;2000 UTC;0;963,5;963,8;963,4;700,8;28,7;;30,7;28,7;;;;;;;;;
2024/02/18;2100 UTC;1,2;965,6;965,6;963,4;38,5;21,8;;28,7;21,8;;;;;;;;;
2024/02/18;2200 UTC;1,2;966;966,2;965,6;5,1;21,8;;21,8;21,5;;;;;;;;;
2024/02/18;2300 UTC;0;965,3;966;965,3;;22,4;;22,6;21,8;;;;;;;;;
2024/02/19;0000 UTC;0;965,3;965,3;965,1;0;22,3;;22,5;22,3;;;;;;;;;
2024/02/19;0100 UTC;,2;965,4;965,4;965,3;;21,6;;22,3;21,6;;;;;;;;;
2024/02/19;0200 UTC;0;965,7;965,7;965,4;;22,3;;22,3;21,6;;;;;;;;;
2024/02/19;0300 UTC;0;965,9;966,2;965,7;;21,5;;22,3;21,5;;;;;;;;;
2024/02/19;0400 UTC;0;965,7;965,9;965,5;;21,2;;21,5;21,1;;;;;;;;;
2024/02/19;0500 UTC;0;965,6;965,8;965,6;;21,5;;21,5;21,2;;;;;;;;;
2024/02/19;0600 UTC;0;964,9;965,6;964,9;;21,6;;21,6;21,5;;;;;;;;;
2024/02/19;0700 UTC;0;964,4;964,9;964,4;;21,5;;21,6;21,3;;;;;;;;;
2024/02/19;0800 UTC;0;964,4;964,4;964;;21,1;;21,5;21;;;;;;;;;
2024/02/19;0900 UTC;0;965;965;964,4;;21,5;;21,6;21,1;;;;;;;;;
2024/02/19;1000 UTC;0;965,3;965,3;965;67;21,9;;21,9;21,3;;;;;;;;;
2024/02/19;1100 UTC;0;965,8;965,8;965,3;641,7;24,1;;24,1;21,9;;;;;;;;;
2024/02/19;1200 UTC;0;966,2;966,2;965,8;1322,5;25,6;;26,4;24,1;;;;;;;;;
2024/02/19;1300 UTC;0;966,3;966,3;966,1;1300;26;;26,5;25,5;;;;;;;;;
2024/02/19;1400 UTC;0;966,3;966,5;966,3;1253,4;26,8;;26,9;26;;;;;;;;;
2024/02/19;1500 UTC;0;965,6;966,3;965,6;2941,9;28,4;;28,7;26,8;;;;;;;;;
2024/02/19;1600 UTC;0;964,7;965,6;964,7;2831,2;29,7;;30,3;27,6;;;;;;;;;
2024/02/19;1700 UTC;0;963,6;964,7;963,5;2801,9;29,9;;31,1;29,2;;;;;;;;;
2024/02/19;1800 UTC;0;962,5;963,5;962,5;2672,5;30,1;;31,7;29,9;;;;;;;;;
2024/02/19;1900 UTC;0;961,7;962,5;961,7;2023,3;31,1;;32;30;;;;;;;;;
2024/02/19;2000 UTC;0;961,2;961,7;961,2;2196,9;32,5;;32,5;30,9;;;;;;;;;
2024/02/19;2100 UTC;0;961,3;961,3;961,2;927,9;29,8;;32,8;29,8;;;;;;;;;
2024/02/19;2200 UTC;0;961,8;961,8;961,3;271,6;28,2;;30,2;28,2;;;;;;;;;
2024/02/19;2300 UTC;0;962,3;962,3;961,8;;24,8;;28,2;24,8;;;;;;;;;
2024/02/20;0000 UTC;3,4;963,1;963,4;962,3;;24,6;;25,6;24,3;;;;;;;;;
2024/02/20;0100 UTC;,2;963,4;963,4;963,1;1,1;23,8;;24,6;23,5;;;;;;;;;
2024/02/20;0200 UTC;,2;963,6;963,6;963,3;;23,9;;23,9;23,6;;;;;;;;;
2024/02/20;0300 UTC;,6;962,8;963,8;962,8;;23,2;;23,9;23,2;;;;;;;;;
2024/02/20;0400 UTC;0;962,3;962,8;962,3;;22,7;;23,3;22,6;;;;;;;;;
2024/02/20;0500 UTC;0;962,5;962,9;962,3;,4;22,8;;23,5;22,6;;;;;;;;;
2024/02/20;0600 UTC;0;961,8;962,5;961,8;;21,8;;22,8;21,8;;;;;;;;;
2024/02/20;0700 UTC;0;961,4;961,8;961,4;;21,4;;21,8;21,4;;;;;;;;;
2024/02/20;0800 UTC;0;961,3;961,5;961,2;;21,1;;21,5;21,1;;;;;;;;;
2024/02/20;0900 UTC;0;961,8;961,8;961,3;;21,6;;21,7;21,1;;;;;;;;;
2024/02/20;1000 UTC;,2;962,3;962,3;961,8;89,5;22,7;;22,7;21,6;;;;;;;;;
2024/02/20;1100 UTC;0;963,1;963,1;962,3;703,3;24;;24;22,7;;;;;;;;;
2024/02/20;1200 UTC;0;963,5;963,5;963,1;1594,7;25,9;;26,2;23,9;;;;;;;;;
2024/02/20;1300 UTC;0;963,7;963,7;963,5;2044,9;27,5;;27,6;25,8;;;;;;;;;
2024/02/20;1400 UTC;0;963,6;963,7;963,5;2386,1;28,4;;29,6;27,5;;;;;;;;;
2024/02/20;1500 UTC;0;962,9;963,6;962,9;2779,2;28,9;;30,8;28,3;;;;;;;;;
2024/02/20;1600 UTC;,2;961,5;962,9;961,5;3023,3;29,5;;30,3;27,9;;;;;;;;;
2024/02/20;1700 UTC;0;960,9;961,5;960,8;3688,5;30,7;;31,4;28,2;;;;;;;;;
2024/02/20;1800 UTC;0;960,7;961,5;960,7;2388,5;28,5;;30,7;25,9;;;;;;;;;
2024/02/20;1900 UTC;0;960;960,7;960;1639,8;28,5;;29,4;28,3;;;;;;;;;
2024/02/20;2000 UTC;0;960,5;960,5;959,8;416,4;26,7;;28,5;26,4;;;;;;;;;
2024/02/20;2100 UTC;,2;960,5;960,9;959,8;780,3;25,8;;26,7;24,8;;;;;;;;;
2024/02/20;2200 UTC;0;960,8;960,9;960,3;83,6;24,5;;25,8;24,5;;;;;;;;;
2024/02/20;2300 UTC;0;962,5;962,5;960,8;;23,8;;24,5;23,8;;;;;;;;;
2024/02/21;0000 UTC;0;963,9;964;962,4;;23,2;;23,9;23,2;;;;;;;;;
2024/02/21;0100 UTC;,6;964,7;965;963,7;;22;;23,6;22;;;;;;;;;
2024/02/21;0200 UTC;0;963,9;964,7;963,9;;21,5;;22;21,4;;;;;;;;;
2024/02/21;0300 UTC;0;963,8;964;963,8;;21,3;;21,5;21,2;;;;;;;;;
2024/02/21;0400 UTC;0;963;963,8;963;;21,6;;21,6;21,1;;;;;;;;;
2024/02/21;0500 UTC;0;962,6;963;962,6;;21,7;;21,8;21,5;;;;;;;;;
2024/02/21;0600 UTC;0;962,1;962,6;962,1;;21,7;;21,8;21,6;;;;;;;;;
2024/02/21;0700 UTC;0;962,1;962,2;962;;21,5;;21,7;21,5;;;;;;;;;
2024/02/21;0800 UTC;,2;962,5;962,5;962,1;;21,2;;21,6;21,2;;;;;;;;;
2024/02/21;0900 UTC;0;962,7;962,7;962,4;;21;;21,2;20,8;;;;;;;;;
2024/02/21;1000 UTC;0;963,6;963,6;962,7;73,6;21,7;;21,7;20,6;;;;;;;;;
2024/02/21;1100 UTC;0;964,4;964,4;963,6;453,1;22,5;;22,5;21,7;;;;;;;;;
2024/02/21;1200 UTC;0;964,8;964,8;964,3;1260,9;24,5;;24,6;22,4;;;;;;;;;
2024/02/21;1300 UTC;0;964,8;964,9;964,8;1554,1;25,8;;26,1;24,5;;;;;;;;;
2024/02/21;1400 UTC;0;964,8;964,9;964,8;2050,1;26,9;;27,4;25,5;;;;;;;;;
2024/02/21;1500 UTC;0;964,2;964,8;964,2;2712;27,7;;28,9;26,4;;;;;;;;;
2024/02/21;1600 UTC;0;963,1;964,2;963,1;2122,5;29,6;;29,8;27,6;;;;;;;;;
2024/02/21;1700 UTC;0;962;963,1;962;2416,8;29,7;;30,9;29;;;;;;;;;
2024/02/21;1800 UTC;0;961,2;962;961,2;2173,2;30,1;;31,6;29,6;;;;;;;;;
2024/02/21;1900 UTC;0;960,5;961,2;960,5;2476;30,3;;32,4;30,1;;;;;;;;;
2024/02/21;2000 UTC;0;960,6;960,6;960,4;1293,8;30;;31,3;29,6;;;;;;;;;
2024/02/21;2100 UTC;0;961,1;961,1;960,5;470,9;27,4;;30;27,3;;;;;;;;;
2024/02/21;2200 UTC;0;961,7;961,8;961,1;234,9;26,7;;27,6;26,7;;;;;;;;;
2024/02/21;2300 UTC;0;962,6;962,6;961,7;;25;;26,7;25;;;;;;;;;
2024/02/22;0000 UTC;0;963,3;963,3;962,6;;24,2;;25;24,2;;;;;;;;;
2024/02/22;0100 UTC;0;963,7;963,8;963,2;;23,5;;24,2;23,5;;;;;;;;;
2024/02/22;0200 UTC;0;964,4;964,5;963,7;;23,4;;23,6;23,4;;;;;;;;;
2024/02/22;0300 UTC;0;964,4;964,4;964,3;;23,3;;23,5;23,3;;;;;;;;;
2024/02/22;0400 UTC;0;964,3;964,5;964,3;;22,4;;23,3;22,4;;;;;;;;;
2024/02/22;0500 UTC;0;964,1;964,4;964;;22,1;;22,4;22,1;;;;;;;;;
2024/02/22;0600 UTC;0;963,6;964,1;963,5;;22,3;;22,3;21,9;;;;;;;;;
2024/02/22;0700 UTC;0;963,6;963,7;963,5;;22,2;;22,3;22,2;;;;;;;;;
2024/02/22;0800 UTC;0;963,9;963,9;963,6;;22,2;;22,3;22,2;;;;;;;;;
2024/02/22;0900 UTC;0;963,8;964;963,8;;22,1;;22,2;22;;;;;;;;;
2024/02/22;1000 UTC;0;964,5;964,5;963,8;49,8;22,3;;22,3;22;;;;;;;;;
2024/02/22;1100 UTC;0;965,4;965,4;964,5;485,8;23,8;;23,9;22,3;;;;;;;;;
2024/02/22;1200 UTC;0;965,8;965,8;965,4;1627,1;25,8;;25,8;23,8;;;;;;;;;
2024/02/22;1300 UTC;0;965,8;965,9;965,7;2591,4;28,1;;28,2;25,8;;;;;;;;;
2024/02/22;1400 UTC;0;965,9;966;965,8;3027;29,6;;30;28;;;;;;;;;
2024/02/22;1500 UTC;0;965,5;965,9;965,5;2856,3;30,1;;31,2;29,3;;;;;;;;;
2024/02/22;1600 UTC;0;964,8;965,5;964,8;2692,8;31,5;;32,3;30,1;;;;;;;;;
2024/02/22;1700 UTC;0;963,8;964,8;963,8;2506,4;32,3;;32,7;31,3;;;;;;;;;
2024/02/22;1800 UTC;0;963;963,8;963;2997,5;32,7;;33,4;31,8;;;;;;;;;
2024/02/22;1900 UTC;0;962,4;963;962,4;1991,8;31,7;;33,7;31,7;;;;;;;;;
2024/02/22;2000 UTC;0;962,1;962,4;962;1184,3;32,6;;32,9;31,6;;;;;;;;;
2024/02/22;2100 UTC;0;962,5;962,5;962,1;1062,5;31,8;;32,7;31,8;;;;;;;;;
2024/02/22;2200 UTC;0;963;963;962,5;155,2;29,1;;31,9;29,1;;;;;;;;;
2024/02/22;2300 UTC;0;963,8;963,8;963;;28,1;;29,1;27,7;;;;;;;;;
2024/02/23;0000 UTC;0;964,5;964,6;963,8;;26,2;;28,1;25,8;;;;;;;;;
2024/02/23;0100 UTC;0;965,6;965,6;964,5;;25,7;;26,4;25,4;;;;;;;;;
2024/02/23;0200 UTC;0;966,3;966,3;965,6;;25,1;;25,8;24,7;;;;;;;;;
2024/02/23;0300 UTC;0;966,1;966,3;966;;25,3;;25,5;25,1;;;;;;;;;
2024/02/23;0400 UTC;0;966,2;966,3;966;;25;;25,3;24,7;;;;;;;;;
2024/02/23;0500 UTC;0;966;966,2;966;;24,6;;25;24,6;;;;;;;;;
2024/02/23;0600 UTC;0;965,9;966;965,9;;24;;24,6;24;;;;;;;;;
2024/02/23;0700 UTC;0;966,2;966,3;965,9;;23,6;;24,2;23,6;;;;;;;;;
2024/02/23;0800 UTC;0;966,9;967;966,2;;23,5;;23,6;23,4;;;;;;;;;
2024/02/23;0900 UTC;0;967,4;967,4;966,9;;23,4;;23,5;23,3;;;;;;;;;
2024/02/23;1000 UTC;0;968;968;967,4;74,3;24,4;;24,4;23,4;;;;;;;;;
2024/02/23;1100 UTC;0;968,9;968,9;968;763,9;26,9;;26,9;24,4;;;;;;;;;
2024/02/23;1200 UTC;0;969,7;969,7;968,9;1664,6;28,8;;28,9;26,6;;;;;;;;;
2024/02/23;1300 UTC;0;970;970,1;969,7;2508,5;30,1;;30,2;28,3;;;;;;;;;
2024/02/23;1400 UTC;0;969,6;970,1;969,6;3150,7;31,3;;31,4;29,7;;;;;;;;;
2024/02/23;1500 UTC;0;969,4;969,6;969,4;1344,6;29,9;;31,3;29,2;;;;;;;;;
2024/02/23;1600 UTC;0;968,3;969,4;968,3;3637,9;33,2;;33,2;29,9;;;;;;;;;
2024/02/23;1700 UTC;0;967,5;968,3;967,5;3375,5;34;;34;32,5;;;;;;;;;
2024/02/23;1800 UTC;0;967,3;967,5;967,3;1283;32,1;;34;32;;;;;;;;;
2024/02/23;1900 UTC;2,4;967,1;967,5;967,1;630,7;25,5;;32,2;25,3;;;;;;;;;
2024/02/23;2000 UTC;2,6;967,5;967,9;966,9;290,3;23,5;;26,7;23,5;;;;;;;;;
2024/02/23;2100 UTC;,2;967;967,8;967;365,9;24,5;;25;23,5;;;;;;;;;
2024/02/23;2200 UTC;0;966,9;967,2;966,9;38;25,1;;25,3;24,5;;;;;;;;;
2024/02/23;2300 UTC;0;968,1;968,1;966,9;;25;;26,2;24,8;;;;;;;;;
2024/02/24;0000 UTC;0;969,8;969,8;968,1;;25,2;;25,3;25;;;;;;;;;
2024/02/24;0100 UTC;0;970,9;970,9;969,8;;25,3;;25,4;25,1;;;;;;;;;
2024/02/24;0200 UTC;0;971,1;971,1;970,7;;25,4;;25,4;24,9;;;;;;;;;
2024/02/24;0300 UTC;0;971,1;971,3;971,1;;24,6;;25,3;24,3;;;;;;;;;
2024/02/24;0400 UTC;0;970,7;971,1;970,7;;24,3;;24,6;24,3;;;;;;;;;
2024/02/24;0500 UTC;0;970,7;971,1;970,7;;24,1;;24,4;24;;;;;;;;;
2024/02/24;0600 UTC;0;970,3;970,7;970,3;;24,3;;24,5;24,1;;;;;;;;;
2024/02/24;0700 UTC;0;970,4;970,4;970,1;;23,7;;24,3;23,7;;;;;;;;;
2024/02/24;0800 UTC;0;970,8;970,8;970,4;;23,6;;23,7;23,5;;;;;;;;;
2024/02/24;0900 UTC;0;971,4;971,4;970,8;;23,6;;23,6;23,5;;;;;;;;;
2024/02/24;1000 UTC;0;971,7;971,7;971,4;83,2;24;;24;23,5;;;;;;;;;
2024/02/24;1100 UTC;0;972,3;972,3;971,7;638,2;25,5;;25,6;24;;;;;;;;;
2024/02/24;1200 UTC;0;972,9;972,9;972,3;1630,1;27;;27,3;25,5;;;;;;;;;
2024/02/24;1300 UTC;0;973,2;973,2;972,9;2247,2;28,5;;28,9;27;;;;;;;;;
2024/02/24;1400 UTC;0;973,2;973,3;973,1;2842,6;30,1;;30,3;28,5;;;;;;;;;
2024/02/24;1500 UTC;0;972,7;973,2;972,7;2717,7;30,7;;30,9;30;;;;;;;;;
2024/02/24;1600 UTC;0;972,1;972,7;972,1;3536,9;32,5;;32,6;30,6;;;;;;;;;
2024/02/24;1700 UTC;0;971,1;972,1;971,1;3078,9;33,2;;33,2;31,9;;;;;;;;;
2024/02/24;1800 UTC;0;969,8;971,1;969,8;1943,2;33,3;;33,6;32;;;;;;;;;
2024/02/24;1900 UTC;0;969,1;969,8;969,1;2046,5;33,6;;34,4;32,5;;;;;;;;;
2024/02/24;2000 UTC;0;968,7;969,1;968,7;1995,2;33,9;;34,5;33,4;;;;;;;;;
2024/02/24;2100 UTC;0;969,2;969,2;968,7;1115,7;32,9;;34;32,9;;;;;;;;;
2024/02/24;2200 UTC;0;969,9;969,9;969,2;121;30,3;;32,8;30,3;;;;;;;;;
2024/02/24;2300 UTC;0;970,6;970,7;969,9;;29;;30,3;29;;;;;;;;;
2024/02/25;0000 UTC;0;971,7;971,7;970,6;;28,2;;29,3;28,2;;;;;;;;;
2024/02/25;0100 UTC;0;972,7;972,7;971,7;;27,2;;28,4;27,2;;;;;;;;;
2024/02/25;0200 UTC;0;973,3;973,5;972,6;;26;;27,2;26;;;;;;;;;
2024/02/25;0300 UTC;0;972,9;973,4;972,9;;25;;26;24,9;;;;;;;;;
2024/02/25;0400 UTC;0;972,9;973,1;972,9;;24;;25,1;24;;;;;;;;;
2024/02/25;0500 UTC;0;972,9;973;972,8;;24,2;;24,2;24;;;;;;;;;
2024/02/25;0600 UTC;0;973;973,1;972,9;;23,8;;24,2;23,8;;;;;;;;;
2024/02/25;0700 UTC;0;973;973;972,9;;23,3;;23,8;23,3;;;;;;;;;
2024/02/25;0800 UTC;0;973,1;973,1;972,9;;23,5;;23,5;23,3;;;;;;;;;
2024/02/25;0900 UTC;0;973,4;973,5;973,1;;23,2;;23,6;23,2;;;;;;;;;
2024/02/25;1000 UTC;0;974;974;973,4;88,5;23,5;;23,5;23;;;;;;;;;
2024/02/25;1100 UTC;0;974,8;974,8;974;830,5;26,2;;26,4;23,5;;;;;;;;;
2024/02/25;1200 UTC;0;975,1;975,1;974,7;1621,8;27,8;;27,8;26;;;;;;;;;
2024/02/25;1300 UTC;0;975;975,1;975;2356,7;30,1;;30,2;27,7;;;;;;;;;
2024/02/25;1400 UTC;0;974,9;975,1;974,9;3143,2;30,5;;31,1;29,6;;;;;;;;;
2024/02/25;1500 UTC;0;974,7;975;974,7;3134;31,4;;31,7;30,3;;;;;;;;;
2024/02/25;1600 UTC;0;973,7;974,7;973,7;3398;32;;33;31,4;;;;;;;;;
2024/02/25;1700 UTC;0;972,9;973,7;972,9;3536,3;33,7;;33,9;31,6;;;;;;;;;
2024/02/25;1800 UTC;0;971,9;972,9;971,9;2968,2;34,2;;34,2;32,6;;;;;;;;;
2024/02/25;1900 UTC;0;971;971,9;971;2176,7;33,9;;34,2;32,7;;;;;;;;;
2024/02/25;2000 UTC;0;970;971;970;1783,7;34,4;;34,4;33,6;;;;;;;;;
2024/02/25;2100 UTC;0;969,6;970;969,3;1052,2;33,8;;34,9;33,3;;;;;;;;;
2024/02/25;2200 UTC;0;970;970;969,5;145,4;30,8;;33,9;30,8;;;;;;;;;
2024/02/25;2300 UTC;0;970,8;970,8;970;;28,3;;30,8;28,3;;;;;;;;;
2024/02/26;0000 UTC;0;971,4;971,4;970,8;;27,3;;28,3;27,3;;;;;;;;;
2024/02/26;0100 UTC;0;971,5;971,6;971,4;;26;;27,3;26;;;;;;;;;
2024/02/26;0200 UTC;0;971,7;971,8;971,4;;25,9;;26,9;25,7;;;;;;;;;
2024/02/26;0300 UTC;0;971,6;971,7;971,3;;27;;27,4;25,9;;;;;;;;;
2024/02/26;0400 UTC;0;971,5;971,7;971,5;;27,7;;27,7;25,7;;;;;;;;;
2024/02/26;0500 UTC;0;971,3;971,7;971,2;;26,2;;28,1;26,2;;;;;;;;;
2024/02/26;0600 UTC;0;970,9;971,3;970,8;;25,8;;26,2;25,8;;;;;;;;;
2024/02/26;0700 UTC;0;970,7;971;970,7;;25,4;;25,8;25,4;;;;;;;;;
2024/02/26;0800 UTC;0;970,9;970,9;970,6;;24,9;;25,4;24,8;;;;;;;;;
2024/02/26;0900 UTC;0;971;971,1;970,8;;24,7;;24,9;24,7;;;;;;;;;
2024/02/26;1000 UTC;0;971,9;971,9;971;34,5;24,7;;24,8;24,6;;;;;;;;;
2024/02/26;1100 UTC;0;972,4;972,4;971,9;358,2;26,1;;26,1;24,7;;;;;;;;;
2024/02/26;1200 UTC;0;972,9;972,9;972,4;1626,1;28,5;;28,6;26,1;;;;;;;;;
2024/02/26;1300 UTC;0;973;973;972,9;2206,1;29,4;;30;28,1;;;;;;;;;
2024/02/26;1400 UTC;0;972,7;973;972,7;2516;30,7;;31;28,6;;;;;;;;;
2024/02/26;1500 UTC;0;971,9;972,7;971,9;3581,5;32,7;;32,7;30,7;;;;;;;;;
2024/02/26;1600 UTC;0;971;971,9;971;3758,3;34;;34,2;32,3;;;;;;;;;
2024/02/26;1700 UTC;0;970;971;970;3553;34,6;;35,1;33;;;;;;;;;
2024/02/26;1800 UTC;0;969;970;969;2979;34,7;;35,5;33,9;;;;;;;;;
2024/02/26;1900 UTC;0;968,2;969;968,2;2600,1;35,5;;35,8;34,6;;;;;;;;;
2024/02/26;2000 UTC;0;967,2;968,2;967,2;959,9;33,2;;35,5;33,1;;;;;;;;;
2024/02/26;2100 UTC;0;967,6;967,8;967,1;475;32,5;;33,5;32,5;;;;;;;;;
2024/02/26;2200 UTC;0;967,7;968;967,5;136,5;30,9;;32,5;30,9;;;;;;;;;
2024/02/26;2300 UTC;0;967,4;968;967,3;;30,1;;30,9;29,8;;;;;;;;;
2024/02/27;0000 UTC;0;968,2;968,3;967,4;;28,3;;30,1;28,3;;;;;;;;;
2024/02/27;0100 UTC;0;968,8;968,8;968,1;;27,6;;28,3;27,4;;;;;;;;;
2024/02/27;0200 UTC;0;969,2;969,2;968,6;;26,5;;27,6;26,5;;;;;;;;;
2024/02/27;0300 UTC;0;968,5;969,2;968,5;;27,2;;27,7;26,5;;;;;;;;;
2024/02/27;0400 UTC;0;968,5;968,6;968,3;;27;;27,9;26,9;;;;;;;;;
2024/02/27;0500 UTC;0;967,9;968,5;967,9;;25,8;;27;25,7;;;;;;;;;
2024/02/27;0600 UTC;0;968,1;968,1;967,9;;25,7;;26,2;25,7;;;;;;;;;
2024/02/27;0700 UTC;0;968,2;968,2;968;;25,6;;25,9;25,5;;;;;;;;;
2024/02/27;0800 UTC;0;968,4;968,4;968,2;;24,9;;25,5;24,9;;;;;;;;;
2024/02/27;0900 UTC;0;968,6;968,6;968,4;;24,5;;24,9;24,3;;;;;;;;;
2024/02/27;1000 UTC;0;968,9;968,9;968,6;46,5;25;;25;24,5;;;;;;;;;
2024/02/27;1100 UTC;0;969,1;969,2;968,9;574,9;26,7;;26,7;25;;;;;;;;;
2024/02/27;1200 UTC;0;969,7;969,7;969,1;1454,3;28,9;;28,9;26,7;;;;;;;;;
2024/02/27;1300 UTC;0;969,7;969,8;969,6;2313,8;30,4;;30,9;28,7;;;;;;;;;
2024/02/27;1400 UTC;0;969,7;969,9;969,7;3078,5;31,9;;32;30,5;;;;;;;;;
2024/02/27;1500 UTC;0;969;969,7;969;3304,4;33;;33,3;31;;;;;;;;;
2024/02/27;1600 UTC;0;968,1;969;968,1;3343,8;33,5;;34,2;32,5;;;;;;;;;
2024/02/27;1700 UTC;0;967,1;968,1;967,1;2522,2;34,7;;35,2;32,8;;;;;;;;;
2024/02/27;1800 UTC;0;966,4;967,1;966,4;3342,7;35,2;;35,6;34,6;;;;;;;;;
2024/02/27;1900 UTC;0;965,8;966,4;965,8;2857,6;35,7;;35,9;34,9;;;;;;;;;
2024/02/27;2000 UTC;0;965,4;965,8;965,4;2146,1;34,6;;35,8;34,6;;;;;;;;;
2024/02/27;2100 UTC;0;965,8;965,8;965,4;953,5;33,3;;35;33,3;;;;;;;;;
2024/02/27;2200 UTC;0;966,3;966,3;965,8;82,5;30,8;;33,3;30,8;;;;;;;;;
2024/02/27;2300 UTC;0;966,9;966,9;966,3;;28,8;;30,8;28,8;;;;;;;;;
2024/02/28;0000 UTC;0;967,7;967,7;966,9;;28,2;;28,9;28,1;;;;;;;;;
2024/02/28;0100 UTC;0;968,4;968,4;967,7;;27,4;;28,3;27,1;;;;;;;;;
2024/02/28;0200 UTC;0;968,8;968,8;968,4;;26,6;;27,4;26,6;;;;;;;;;
2024/02/28;0300 UTC;0;968,6;968,8;968,6;;25,8;;26,6;25,8;;;;;;;;;
2024/02/28;0400 UTC;0;968;968,6;967,9;;26,4;;26,5;25,3;;;;;;;;;
2024/02/28;0500 UTC;0;967,4;968;967,4;;26,3;;26,6;25,1;;;;;;;;;
2024/02/28;0600 UTC;0;967;967,4;966,9;;25,7;;26,3;25,5;;;;;;;;;
2024/02/28;0700 UTC;0;966,9;967,1;966,9;;25,4;;25,9;25,4;;;;;;;;;
2024/02/28;0800 UTC;0;966,8;966,9;966,8;;25,1;;25,5;25,1;;;;;;;;;
2024/02/28;0900 UTC;0;967,1;967,1;966,7;;24,8;;25,2;24,8;;;;;;;;;
2024/02/28;1000 UTC;0;967,5;967,5;967,1;73,3;24,4;;24,8;23,8;;;;;;;;;
2024/02/28;1100 UTC;0;968,6;968,6;967,5;639,1;28,3;;28,4;24,4;;;;;;;;;
2024/02/28;1200 UTC;0;969,5;969,5;968,6;1507,4;30;;30;28,3;;;;;;;;;
2024/02/28;1300 UTC;0;970;970;969,5;2305,3;31,5;;31,7;29,7;;;;;;;;;
2024/02/28;1400 UTC;0;969,9;970;969,9;3123,7;33,3;;33,4;31,1;;;;;;;;;
2024/02/28;1500 UTC;0;969,3;969,9;969,3;3259,1;34,8;;34,9;32,9;;;;;;;;;
2024/02/28;1600 UTC;0;968,6;969,3;968,6;3631,6;36,1;;36,3;34,5;;;;;;;;;
2024/02/28;1700 UTC;0;968;968,6;968;2885,2;35,2;;36,9;34,6;;;;;;;;;
2024/02/28;1800 UTC;0;967,3;968;967,3;2051,4;35,2;;36,8;34,8;;;;;;;;;
2024/02/28;1900 UTC;0;966,5;967,3;966,5;2241,9;35,9;;36,7;34,8;;;;;;;;;
2024/02/28;2000 UTC;0;966,2;966,5;966,1;1917,6;35,8;;36,7;35,8;;;;;;;;;
2024/02/28;2100 UTC;0;965,9;966,2;965,9;1046,5;34,6;;36,1;34,6;;;;;;;;;
2024/02/28;2200 UTC;0;966,3;966,3;965,9;149,2;31,4;;34,6;31,4;;;;;;;;;
2024/02/28;2300 UTC;0;966,9;966,9;966,3;;30,7;;31,4;30,2;;;;;;;;;
2024/02/29;0000 UTC;0;967,8;967,8;966,9;;29,2;;30,7;28,6;;;;;;;;;
2024/02/29;0100 UTC;0;968,3;968,3;967,8;;28,3;;29,8;27,5;;;;;;;;;
2024/02/29;0200 UTC;0;968,2;968,4;968,2;;28,1;;29,1;28,1;;;;;;;;;
2024/02/29;0300 UTC;0;968,2;968,2;968,1;;28,4;;28,4;27,9;;;;;;;;;
2024/02/29;0400 UTC;0;968;968,2;967,9;;27,9;;28,6;27,7;;;;;;;;;
2024/02/29;0500 UTC;0;968,2;968,3;967,9;;25,1;;28;25,1;;;;;;;;;
2024/02/29;0600 UTC;0;968,1;968,2;968;;24,3;;25,6;24,3;;;;;;;;;
2024/02/29;0700 UTC;0;968,3;968,3;968,1;;24,7;;24,8;23,9;;;;;;;;;
2024/02/29;0800 UTC;0;968,4;968,4;968,2;;23,7;;25,3;23,7;;;;;;;;;
2024/02/29;0900 UTC;0;968,6;968,7;968,4;;22,8;;24,2;22,8;;;;;;;;;
2024/02/29;1000 UTC;0;969,5;969,6;968,6;52,1;23,5;;23,5;22,2;;;;;;;;;
2024/02/29;1100 UTC;0;970,2;970,2;969,5;743,5;27,4;;27,4;23,5;;;;;;;;;
2024/02/29;1200 UTC;0;970,6;970,7;970,2;1602,8;30,9;;31;27,4;;;;;;;;;
2024/02/29;1300 UTC;0;970,6;970,7;970,6;2410,9;32,8;;33;30,5;;;;;;;;;
2024/02/29;1400 UTC;0;970,3;970,6;970,3;3079,3;34;;34,6;32,5;;;;;;;;;
2024/02/29;1500 UTC;0;969,8;970,3;969,8;3503,1;35,8;;35,8;33,8;;;;;;;;;
2024/02/29;1600 UTC;0;969;969,8;969;3052;36,4;;36,7;34,4;;;;;;;;;
2024/02/29;1700 UTC;0;968;969;968;2558,9;36,3;;37,4;34,8;;;;;;;;;
2024/02/29;1800 UTC;0;967,2;967,9;967,2;1191,5;35,1;;37;35;;;;;;;;;
2024/02/29;1900 UTC;0;966,4;967,2;966,4;1995,8;36,4;;37,5;35,2;;;;;;;;;
2024/02/29;2000 UTC;0;966;966,5;966;1766,3;37,1;;37,7;35,8;;;;;;;;;
2024/02/29;2100 UTC;0;965,8;966;965,7;1040,3;36,1;;37,2;36,1;;;;;;;;;
2024/02/29;2200 UTC;0;966,4;966,4;965,8;101,8;32,4;;36,1;32,3;;;;;;;;;
2024/02/29;2300 UTC;0;966,8;966,8;966,4;;32;;32,6;31,3;;;;;;;;;
2024/03/01;0000 UTC;0;966,9;967;966,8;;31,7;;32,4;30,4;;;;;;;;;
2024/03/01;0100 UTC;11,2;970,3;970,3;966,9;1,4;23;;32,3;23;;;;;;;;;
2024/03/01;0200 UTC;6;970,1;970,5;969,5;;23;;23,3;22,9;;;;;;;;;
2024/03/01;0300 UTC;0;970,1;970,3;969,3;1;23,9;;24;23;;;;;;;;;
2024/03/01;0400 UTC;0;969,5;970,2;969,5;4,5;24,5;;24,5;23,9;;;;;;;;;
2024/03/01;0500 UTC;0;968,3;969,5;968,3;;24,1;;24,7;24;;;;;;;;;
2024/03/01;0600 UTC;0;967,6;968,3;967,6;;25,7;;25,7;24,1;;;;;;;;;
2024/03/01;0700 UTC;0;967,5;967,6;967,2;;24,6;;26,2;24,6;;;;;;;;;
2024/03/01;0800 UTC;0;967,4;967,5;967,3;;23,4;;24,6;23,4;;;;;;;;;
2024/03/01;0900 UTC;0;967,9;967,9;967,3;;23;;23,5;22,8;;;;;;;;;
2024/03/01;1000 UTC;0;968,8;968,8;967,9;83,8;23,3;;23,3;22,7;;;;;;;;;
2024/03/01;1100 UTC;,2;970,1;970,1;968,7;717,5;25,1;;25,3;23,3;;;;;;;;;
2024/03/01;1200 UTC;0;970,6;970,6;970,1;1598,8;27,2;;27,8;25,1;;;;;;;;;
2024/03/01;1300 UTC;0;970,5;970,7;970,5;2402,5;29,6;;29,6;27,1;;;;;;;;;
2024/03/01;1400 UTC;0;970,3;970,5;970,3;3052,4;31,8;;31,8;29,5;;;;;;;;;
2024/03/01;1500 UTC;0;969,7;970,3;969,7;3462;33,2;;33,4;31,4;;;;;;;;;
2024/03/01;1600 UTC;0;968,8;969,7;968,8;3408;34,2;;34,4;33;;;;;;;;;
2024/03/01;1700 UTC;0;968,1;968,8;968,1;3254,7;35,2;;35,6;34,2;;;;;;;;;
2024/03/01;1800 UTC;0;967,1;968,1;967,1;3343,7;35,7;;36,1;35,2;;;;;;;;;
2024/03/01;1900 UTC;0;966,1;967,1;966,1;1198,6;34,2;;36;34,2;;;;;;;;;
2024/03/01;2000 UTC;0;966,4;966,4;965,7;400,5;32;;34,2;32;;;;;;;;;
2024/03/01;2100 UTC;0;966,3;966,4;966,1;168,4;29,3;;32;29,1;;;;;;;;;
2024/03/01;2200 UTC;0;966,6;966,7;966,3;68,4;28,2;;29,3;28,2;;;;;;;;;
2024/03/01;2300 UTC;0;967,2;967,2;966,6;;27,3;;28,2;27,3;;;;;;;;;
2024/03/02;0000 UTC;0;967,7;967,7;967,2;;26,8;;27,4;26,7;;;;;;;;;
2024/03/02;0100 UTC;0;968,3;968,3;967,7;;25,9;;26,8;25,9;;;;;;;;;
2024/03/02;0200 UTC;0;968,8;968,9;968,3;;26,3;;26,4;25,1;;;;;;;;;
2024/03/02;0300 UTC;0;968,7;968,8;968,6;;25,7;;26,6;25,7;;;;;;;;;
2024/03/02;0400 UTC;0;968,2;968,7;968,2;;24,9;;25,8;24,9;;;;;;;;;
2024/03/02;0500 UTC;0;968,1;968,3;968;;25;;25,2;24,7;;;;;;;;;
2024/03/02;0600 UTC;0;967,9;968,1;967,8;;24,4;;25;24,4;;;;;;;;;
2024/03/02;0700 UTC;0;967,6;968;967,6;;23,8;;24,4;23,8;;;;;;;;;
2024/03/02;0800 UTC;0;968;968;967,5;;23,8;;23,9;23,6;;;;;;;;;
2024/03/02;0900 UTC;0;968,4;968,4;968;;23,4;;23,8;23,4;;;;;;;;;
2024/03/02;1000 UTC;0;969,1;969,1;968,4;78,5;23,6;;23,6;23,2;;;;;;;;;
2024/03/02;1100 UTC;0;970,1;970,1;969,1;545,4;24,7;;24,8;23,6;;;;;;;;;
2024/03/02;1200 UTC;0;970,6;970,6;970;1534,8;26,5;;26,8;24,7;;;;;;;;;
2024/03/02;1300 UTC;0;970,7;970,7;970,6;2424;28,4;;28,7;26,5;;;;;;;;;
2024/03/02;1400 UTC;0;970,3;970,7;970,3;3061,2;30,3;;30,4;28,1;;;;;;;;;
2024/03/02;1500 UTC;0;969,7;970,3;969,7;3467,6;31,3;;31,7;30,2;;;;;;;;;
2024/03/02;1600 UTC;0;968,8;969,7;968,8;3630,3;32,9;;33,2;31,3;;;;;;;;;
2024/03/02;1700 UTC;0;968,1;968,8;968,1;3536,4;33,6;;33,7;32,6;;;;;;;;;
2024/03/02;1800 UTC;0;966,8;968,1;966,8;3226,8;34,8;;34,9;33,1;;;;;;;;;
2024/03/02;1900 UTC;0;965,9;966,8;965,9;2638,5;34,5;;34,9;34;;;;;;;;;
2024/03/02;2000 UTC;0;965,2;965,9;965,2;1866,7;34,2;;35,5;34,1;;;;;;;;;
2024/03/02;2100 UTC;0;965;965,2;964,9;972,8;33,5;;34,7;33,5;;;;;;;;;
2024/03/02;2200 UTC;0;965,5;965,5;965;95,9;30,9;;33,5;30,9;;;;;;;;;
2024/03/02;2300 UTC;0;966,3;966,3;965,5;;28,8;;30,9;28,8;;;;;;;;;
2024/03/03;0000 UTC;0;967,1;967,1;966,3;;27,5;;29,3;27,5;;;;;;;;;
2024/03/03;0100 UTC;0;968,3;968,3;967,1;;28,8;;29,2;26,8;;;;;;;;;
2024/03/03;0200 UTC;0;968,6;968,6;968,3;;28,2;;28,8;28,1;;;;;;;;;
2024/03/03;0300 UTC;0;968,5;968,6;968,3;;27,1;;28,2;27,1;;;;;;;;;
2024/03/03;0400 UTC;0;967,8;968,5;967,8;;26,3;;27,1;26,3;;;;;;;;;
2024/03/03;0500 UTC;0;967;967,8;967;;26;;26,8;26;;;;;;;;;
2024/03/03;0600 UTC;0;967,1;967,1;966,8;;25,3;;26;25,3;;;;;;;;;
2024/03/03;0700 UTC;0;967;967,1;966,9;;24,8;;25,6;24,8;;;;;;;;;
2024/03/03;0800 UTC;0;967,5;967,5;966,9;;24,4;;24,8;24,3;;;;;;;;;
2024/03/03;0900 UTC;0;968,3;968,3;967,5;;23,3;;24,4;23,3;;;;;;;;;
2024/03/03;1000 UTC;0;968,6;968,6;968,3;81,3;24;;24;23,2;;;;;;;;;
2024/03/03;1100 UTC;0;969,4;969,5;968,6;739,6;25,3;;25,4;24;;;;;;;;;
2024/03/03;1200 UTC;0;969,4;969,5;969,2;1664,8;26,9;;27,3;25,2;;;;;;;;;
2024/03/03;1300 UTC;0;969,7;969,7;969,3;2418,7;29;;29;26,9;;;;;;;;;
2024/03/03;1400 UTC;0;969,2;969,7;969,1;3132,1;30,7;;31;28,9;;;;;;;;;
2024/03/03;1500 UTC;0;968,7;969,2;968,7;3435,7;32,2;;32,4;30,7;;;;;;;;;
2024/03/03;1600 UTC;0;968,1;968,7;968,1;3717,6;33,9;;33,9;32,3;;;;;;;;;
2024/03/03;1700 UTC;0;967,5;968,1;967,5;2781;35,6;;35,6;33,1;;;;;;;;;
2024/03/03;1800 UTC;0;966,4;967,5;966,4;2904,5;35;;36,1;33,4;;;;;;;;;
2024/03/03;1900 UTC;0;965,7;966,4;965,7;2674,1;35,5;;35,7;34,5;;;;;;;;;
2024/03/03;2000 UTC;0;965;965,7;965;1880,7;34,9;;35,9;34,7;;;;;;;;;
2024/03/03;2100 UTC;0;965,1;965,1;964,9;969,8;34,1;;35,5;34,1;;;;;;;;;
2024/03/03;2200 UTC;0;965,5;965,5;965,1;94,8;31,9;;34,1;31,9;;;;;;;;;
2024/03/03;2300 UTC;0;966,4;966,4;965,5;;28,6;;31,9;28,6;;;;;;;;;
2024/03/04;0000 UTC;0;967,5;967,5;966,4;;27,2;;28,6;27,1;;;;;;;;;
2024/03/04;0100 UTC;0;967,6;967,7;967,4;;26,4;;27,5;26,3;;;;;;;;;
2024/03/04;0200 UTC;0;968;968;967,5;;26,2;;27,2;25,9;;;;;;;;;
2024/03/04;0300 UTC;0;968;968,1;968;;26,8;;27;25;;;;;;;;;
2024/03/04;0400 UTC;0;967,5;968;967,5;;25,9;;26,9;25,9;;;;;;;;;
2024/03/04;0500 UTC;0;966,9;967,5;966,8;;25,6;;25,9;25,5;;;;;;;;;
2024/03/04;0600 UTC;0;966,2;966,9;966,2;;25,9;;25,9;25;;;;;;;;;
2024/03/04;0700 UTC;0;966,5;966,5;966,2;;25,1;;26,2;25,1;;;;;;;;;
2024/03/04;0800 UTC;0;967,2;967,2;966,5;;22,9;;25,5;22,9;;;;;;;;;
2024/03/04;0900 UTC;0;967,6;967,6;967,2;;22,3;;22,9;22,2;;;;;;;;;
2024/03/04;1000 UTC;0;968,4;968,4;967,6;78,1;23,4;;23,4;22;;;;;;;;;
2024/03/04;1100 UTC;0;969;969;968,4;737,4;28,4;;28,5;23,4;;;;;;;;;
2024/03/04;1200 UTC;0;969,4;969,4;969;1582,3;29,5;;29,5;28,4;;;;;;;;;
2024/03/04;1300 UTC;0;969,4;969,5;969,4;2395,2;31,4;;31,5;29,6;;;;;;;;;
2024/03/04;1400 UTC;0;969,2;969,4;969,2;3110,5;32,5;;33;31;;;;;;;;;
2024/03/04;1500 UTC;0;968,8;969,3;968,8;3152,6;33;;33,7;32,3;;;;;;;;;
2024/03/04;1600 UTC;0;968;968,8;968;3621,3;34;;34,7;33;;;;;;;;;
2024/03/04;1700 UTC;0;966,9;968;966,9;2967,6;34,7;;35,4;33,9;;;;;;;;;
2024/03/04;1800 UTC;0;966,3;966,9;966,3;2964,8;35,3;;36;34,6;;;;;;;;;
2024/03/04;1900 UTC;0;965,5;966,3;965,5;1940,9;34,8;;35,4;34,5;;;;;;;;;
2024/03/04;2000 UTC;0;964,7;965,5;964,7;1103,3;34;;35;33,9;;;;;;;;;
2024/03/04;2100 UTC;0;964,9;964,9;964,6;770,7;33,8;;34,5;33,7;;;;;;;;;
2024/03/04;2200 UTC;0;965,1;965,1;964,9;137,8;31,2;;33,8;31,2;;;;;;;;;
2024/03/04;2300 UTC;0;966,1;966,1;965,1;;29,3;;31,3;28,1;;;;;;;;;
2024/03/05;0000 UTC;0;967,2;967,2;966,1;;29;;30,1;28,8;;;;;;;;;
2024/03/05;0100 UTC;0;967,7;967,7;967,2;;28,2;;29;28,2;;;;;;;;;
2024/03/05;0200 UTC;0;968,1;968,1;967,7;;27,3;;28,3;27,3;;;;;;;;;
2024/03/05;0300 UTC;0;968;968,1;968;;27,5;;27,7;27,1;;;;;;;;;
2024/03/05;0400 UTC;0;967,6;968;967,6;;27,1;;27,5;26,6;;;;;;;;;
2024/03/05;0500 UTC;0;967,6;967,8;967,5;;26,3;;27,1;26,3;;;;;;;;;
2024/03/05;0600 UTC;0;967;967,6;967;;26,6;;26,8;26,2;;;;;;;;;
2024/03/05;0700 UTC;0;966,9;967,1;966,9;;25,6;;26,6;25,3;;;;;;;;;
2024/03/05;0800 UTC;0;967,3;967,3;966,9;;23,5;;26;23,4;;;;;;;;;
2024/03/05;0900 UTC;0;967,8;967,8;967,3;;23,4;;23,7;23;;;;;;;;;
2024/03/05;1000 UTC;0;968,3;968,3;967,8;64;23,5;;23,5;22,8;;;;;;;;;
2024/03/05;1100 UTC;0;968,9;968,9;968,3;686,8;27;;27;23,5;;;;;;;;;
2024/03/05;1200 UTC;0;969,3;969,3;968,9;1594,1;28,8;;28,9;26,8;;;;;;;;;
2024/03/05;1300 UTC;0;969,5;969,6;969,3;2438,4;31,2;;31,2;28,8;;;;;;;;;
2024/03/05;1400 UTC;0;969,5;969,6;969,5;2968,5;33,1;;33,3;31,2;;;;;;;;;
2024/03/05;1500 UTC;0;969,1;969,5;969,1;3367,8;34,1;;34,5;32,9;;;;;;;;;
2024/03/05;1600 UTC;0;968;969,1;968;2799,9;34,1;;35,2;32,9;;;;;;;;;
2024/03/05;1700 UTC;0;966,7;968,1;966,7;3177,2;34;;35,4;33,9;;;;;;;;;
2024/03/05;1800 UTC;,2;966,5;966,9;966,5;515,4;30,4;;34,1;30,1;;;;;;;;;
2024/03/05;1900 UTC;,2;966,1;966,5;965,9;1013,8;31,5;;31,7;30,4;;;;;;;;;
2024/03/05;2000 UTC;0;966;966,1;966;1024,9;30,2;;32;30,2;;;;;;;;;
2024/03/05;2100 UTC;0;966,1;966,1;965,9;518,4;29,3;;30,2;29,3;;;;;;;;;
2024/03/05;2200 UTC;0;967;967;966;90;27,7;;29,3;27,7;;;;;;;;;
2024/03/05;2300 UTC;0;967,3;967,3;966,9;;27,7;;27,9;26,9;;;;;;;;;
2024/03/06;0000 UTC;0;968,7;968,7;967,3;;25,9;;27,7;25,9;;;;;;;;;
2024/03/06;0100 UTC;0;969,3;969,4;968,7;;25,5;;25,9;25,3;;;;;;;;;
2024/03/06;0200 UTC;0;969,4;969,5;969,3;;23,9;;25,6;23,9;;;;;;;;;
2024/03/06;0300 UTC;0;969,4;969,5;969,3;;24,1;;24,3;23,8;;;;;;;;;
2024/03/06;0400 UTC;0;968,9;969,4;968,8;;23,5;;24,1;23,3;;;;;;;;;
2024/03/06;0500 UTC;0;968,1;968,9;968,1;;22,6;;23,5;22,5;;;;;;;;;
2024/03/06;0600 UTC;0;967,6;968,1;967,6;;22,5;;23;22,4;;;;;;;;;
2024/03/06;0700 UTC;0;967,5;967,7;967,4;;22,3;;23,1;22,3;;;;;;;;;
2024/03/06;0800 UTC;0;967,5;967,5;967,4;;22,3;;22,9;22,2;;;;;;;;;
2024/03/06;0900 UTC;0;968,2;968,2;967,4;;22,3;;22,5;22,1;;;;;;;;;
2024/03/06;1000 UTC;0;968,9;968,9;968,2;47,2;22,5;;22,5;21,8;;;;;;;;;
2024/03/06;1100 UTC;0;969,6;969,6;968,9;587,7;25;;25;22,5;;;;;;;;;
2024/03/06;1200 UTC;0;970,1;970,1;969,6;1544,2;26,6;;26,8;24,9;;;;;;;;;
2024/03/06;1300 UTC;0;970,5;970,5;970,1;2387,3;28,8;;29,2;26,6;;;;;;;;;
2024/03/06;1400 UTC;0;970,5;970,6;970,5;3080,1;30,6;;31;28,8;;;;;;;;;
2024/03/06;1500 UTC;0;970,1;970,5;970,1;2733,8;31,3;;31,5;30,1;;;;;;;;;
2024/03/06;1600 UTC;0;969;970,1;969;2972,2;32,2;;33,3;31,2;;;;;;;;;
2024/03/06;1700 UTC;0;967,9;969;967,9;1341,2;31,1;;32,5;30,5;;;;;;;;;
2024/03/06;1800 UTC;3;966,8;967,9;966,8;1909,9;30,8;;31,1;26,2;;;;;;;;;
2024/03/06;1900 UTC;0;966,7;966,9;966,6;2072,6;30,7;;31,9;30,6;;;;;;;;;
2024/03/06;2000 UTC;0;966,7;967,2;966,7;295,9;26;;30,8;26;;;;;;;;;
2024/03/06;2100 UTC;0;967,6;967,6;966,7;168,2;26;;26,8;26;;;;;;;;;
2024/03/06;2200 UTC;0;968,3;968,4;967,6;36,6;24,8;;26;24,7;;;;;;;;;
2024/03/06;2300 UTC;0;967,9;968,3;967,8;;24,9;;25,1;24,7;;;;;;;;;
2024/03/07;0000 UTC;0;968,6;968,6;967,9;;25,5;;25,9;24,9;;;;;;;;;
2024/03/07;0100 UTC;0;969,3;969,3;968,6;;25,1;;25,9;25,1;;;;;;;;;
2024/03/07;0200 UTC;0;969,8;969,8;969,3;;24,8;;25,1;24,8;;;;;;;;;
2024/03/07;0300 UTC;0;970;970;969,8;;25,4;;25,4;24,8;;;;;;;;;
2024/03/07;0400 UTC;0;970;970,1;970;;25;;25,4;24,9;;;;;;;;;
2024/03/07;0500 UTC;0;969,4;970,1;969,4;;24,4;;25,1;24,4;;;;;;;;;
2024/03/07;0600 UTC;0;969,6;969,6;969,3;;24,4;;24,5;24,1;;;;;;;;;
2024/03/07;0700 UTC;0;969,1;969,6;969;;23,7;;24,4;23,7;;;;;;;;;
2024/03/07;0800 UTC;0;969,5;969,5;969,1;;23,5;;23,7;23,5;;;;;;;;;
2024/03/07;0900 UTC;0;970,1;970,1;969,5;;23,4;;23,5;23,3;;;;;;;;;
2024/03/07;1000 UTC;0;970,8;970,8;970,1;82,7;24,1;;24,1;23,3;;;;;;;;;
2024/03/07;1100 UTC;0;971,9;971,9;970,8;808,7;25,5;;25,6;24,1;;;;;;;;;
2024/03/07;1200 UTC;0;972,2;972,3;971,9;1358,7;26,9;;26,9;25,5;;;;;;;;;
2024/03/07;1300 UTC;0;972,7;972,7;972,2;2184,1;28,7;;28,7;26,8;;;;;;;;;
2024/03/07;1400 UTC;0;972,9;972,9;972,7;2134,7;28,7;;29,4;28;;;;;;;;;
2024/03/07;1500 UTC;0;972,3;972,9;972,3;3641,1;31,6;;31,6;28,7;;;;;;;;;
2024/03/07;1600 UTC;0;971,3;972,3;971,3;3370,2;31,9;;33,1;30,6;;;;;;;;;
2024/03/07;1700 UTC;0;969,6;971,3;969,6;2732,2;32,8;;32,8;31,3;;;;;;;;;
2024/03/07;1800 UTC;0;968,1;969,6;968,1;3116,8;32,4;;33,7;32,2;;;;;;;;;
2024/03/07;1900 UTC;0;967,5;968,1;967,5;2121,9;33,5;;34;32,1;;;;;;;;;
2024/03/07;2000 UTC;0;967,3;967,5;967,2;1484,4;32,3;;33,7;32,2;;;;;;;;;
2024/03/07;2100 UTC;0;967,7;967,7;967,1;679,4;31,4;;32,7;31,4;;;;;;;;;
2024/03/07;2200 UTC;0;968,6;968,6;967,7;76,6;28,7;;31,4;28,7;;;;;;;;;
2024/03/07;2300 UTC;0;969,2;969,2;968,6;;28,2;;28,7;28,2;;;;;;;;;
2024/03/08;0000 UTC;0;969,7;969,7;969,2;;27,8;;28,2;27,8;;;;;;;;;
2024/03/08;0100 UTC;0;970,3;970,4;969,7;;27,4;;27,8;27,4;;;;;;;;;
2024/03/08;0200 UTC;0;971;971;970,2;;26,5;;27,4;26,5;;;;;;;;;
2024/03/08;0300 UTC;0;970,9;971;970,8;;26,4;;26,5;26,2;;;;;;;;;
2024/03/08;0400 UTC;0;970,1;971;970,1;;26;;26,4;26;;;;;;;;;
2024/03/08;0500 UTC;0;969,4;970,1;969,4;;25,5;;26;25,5;;;;;;;;;
2024/03/08;0600 UTC;0;969,3;969,5;969,3;;25,3;;25,5;25,3;;;;;;;;;
2024/03/08;0700 UTC;0;969,5;969,5;969,2;;24,9;;25,3;24,9;;;;;;;;;
2024/03/08;0800 UTC;0;969,9;969,9;969,5;;24,7;;24,9;24,6;;;;;;;;;
2024/03/08;0900 UTC;0;970,5;970,5;969,9;;24,3;;24,7;24,3;;;;;;;;;
2024/03/08;1000 UTC;0;971,1;971,1;970,5;66,5;24,4;;24,4;24,1;;;;;;;;;
2024/03/08;1100 UTC;0;971,4;971,4;971;504,6;25,6;;25,6;24,4;;;;;;;;;
2024/03/08;1200 UTC;0;971,7;971,7;971,4;1196,4;27,8;;27,8;25,6;;;;;;;;;
2024/03/08;1300 UTC;0;971,3;971,7;971,3;1587,8;29,3;;29,3;27,8;;;;;;;;;
2024/03/08;1400 UTC;0;971,1;971,3;971,1;2805,4;31,1;;31,2;29,3;;;;;;;;;
2024/03/08;1500 UTC;0;970,3;971,1;970,3;2967,4;31,8;;32,3;30,7;;;;;;;;;
2024/03/08;1600 UTC;0;969,4;970,3;969,4;3084,7;32,9;;33,3;31,6;;;;;;;;;
2024/03/08;1700 UTC;0;968,1;969,4;968,1;2089,1;32,6;;33,9;32,3;;;;;;;;;
2024/03/08;1800 UTC;0;966,9;968,1;966,9;1704;33;;34,1;32,5;;;;;;;;;
2024/03/08;1900 UTC;0;966,7;966,9;966,5;761,8;32,7;;33,7;32,5;;;;;;;;;
2024/03/08;2000 UTC;0;967,9;967,9;966,5;239,7;27;;32,8;27;;;;;;;;;
2024/03/08;2100 UTC;1,8;968,5;968,9;967,9;29,8;24,4;;27;24,4;;;;;;;;;
2024/03/08;2200 UTC;,4;968,6;968,6;968,4;1,4;24,7;;24,7;24,3;;;;;;;;;
2024/03/08;2300 UTC;,6;969;969,1;968,6;;24,8;;24,8;24,7;;;;;;;;;
2024/03/09;0000 UTC;0;969,7;969,7;969;;24,6;;24,8;24,6;;;;;;;;;
2024/03/09;0100 UTC;0;969,8;969,9;969,7;;24,1;;24,6;24,1;;;;;;;;;
2024/03/09;0200 UTC;0;970,3;970,3;969,8;;24,1;;24,2;24,1;;;;;;;;;
2024/03/09;0300 UTC;0;969,8;970,3;969,8;;24;;24,2;24;;;;;;;;;
2024/03/09;0400 UTC;0;969,3;969,8;969,3;;23,7;;24;23,7;;;;;;;;;
2024/03/09;0500 UTC;0;968,7;969,3;968,7;;23,6;;23,8;23,6;;;;;;;;;
2024/03/09;0600 UTC;0;968;968,7;968;;23,8;;23,8;23,6;;;;;;;;;
2024/03/09;0700 UTC;0;967,7;968;967,6;;24;;24;23,7;;;;;;;;;
2024/03/09;0800 UTC;0;968,3;968,3;967,7;;23,5;;24,1;23,5;;;;;;;;;
2024/03/09;0900 UTC;0;968,8;968,8;968,3;;23,4;;23,6;23,4;;;;;;;;;
2024/03/09;1000 UTC;0;969,3;969,3;968,8;33,8;23,2;;23,4;23,1;;;;;;;;;
2024/03/09;1100 UTC;0;969,8;969,8;969,3;395,7;24,3;;24,4;23,2;;;;;;;;;
2024/03/09;1200 UTC;0;970,1;970,1;969,8;1268,9;26,5;;26,7;24,4;;;;;;;;;
2024/03/09;1300 UTC;,2;970;970,1;970;2285,1;28,4;;28,5;26,5;;;;;;;;;
2024/03/09;1400 UTC;0;969,8;970;969,8;3054,1;30,2;;30,5;28,4;;;;;;;;;
2024/03/09;1500 UTC;0;969,2;969,8;969,2;3430,5;30,8;;31,7;29,9;;;;;;;;;
2024/03/09;1600 UTC;0;968,9;969,3;968,9;3604,6;32,8;;33,5;30,8;;;;;;;;;
2024/03/09;1700 UTC;0;967,6;968,9;967,6;2507,3;32,3;;33,8;32;;;;;;;;;
2024/03/09;1800 UTC;0;966,5;967,6;966,5;2240,7;34,4;;34,7;32;;;;;;;;;
2024/03/09;1900 UTC;0;966,2;966,5;966,2;1779,1;33,8;;35;33,2;;;;;;;;;
2024/03/09;2000 UTC;0;966,2;966,4;966,2;1189;33,3;;33,9;33,2;;;;;;;;;
2024/03/09;2100 UTC;0;966,5;966,5;966;517,8;31,4;;33,4;31,4;;;;;;;;;
2024/03/09;2200 UTC;0;967;967;966,5;68,5;29;;31,4;29;;;;;;;;;
2024/03/09;2300 UTC;0;968,3;968,3;967;;28,4;;29;28,3;;;;;;;;;
2024/03/10;0000 UTC;0;969;969;968,3;;28,7;;28,7;28,1;;;;;;;;;
2024/03/10;0100 UTC;0;969,4;969,4;969;;27,3;;28,8;27,3;;;;;;;;;
2024/03/10;0200 UTC;0;969,2;969,4;969,1;;26,4;;27,3;26,4;;;;;;;;;
2024/03/10;0300 UTC;0;968,8;969,2;968,8;;25,7;;26,5;25,7;;;;;;;;;
2024/03/10;0400 UTC;0;968,6;968,9;968,5;;25,5;;25,9;25,3;;;;;;;;;
2024/03/10;0500 UTC;0;968,4;968,6;968,3;;25,2;;25,6;24,9;;;;;;;;;
2024/03/10;0600 UTC;0;968,1;968,6;968,1;;25,3;;25,5;25,2;;;;;;;;;
2024/03/10;0700 UTC;0;967,6;968,1;967,6;;25,2;;25,5;25,2;;;;;;;;;
2024/03/10;0800 UTC;0;967,9;968;967,6;;24,8;;25,2;24,6;;;;;;;;;
2024/03/10;0900 UTC;0;968,6;968,7;967,9;;24,4;;24,8;24,4;;;;;;;;;
2024/03/10;1000 UTC;0;969;969;968,6;61;24,5;;24,5;24,1;;;;;;;;;
2024/03/10;1100 UTC;0;969,5;969,5;968,9;655,9;26;;26;24,5;;;;;;;;;
2024/03/10;1200 UTC;0;970,1;970,1;969,5;1150,7;27,5;;27,5;26;;;;;;;;;
2024/03/10;1300 UTC;0;970,7;970,7;970,1;2216,8;30;;30,8;27,3;;;;;;;;;
2024/03/10;1400 UTC;0;970,6;970,9;970,6;2993,5;32,2;;32,7;30;;;;;;;;;
2024/03/10;1500 UTC;0;970,2;970,6;970,2;3246,1;33,9;;33,9;31,5;;;;;;;;;
2024/03/10;1600 UTC;0;969,5;970,2;969,5;2846;33,9;;34,8;33;;;;;;;;;
2024/03/10;1700 UTC;0;967,8;969,5;967,8;2789,5;35,2;;35,3;33,4;;;;;;;;;
2024/03/10;1800 UTC;0;966,6;967,8;966,6;2653,7;35,3;;35,7;34,4;;;;;;;;;
2024/03/10;1900 UTC;4,8;966,8;967;966,2;987;28,4;;35,7;28,4;;;;;;;;;
2024/03/10;2000 UTC;,4;965,6;966,8;965,6;1997,4;34,4;;34,5;28,3;;;;;;;;;
2024/03/10;2100 UTC;0;966,3;966,3;965,6;590,5;30;;34,5;30;;;;;;;;;
2024/03/10;2200 UTC;0;967;967;966,2;59,1;28,7;;30;28,7;;;;;;;;;
2024/03/10;2300 UTC;0;967,7;967,7;966,9;;27,6;;28,7;27,5;;;;;;;;;
2024/03/11;0000 UTC;0;968,7;968,7;967,6;;26,9;;27,6;26,8;;;;;;;;;
2024/03/11;0100 UTC;0;969,2;969,3;968,6;;27;;27,1;26,9;;;;;;;;;
2024/03/11;0200 UTC;0;969,6;969,8;969,2;;26,6;;27;26,6;;;;;;;;;
2024/03/11;0300 UTC;0;969,5;969,7;969,5;;25,9;;26,6;25,9;;;;;;;;;
2024/03/11;0400 UTC;0;969,2;969,5;969,2;;25,3;;25,9;25,3;;;;;;;;;
2024/03/11;0500 UTC;0;969,6;969,6;969,2;;24,9;;25,3;24,9;;;;;;;;;
2024/03/11;0600 UTC;0;969,4;969,6;969,3;;24,6;;24,9;24,6;;;;;;;;;
2024/03/11;0700 UTC;0;969,4;969,6;969,4;;25,1;;25,1;24,5;;;;;;;;;
2024/03/11;0800 UTC;0;969,7;969,8;969,4;;25,4;;25,5;25,1;;;;;;;;;
2024/03/11;0900 UTC;0;970,2;970,2;969,7;;25;;25,4;24,9;;;;;;;;;
2024/03/11;1000 UTC;0;970,9;971;970,2;71,6;24,9;;25;24,6;;;;;;;;;
2024/03/11;1100 UTC;0;971,7;971,7;970,9;537,5;25,4;;25,5;25;;;;;;;;;
2024/03/11;1200 UTC;0;971,9;972;971,7;1522,5;27,5;;27,5;25,4;;;;;;;;;
2024/03/11;1300 UTC;0;972;972,2;971,9;2410,2;28,5;;28,7;27,2;;;;;;;;;
2024/03/11;1400 UTC;0;971,8;972;971,8;3019,2;29,6;;29,9;28,5;;;;;;;;;
2024/03/11;1500 UTC;0;971,1;971,8;971,1;3440,2;31,2;;31,7;29,6;;;;;;;;;
2024/03/11;1600 UTC;0;970,4;971,1;970,4;3585,6;32,2;;32,6;31,2;;;;;;;;;
2024/03/11;1700 UTC;0;969,8;970,4;969,8;3531,3;33,2;;33,6;32,1;;;;;;;;;
2024/03/11;1800 UTC;0;968,9;969,8;968,9;3270,3;33,9;;34,3;33,1;;;;;;;;;
2024/03/11;1900 UTC;0;968,2;968,9;968,2;2557,7;34,4;;34,5;33,7;;;;;;;;;
2024/03/11;2000 UTC;0;967,9;968,2;967,8;1787,1;33,6;;34,5;33,6;;;;;;;;;
2024/03/11;2100 UTC;0;967,8;967,9;967,7;723,2;32,9;;34;32,9;;;;;;;;;
2024/03/11;2200 UTC;0;968,4;968,4;967,8;83,9;30,1;;32,9;30,1;;;;;;;;;
2024/03/11;2300 UTC;0;969;969;968,4;;28,8;;30,1;28,6;;;;;;;;;
2024/03/12;0000 UTC;0;969,7;969,7;969;;27,9;;28,9;27,8;;;;;;;;;
2024/03/12;0100 UTC;0;970,2;970,2;969,7;;27,9;;28;27,5;;;;;;;;;
2024/03/12;0200 UTC;0;970,4;970,5;970,2;;27,7;;28;27,7;;;;;;;;;
2024/03/12;0300 UTC;0;970,4;970,5;970,4;;27,5;;27,7;27,2;;;;;;;;;
2024/03/12;0400 UTC;0;970,2;970,4;970,2;;27,3;;27,8;27,3;;;;;;;;;
2024/03/12;0500 UTC;0;970,1;970,3;970,1;;26,4;;27,3;26,4;;;;;;;;;
2024/03/12;0600 UTC;0;970;970,2;970;;25,5;;26,4;25,5;;;;;;;;;
2024/03/12;0700 UTC;0;970,2;970,3;970;;24,3;;25,5;24,3;;;;;;;;;
2024/03/12;0800 UTC;0;970,6;970,6;970,2;;23,3;;24,3;23,3;;;;;;;;;
2024/03/12;0900 UTC;0;971,4;971,5;970,6;;22,7;;23,3;22,7;;;;;;;;;
2024/03/12;1000 UTC;0;971,7;971,7;971,4;60,9;22,6;;22,7;22,4;;;;;;;;;
2024/03/12;1100 UTC;0;972,2;972,2;971,7;701,5;24,6;;24,6;22,6;;;;;;;;;
2024/03/12;1200 UTC;0;972,4;972,5;972,2;1593,2;27,3;;27,4;24,6;;;;;;;;;
2024/03/12;1300 UTC;0;972,6;972,7;972,4;2426,6;28,8;;28,9;27,1;;;;;;;;;
2024/03/12;1400 UTC;0;972,3;972,6;972,3;3066,9;31,1;;31,3;28,5;;;;;;;;;
2024/03/12;1500 UTC;0;971,7;972,3;971,6;3479;32,2;;32,5;30,6;;;;;;;;;
2024/03/12;1600 UTC;0;970,7;971,7;970,7;3596;33,8;;33,9;31,7;;;;;;;;;
2024/03/12;1700 UTC;0;969,6;970,8;969,6;3500;34,3;;34,5;32,8;;;;;;;;;
2024/03/12;1800 UTC;0;968,6;969,6;968,6;3125,2;34,8;;34,8;33,7;;;;;;;;;
2024/03/12;1900 UTC;0;967,8;968,6;967,8;2522,9;35;;35,3;34,6;;;;;;;;;
2024/03/12;2000 UTC;0;967,4;967,9;967,4;1729,3;34,9;;35,5;34,4;;;;;;;;;
2024/03/12;2100 UTC;0;967,4;967,4;967,3;846,9;33,7;;34,9;33,7;;;;;;;;;
2024/03/12;2200 UTC;0;967,6;967,6;967,4;63,4;31,3;;33,7;31,3;;;;;;;;;
2024/03/12;2300 UTC;0;968;968;967,6;;29,8;;31,3;29,8;;;;;;;;;
2024/03/13;0000 UTC;0;968,8;968,8;968;;29,8;;29,9;29,4;;;;;;;;;
2024/03/13;0100 UTC;0;969,6;969,7;968,8;;29,7;;29,9;29,3;;;;;;;;;
2024/03/13;0200 UTC;0;969,5;969,7;969,5;;29,3;;29,7;28,6;;;;;;;;;
2024/03/13;0300 UTC;0;969,6;969,7;969,5;;27,5;;29,3;27,4;;;;;;;;;
2024/03/13;0400 UTC;0;969,2;969,6;969,2;;27,6;;27,9;27,1;;;;;;;;;
2024/03/13;0500 UTC;0;968,9;969,2;968,9;;27;;27,9;27;;;;;;;;;
2024/03/13;0600 UTC;0;968,7;968,9;968,7;;25,5;;27;25,5;;;;;;;;;
2024/03/13;0700 UTC;0;968,9;968,9;968,6;;26,2;;26,3;25,5;;;;;;;;;
2024/03/13;0800 UTC;0;969,2;969,2;968,9;;25,5;;26,2;25,5;;;;;;;;;
2024/03/13;0900 UTC;0;969,6;969,6;969,2;;24,8;;25,6;24,8;;;;;;;;;
2024/03/13;1000 UTC;0;970,3;970,3;969,6;57,7;25;;25;24,5;;;;;;;;;
2024/03/13;1100 UTC;0;970,7;970,7;970,3;667,3;27;;27;25;;;;;;;;;
2024/03/13;1200 UTC;0;971,1;971,1;970,7;1544,8;29,5;;29,5;27;;;;;;;;;
2024/03/13;1300 UTC;0;970,7;971,3;970,7;2369;31,6;;31,9;29,3;;;;;;;;;
2024/03/13;1400 UTC;0;970,7;970,8;970,6;3004,6;33,4;;33,9;31,6;;;;;;;;;
2024/03/13;1500 UTC;0;969,9;970,7;969,9;3399,6;34,5;;35,3;33,4;;;;;;;;;
2024/03/13;1600 UTC;0;969,1;969,9;969,1;3690,5;35,6;;36,4;34,5;;;;;;;;;
2024/03/13;1700 UTC;0;967,9;969,1;967,9;3131;35,9;;37,5;35;;;;;;;;;
2024/03/13;1800 UTC;0;967,5;967,9;967,5;1052;36,4;;36,4;35;;;;;;;;;
2024/03/13;1900 UTC;0;966,9;967,5;966,9;1219,3;35,8;;37,2;35,7;;;;;;;;;
2024/03/13;2000 UTC;0;966,6;966,9;966,5;1438,6;36,7;;37;35,7;;;;;;;;;
2024/03/13;2100 UTC;0;966,5;966,7;966,4;632,5;35,2;;36,7;35,2;;;;;;;;;
2024/03/13;2200 UTC;0;966,7;966,7;966,4;64,8;33,2;;35,2;33,2;;;;;;;;;
2024/03/13;2300 UTC;0;967,4;967,4;966,7;;31,9;;33,2;31,9;;;;;;;;;
2024/03/14;0000 UTC;0;968,4;968,4;967,3;;29,1;;32;29,1;;;;;;;;;
2024/03/14;0100 UTC;0;969,2;969,2;968,4;;29,2;;29,8;29;;;;;;;;;
2024/03/14;0200 UTC;0;969,5;969,5;969,2;;28,2;;29,2;27,9;;;;;;;;;
2024/03/14;0300 UTC;0;969,4;969,6;969,4;;26,4;;28,3;26,4;;;;;;;;;
2024/03/14;0400 UTC;0;969,1;969,4;969;;26,5;;26,9;25,8;;;;;;;;;
2024/03/14;0500 UTC;0;968,5;969,1;968,5;;26,1;;26,8;26,1;;;;;;;;;
2024/03/14;0600 UTC;0;968,4;968,6;968,4;;25,7;;26,2;25,6;;;;;;;;;
2024/03/14;0700 UTC;0;968,2;968,4;968,1;;24,4;;25,8;24,4;;;;;;;;;
2024/03/14;0800 UTC;0;968,5;968,5;968,2;;24;;25,2;24;;;;;;;;;
2024/03/14;0900 UTC;0;969;969;968,4;;23,9;;24,2;23,8;;;;;;;;;
2024/03/14;1000 UTC;0;969,2;969,2;969;44,6;24,5;;24,5;23,7;;;;;;;;;
2024/03/14;1100 UTC;0;969,6;969,6;969,2;642,6;27,4;;27,5;24,5;;;;;;;;;
2024/03/14;1200 UTC;0;970;970;969,6;1520,2;29,9;;30,2;27,3;;;;;;;;;
2024/03/14;1300 UTC;0;970,4;970,4;970;2330,9;32,9;;32,9;29,9;;;;;;;;;
2024/03/14;1400 UTC;0;970,4;970,5;970,4;2949,9;34,3;;34,4;32,6;;;;;;;;;
2024/03/14;1500 UTC;0;969,9;970,4;969,9;3421,9;35;;35;33,8;;;;;;;;;
2024/03/14;1600 UTC;0;968,8;969,9;968,8;3494,4;36;;36,1;34,3;;;;;;;;;
2024/03/14;1700 UTC;0;967,6;968,8;967,6;3662,1;37;;37,5;35,7;;;;;;;;;
2024/03/14;1800 UTC;0;966,2;967,6;966,2;2590,2;37,7;;38,2;35,6;;;;;;;;;
2024/03/14;1900 UTC;0;966;966,2;965,9;1678,6;36,1;;37,8;33,7;;;;;;;;;
2024/03/14;2000 UTC;0;965,6;966;965,5;1689,5;36,6;;37,2;35,9;;;;;;;;;
2024/03/14;2100 UTC;0;965,6;965,7;965,6;901,7;36,3;;37,1;36,3;;;;;;;;;
2024/03/14;2200 UTC;0;965,9;965,9;965,6;68,3;33,1;;36,3;33,1;;;;;;;;;
2024/03/14;2300 UTC;0;966,4;966,4;965,9;;30,7;;33,1;30,7;;;;;;;;;
2024/03/15;0000 UTC;0;967;967;966,4;;29,5;;30,7;29,3;;;;;;;;;
2024/03/15;0100 UTC;0;967,7;967,7;967;;28,6;;29,5;28,6;;;;;;;;;
2024/03/15;0200 UTC;0;967,6;967,7;967,5;;28,6;;29,1;28,6;;;;;;;;;
2024/03/15;0300 UTC;0;967,5;967,7;967,4;;27,6;;28,6;27,6;;;;;;;;;
2024/03/15;0400 UTC;0;967,1;967,5;967,1;;27,4;;27,8;27,4;;;;;;;;;
2024/03/15;0500 UTC;0;966,6;967,1;966,6;;26,7;;27,5;26,7;;;;;;;;;
2024/03/15;0600 UTC;0;966,7;966,7;966,5;;26,5;;26,9;25,7;;;;;;;;;
2024/03/15;0700 UTC;0;966,8;966,9;966,7;;26,3;;26,9;26,3;;;;;;;;;
2024/03/15;0800 UTC;0;967,4;967,4;966,8;;25,1;;26,3;25,1;;;;;;;;;
2024/03/15;0900 UTC;0;967,5;967,6;967,3;;25,8;;25,9;25;;;;;;;;;
2024/03/15;1000 UTC;0;967,9;967,9;967,5;56,3;26,4;;26,4;25,5;;;;;;;;;
2024/03/15;1100 UTC;0;968,6;968,6;967,9;651,3;28,6;;28,6;26,3;;;;;;;;;
2024/03/15;1200 UTC;0;968,9;968,9;968,6;1523,8;31;;31,1;28,6;;;;;;;;;
2024/03/15;1300 UTC;0;968,8;969;968,8;2350,8;32,8;;32,9;30,9;;;;;;;;;
2024/03/15;1400 UTC;0;968,2;968,8;968,1;3022,1;33,9;;34,7;32,7;;;;;;;;;
2024/03/15;1500 UTC;0;967,4;968,2;967,4;3390,4;36;;36,1;33,7;;;;;;;;;
2024/03/15;1600 UTC;0;966,7;967,4;966,6;3532,6;35,7;;37,1;35,6;;;;;;;;;
2024/03/15;1700 UTC;0;965,6;966,8;965,6;2837,7;37,6;;38,1;35,7;;;;;;;;;
2024/03/15;1800 UTC;0;964,4;965,6;964,4;1938,8;35,6;;38,8;35,3;;;;;;;;;
2024/03/15;1900 UTC;0;963,8;964,4;963,6;1938,7;37,2;;37,4;31,6;;;;;;;;;
2024/03/15;2000 UTC;0;964,3;964,3;963,7;1288,7;31,3;;37,6;31,2;;;;;;;;;
2024/03/15;2100 UTC;0;964,4;964,5;964,2;364,4;31,1;;31,6;30,8;;;;;;;;;
2024/03/15;2200 UTC;0;964,9;964,9;964,3;46,7;29,3;;31,2;29,3;;;;;;;;;
2024/03/15;2300 UTC;0;965,6;965,6;964,8;;28;;29,3;28;;;;;;;;;
2024/03/16;0000 UTC;0;966,1;966,2;965,5;;27,5;;28,3;26,8;;;;;;;;;
2024/03/16;0100 UTC;0;966,9;966,9;966,1;;26,4;;27,6;26,4;;;;;;;;;
2024/03/16;0200 UTC;0;966,6;966,9;966,6;;26,4;;26,8;26,2;;;;;;;;;
2024/03/16;0300 UTC;0;966,1;966,6;966,1;;25,4;;26,4;25,4;;;;;;;;;
2024/03/16;0400 UTC;0;965,7;966,1;965,7;;25,4;;25,4;24,8;;;;;;;;;
2024/03/16;0500 UTC;0;965,3;965,7;965,3;;24,7;;25,4;24,5;;;;;;;;;
2024/03/16;0600 UTC;0;965;965,3;964,9;;24,1;;24,7;24,1;;;;;;;;;
2024/03/16;0700 UTC;0;964,8;965;964,8;;24,6;;24,7;24,1;;;;;;;;;
2024/03/16;0800 UTC;0;965,1;965,1;964,7;;24,6;;24,7;24,5;;;;;;;;;
2024/03/16;0900 UTC;0;965,8;965,8;965,1;;24,2;;24,6;24,2;;;;;;;;;
2024/03/16;1000 UTC;0;966,4;966,4;965,8;42,4;25,1;;25,1;24,2;;;;;;;;;
2024/03/16;1100 UTC;0;966,8;966,8;966,4;627,2;28;;28;25,1;;;;;;;;;
2024/03/16;1200 UTC;0;967,2;967,2;966,8;1479;30,5;;30,8;28;;;;;;;;;
2024/03/16;1300 UTC;0;967,4;967,4;967,2;2280,7;32;;32,4;30,4;;;;;;;;;
2024/03/16;1400 UTC;0;967,3;967,4;967,2;2810,9;33;;33,8;32;;;;;;;;;
2024/03/16;1500 UTC;0;966,3;967,3;966,3;3264,3;35,2;;35,2;32,8;;;;;;;;;
2024/03/16;1600 UTC;0;965,5;966,3;965,4;2584,2;35,8;;35,8;33,7;;;;;;;;;
2024/03/16;1700 UTC;0;964,9;965,6;964,9;2870,1;32,6;;36,5;31,1;;;;;;;;;
2024/03/16;1800 UTC;0;963,7;964,9;963,7;2998,5;35,2;;35,2;31,9;;;;;;;;;
2024/03/16;1900 UTC;0;963,1;963,7;963;1062,6;33,1;;35,8;33;;;;;;;;;
2024/03/16;2000 UTC;0;963,1;963,5;962,9;911,4;34,1;;34,1;32,9;;;;;;;;;
2024/03/16;2100 UTC;0;964,1;964,1;963,1;694,1;30,7;;34,1;30,7;;;;;;;;;
2024/03/16;2200 UTC;0;964,9;964,9;964,1;37,8;29,9;;30,7;29,8;;;;;;;;;
2024/03/16;2300 UTC;0;965,4;965,5;964,9;;29;;30;29;;;;;;;;;
2024/03/17;0000 UTC;0;966,4;966,4;965,4;;28,4;;29;28,4;;;;;;;;;
2024/03/17;0100 UTC;0;967,2;967,2;966,4;;27,9;;28,4;27,9;;;;;;;;;
2024/03/17;0200 UTC;0;967,3;967,4;967,1;;27,9;;27,9;27,7;;;;;;;;;
2024/03/17;0300 UTC;0;967,2;967,5;967,2;;27,5;;27,9;27,5;;;;;;;;;
2024/03/17;0400 UTC;0;966,6;967,2;966,6;;27;;27,5;27;;;;;;;;;
2024/03/17;0500 UTC;0;966,2;966,6;966,1;;26,3;;27;26,3;;;;;;;;;
2024/03/17;0600 UTC;0;966,3;966,5;966,2;;26,2;;26,4;26,2;;;;;;;;;
2024/03/17;0700 UTC;0;966;966,3;966;;25,9;;26,3;25,9;;;;;;;;;
2024/03/17;0800 UTC;0;966,1;966,1;965,9;;25,1;;25,9;25,1;;;;;;;;;
2024/03/17;0900 UTC;0;966,5;966,5;966,1;;25,1;;25,1;25;;;;;;;;;
2024/03/17;1000 UTC;0;967,2;967,2;966,5;41,4;25,4;;25,4;25;;;;;;;;;
2024/03/17;1100 UTC;0;967,8;967,8;967,2;366,4;26,4;;26,4;25,4;;;;;;;;;
2024/03/17;1200 UTC;0;968,5;968,5;967,8;848,9;28,3;;28,3;26,4;;;;;;;;;
2024/03/17;1300 UTC;0;968,8;968,8;968,5;1626,6;30;;30;28,1;;;;;;;;;
2024/03/17;1400 UTC;0;968,7;968,9;968,6;2096,4;30,5;;30,8;29,7;;;;;;;;;
2024/03/17;1500 UTC;0;968,3;968,7;968,3;2453;32,3;;32,8;30,3;;;;;;;;;
2024/03/17;1600 UTC;0;967,1;968,4;967,1;2887,8;34,2;;34,4;31,7;;;;;;;;;
2024/03/17;1700 UTC;0;966,2;967;966,2;3337,4;34;;34,8;33,2;;;;;;;;;
2024/03/17;1800 UTC;0;965,4;966,2;965,3;2803,1;35,3;;35,5;33,7;;;;;;;;;
2024/03/17;1900 UTC;0;965,7;965,9;965,4;1712,4;30,4;;35,6;30;;;;;;;;;
2024/03/17;2000 UTC;0;966,4;966,4;965,6;777;31;;31;30;;;;;;;;;
2024/03/17;2100 UTC;0;966,9;967,2;966,4;270;28,4;;31;28,3;;;;;;;;;
2024/03/17;2200 UTC;0;967,4;967,4;966,9;33,1;27,3;;28,5;27,2;;;;;;;;;
2024/03/17;2300 UTC;0;967,6;967,7;967,4;;26,5;;27,3;26,5;;;;;;;;;
2024/03/18;0000 UTC;0;968,7;968,7;967,6;;25,6;;26,5;25,6;;;;;;;;;
2024/03/18;0100 UTC;0;969,6;969,8;968,7;;25,3;;25,6;25,2;;;;;;;;;
2024/03/18;0200 UTC;0;968,6;969,6;968,6;;25,3;;25,4;25,3;;;;;;;;;
2024/03/18;0300 UTC;0;968;968,6;967,9;;24,9;;25,4;24,9;;;;;;;;;
2024/03/18;0400 UTC;0;967,4;968,1;967,4;;24,9;;25,1;24,9;;;;;;;;;
2024/03/18;0500 UTC;0;966,6;967,4;966,6;;24,5;;24,9;24,5;;;;;;;;;
2024/03/18;0600 UTC;0;966,5;966,7;966,5;;24,1;;24,5;24,1;;;;;;;;;
2024/03/18;0700 UTC;0;966,6;966,6;966,5;;23,8;;24,1;23,4;;;;;;;;;
2024/03/18;0800 UTC;0;967,1;967,1;966,6;;23,5;;23,8;23,5;;;;;;;;;
2024/03/18;0900 UTC;0;967,6;967,6;967,1;;23,1;;23,5;23;;;;;;;;;
2024/03/18;1000 UTC;0;968,8;968,8;967,6;41,1;23,7;;23,7;23,1;;;;;;;;;
2024/03/18;1100 UTC;0;969,9;969,9;968,8;559;26,4;;26,4;23,7;;;;;;;;;
2024/03/18;1200 UTC;0;970,3;970,3;969,9;1251;27,9;;28,1;26,3;;;;;;;;;
2024/03/18;1300 UTC;0;970,2;970,4;970,2;1551,2;29,9;;30;27,7;;;;;;;;;
2024/03/18;1400 UTC;0;970,1;970,2;969,9;2777,5;31,5;;32,2;29,8;;;;;;;;;
2024/03/18;1500 UTC;0;969,3;970,1;969,3;2783,1;33,1;;33,1;31,6;;;;;;;;;
2024/03/18;1600 UTC;0;968,2;969,3;968,2;3344,4;33,9;;35,5;33,1;;;;;;;;;
2024/03/18;1700 UTC;0;966,7;968,2;966,7;1992,7;35,2;;35,9;33,3;;;;;;;;;
2024/03/18;1800 UTC;0;965,8;966,7;965,8;1858,3;32,3;;35,8;32;;;;;;;;;
2024/03/18;1900 UTC;0;965,7;965,9;965,4;2068,8;30,7;;35,4;30,7;;;;;;;;;
2024/03/18;2000 UTC;,6;966;966;964,8;1533,2;31,4;;31,8;28,7;;;;;;;;;
2024/03/18;2100 UTC;0;967;967,1;966;610,7;28,7;;31,5;28,7;;;;;;;;;
2024/03/18;2200 UTC;0;967,1;967,2;966,9;54,5;27,2;;28,7;27,2;;;;;;;;;
2024/03/18;2300 UTC;0;967,3;967,3;966,8;;26,6;;27,2;26,6;;;;;;;;;
2024/03/19;0000 UTC;0;968,2;968,2;967,3;;25,8;;26,6;25,8;;;;;;;;;
2024/03/19;0100 UTC;0;968;968,2;968;;26,1;;26,2;25,7;;;;;;;;;
2024/03/19;0200 UTC;0;967,9;968;967,7;;26,1;;26,2;25,4;;;;;;;;;
2024/03/19;0300 UTC;0;967,7;967,9;967,7;;25,6;;26,2;25,6;;;;;;;;;
2024/03/19;0400 UTC;0;967,4;967,8;967,4;;24,6;;25,6;24,6;;;;;;;;;
2024/03/19;0500 UTC;0;967,3;967,4;967,2;;24,5;;24,8;24,5;;;;;;;;;
2024/03/19;0600 UTC;0;967,4;967,4;967,1;;24,4;;24,6;24,3;;;;;;;;;
2024/03/19;0700 UTC;0;967,2;967,4;967,1;;23,9;;24,4;23,9;;;;;;;;;
2024/03/19;0800 UTC;0;967,3;967,3;967,1;;23,3;;24;23,3;;;;;;;;;
2024/03/19;0900 UTC;0;967,6;967,6;967,3;;23,5;;23,5;23,3;;;;;;;;;
2024/03/19;1000 UTC;0;968,3;968,3;967,6;62,6;24,8;;24,8;23,5;;;;;;;;;
2024/03/19;1100 UTC;0;968,9;968,9;968,3;596,3;27,2;;27,2;24,8;;;;;;;;;
2024/03/19;1200 UTC;0;969;969;968,7;1477,3;29,6;;29,8;27,2;;;;;;;;;
2024/03/19;1300 UTC;0;968,9;969,1;968,8;2273,2;32,5;;32,5;29,6;;;;;;;;;
2024/03/19;1400 UTC;0;968,6;968,9;968,6;2907,8;34,1;;34,1;32;;;;;;;;;
2024/03/19;1500 UTC;0;968;968,6;968;2934,8;33,8;;35,6;33,7;;;;;;;;;
2024/03/19;1600 UTC;0;966,3;968;966,3;2667,1;36,5;;36,7;33,3;;;;;;;;;
2024/03/19;1700 UTC;5,4;965,9;966,3;965,6;1166,9;28,2;;36,5;28;;;;;;;;;
2024/03/19;1800 UTC;5,8;964,6;965,9;964,5;639,2;28,8;;28,8;25,9;;;;;;;;;
2024/03/19;1900 UTC;0;964;964,7;963,8;1347;32,9;;33,7;28,8;;;;;;;;;
2024/03/19;2000 UTC;0;964,5;964,7;964;429,2;29;;32,8;28,5;;;;;;;;;
2024/03/19;2100 UTC;0;965;965;964,5;264,8;28,8;;29,1;28,7;;;;;;;;;
2024/03/19;2200 UTC;0;965,3;965,4;965;30,1;28,1;;28,8;28,1;;;;;;;;;
2024/03/19;2300 UTC;0;965,8;965,8;965,2;;27,3;;28,1;27,3;;;;;;;;;
2024/03/20;0000 UTC;0;966,8;966,8;965,8;;27;;27,3;26,8;;;;;;;;;
2024/03/20;0100 UTC;0;967,3;967,3;966,8;;26,9;;27,2;26,9;;;;;;;;;
2024/03/20;0200 UTC;0;967;967,3;967;;27,7;;27,8;26,8;;;;;;;;;
2024/03/20;0300 UTC;0;967,1;967,2;966,8;;26,8;;27,9;26,8;;;;;;;;;
2024/03/20;0400 UTC;0;966,3;967,3;966,3;;25,6;;26,8;25,6;;;;;;;;;
2024/03/20;0500 UTC;0;966;966,3;965,9;;24,6;;25,6;24,6;;;;;;;;;
2024/03/20;0600 UTC;0;965,5;966;965,5;;24,2;;24,6;24,1;;;;;;;;;
2024/03/20;0700 UTC;0;964,9;965,6;964,8;;23,7;;24,2;23,7;;;;;;;;;
2024/03/20;0800 UTC;0;965,2;965,3;964,9;;23,7;;23,8;23,6;;;;;;;;;
2024/03/20;0900 UTC;0;965,7;965,7;965,1;;23,3;;23,7;23,3;;;;;;;;;
2024/03/20;1000 UTC;0;965,8;965,8;965,6;40,9;23,7;;23,7;23,3;;;;;;;;;
2024/03/20;1100 UTC;0;966,3;966,3;965,8;411,4;24,6;;24,6;23,7;;;;;;;;;
2024/03/20;1200 UTC;0;967;967;966,3;1127,3;26,1;;26,1;24,5;;;;;;;;;
2024/03/20;1300 UTC;0;967;967,2;967;1975,9;27,9;;28,3;26;;;;;;;;;
2024/03/20;1400 UTC;0;966,7;967,1;966,7;2573,1;30,1;;30,1;27,7;;;;;;;;;
2024/03/20;1500 UTC;0;966,1;966,7;966,1;3459,1;32,4;;32,4;30,1;;;;;;;;;
2024/03/20;1600 UTC;0;965,2;966,1;965,2;3297;33,2;;33,7;31,7;;;;;;;;;
2024/03/20;1700 UTC;0;964,4;965,2;964,4;3343,5;34,4;;35,3;32,9;;;;;;;;;
2024/03/20;1800 UTC;0;963,1;964,4;963,1;3029,5;34,7;;35,2;33,9;;;;;;;;;
2024/03/20;1900 UTC;0;962,2;963,1;962,2;2189,3;34,9;;35,2;34,2;;;;;;;;;
2024/03/20;2000 UTC;0;961,8;962,2;961,8;1012;33,1;;35,3;33,1;;;;;;;;;
2024/03/20;2100 UTC;0;962,3;962,3;961,8;280,4;32;;33,5;32;;;;;;;;;
2024/03/20;2200 UTC;0;963,4;963,4;962,3;30,5;30,2;;32;30,2;;;;;;;;;
2024/03/20;2300 UTC;0;964,1;964,1;963,4;;29,2;;30,2;28,5;;;;;;;;;
2024/03/21;0000 UTC;0;965;965;964,1;;28;;29,5;28;;;;;;;;;
2024/03/21;0100 UTC;0;965,5;965,5;965;;27,2;;28;27,2;;;;;;;;;
2024/03/21;0200 UTC;0;965,8;965,8;965,5;;27,1;;27,2;26,9;;;;;;;;;
2024/03/21;0300 UTC;0;965,8;965,9;965,7;;26,7;;27,1;26,7;;;;;;;;;
2024/03/21;0400 UTC;0;965,6;965,8;965,5;;26,4;;26,7;26,3;;;;;;;;;
2024/03/21;0500 UTC;0;965,1;965,6;965,1;;26,1;;26,4;26,1;;;;;;;;;
2024/03/21;0600 UTC;0;964,5;965,1;964,5;;25,9;;26,1;25,7;;;;;;;;;
2024/03/21;0700 UTC;0;964,3;964,5;964,2;;25,1;;25,9;25,1;;;;;;;;;
2024/03/21;0800 UTC;0;964,6;964,6;964,2;;25,3;;25,4;24,9;;;;;;;;;
2024/03/21;0900 UTC;0;965,4;965,4;964,6;;25;;25,3;24,9;;;;;;;;;
2024/03/21;1000 UTC;0;966,2;966,2;965,4;35,4;25,2;;25,2;24,8;;;;;;;;;
2024/03/21;1100 UTC;0;966,8;966,8;966,2;555,6;27,4;;27,5;25,2;;;;;;;;;
2024/03/21;1200 UTC;0;967,3;967,3;966,8;1474,4;29,9;;30,2;27,4;;;;;;;;;
2024/03/21;1300 UTC;0;967,6;967,6;967,2;2138,9;31,7;;31,7;29,4;;;;;;;;;
2024/03/21;1400 UTC;0;967,4;967,8;967,4;2954,6;33,5;;33,5;31,3;;;;;;;;;
2024/03/21;1500 UTC;0;966,5;967,4;966,5;3010,8;33,7;;34,6;32,9;;;;;;;;;
2024/03/21;1600 UTC;0;965,1;966,5;965,1;1115,8;30,7;;33,7;30,2;;;;;;;;;
2024/03/21;1700 UTC;0;964,4;965,1;963,9;1568,1;33;;33,6;30,6;;;;;;;;;
2024/03/21;1800 UTC;0;965;965,2;964,3;594,4;28,9;;33,1;28,9;;;;;;;;;
2024/03/21;1900 UTC;0;964,9;965,2;964,7;398;26,6;;28,9;26,4;;;;;;;;;
2024/03/21;2000 UTC;0;965,5;965,5;964,9;325,6;26;;27,2;26;;;;;;;;;
2024/03/21;2100 UTC;0;967,1;967,2;965,4;183,9;25,9;;26;25,8;;;;;;;;;
2024/03/21;2200 UTC;0;966,7;967,4;966,7;7,6;24,4;;25,9;24,4;;;;;;;;;
2024/03/21;2300 UTC;0;967;967;966,4;;24,4;;24,4;24,3;;;;;;;;;
2024/03/22;0000 UTC;0;967,6;967,6;967;;24,4;;24,5;24,4;;;;;;;;;
2024/03/22;0100 UTC;0;968;968,1;967,6;;24,2;;24,4;24,2;;;;;;;;;
2024/03/22;0200 UTC;0;967,7;968;967,7;;24;;24,2;24;;;;;;;;;
2024/03/22;0300 UTC;0;966,8;967,7;966,8;;24;;24;23,7;;;;;;;;;
2024/03/22;0400 UTC;0;967,3;967,3;966,6;;24,1;;24,3;24;;;;;;;;;
2024/03/22;0500 UTC;0;965,9;967,3;965,9;;23,9;;24,1;23,9;;;;;;;;;
2024/03/22;0600 UTC;0;965,7;965,9;965,1;;23,8;;24;23,8;;;;;;;;;
2024/03/22;0700 UTC;0;967,8;967,8;965,7;;24,2;;24,2;23,8;;;;;;;;;
2024/03/22;0800 UTC;0;968,1;968,2;967,8;;24,2;;24,3;24,2;;;;;;;;;
2024/03/22;0900 UTC;0;968,6;968,7;968,1;;23,7;;24,3;23,7;;;;;;;;;
2024/03/22;1000 UTC;0;968,9;968,9;968,5;24,1;23,7;;23,7;23,6;;;;;;;;;
2024/03/22;1100 UTC;0;969,6;969,6;968,9;443,1;24,9;;24,9;23,6;;;;;;;;;
2024/03/22;1200 UTC;0;970,4;970,4;969,6;1443,1;27,3;;27,3;24,9;;;;;;;;;
2024/03/22;1300 UTC;0;970,6;970,6;970,3;2298,3;29;;29,3;26,9;;;;;;;;;
2024/03/22;1400 UTC;0;970,6;970,7;970,6;2398,4;29,4;;30,3;28,6;;;;;;;;;
2024/03/22;1500 UTC;0;970,5;970,6;970,5;2016;29,9;;31,1;28,9;;;;;;;;;
2024/03/22;1600 UTC;0;969,6;970,5;969,6;1352,8;30;;31;29,6;;;;;;;;;
2024/03/22;1700 UTC;3,4;969,2;969,6;969,2;1069,1;24,7;;30,2;24,6;;;;;;;;;
2024/03/22;1800 UTC;,6;968,3;969,2;968,3;618,7;26,6;;26,9;24,7;;;;;;;;;
2024/03/22;1900 UTC;0;968,1;968,4;967,8;414,3;25,9;;26,6;25,9;;;;;;;;;
2024/03/22;2000 UTC;19,2;968,6;968,6;968;71,1;24,3;;25,9;23,9;;;;;;;;;
2024/03/22;2100 UTC;16,2;968,5;969;968,4;31,2;24;;24,3;23,8;;;;;;;;;
2024/03/22;2200 UTC;,2;969,2;969,3;968,5;9,6;24,8;;24,8;24;;;;;;;;;
2024/03/22;2300 UTC;0;970,1;970,1;969,2;4,6;25,2;;25,4;24,8;;;;;;;;;
2024/03/23;0000 UTC;,2;970,7;970,7;970;4,5;25,2;;25,3;24,9;;;;;;;;;
2024/03/23;0100 UTC;0;971,3;971,3;970,7;;25,2;;25,2;24,8;;;;;;;;;
2024/03/23;0200 UTC;0;971,7;971,8;971,3;;24,6;;25,2;24,5;;;;;;;;;
2024/03/23;0300 UTC;0;971,3;971,7;971,2;;24;;24,6;24;;;;;;;;;
2024/03/23;0400 UTC;0;971,2;971,4;971,2;;23,6;;24;23,6;;;;;;;;;
2024/03/23;0500 UTC;0;970,9;971,2;970,9;;22,7;;23,6;22,7;;;;;;;;;
2024/03/23;0600 UTC;0;970,6;970,9;970,6;;22,3;;22,7;22,3;;;;;;;;;
2024/03/23;0700 UTC;0;970,4;970,6;970,3;;21,9;;22,3;21,9;;;;;;;;;
2024/03/23;0800 UTC;0;970,1;970,4;970,1;;21,3;;21,9;21,3;;;;;;;;;
2024/03/23;0900 UTC;0;970,7;970,7;970,1;;21,3;;21,4;21,3;;;;;;;;;
2024/03/23;1000 UTC;0;971,2;971,2;970,7;19,9;21,3;;21,3;21,1;;;;;;;;;
2024/03/23;1100 UTC;0;971,6;971,6;971,2;253,5;22;;22;21,2;;;;;;;;;
2024/03/23;1200 UTC;0;972;972;971,6;570,4;23,6;;23,6;22;;;;;;;;;
2024/03/23;1300 UTC;0;972,2;972,2;972;1545,8;24,9;;24,9;23,6;;;;;;;;;
2024/03/23;1400 UTC;0;972,5;972,6;972,1;1160,1;24,9;;25;24,6;;;;;;;;;
2024/03/23;1500 UTC;0;972,1;972,5;972,1;1389,9;25,6;;25,7;24,8;;;;;;;;;
2024/03/23;1600 UTC;0;971,4;972,1;971,4;1332;26;;26,4;25,2;;;;;;;;;
2024/03/23;1700 UTC;0;970,7;971,4;970,7;1502,3;26,5;;26,8;26;;;;;;;;;
2024/03/23;1800 UTC;0;969,9;970,7;969,9;1346,9;26,6;;26,9;26,2;;;;;;;;;
2024/03/23;1900 UTC;0;969,9;969,9;969,8;603,4;25,4;;26,6;25,4;;;;;;;;;
2024/03/23;2000 UTC;0;969,6;969,9;969,6;251,3;25,1;;25,4;25,1;;;;;;;;;
2024/03/23;2100 UTC;0;969,7;969,7;969,5;191,1;25;;25,1;25;;;;;;;;;
2024/03/23;2200 UTC;0;970,4;970,4;969,7;18,3;24,6;;25;24,6;;;;;;;;;
2024/03/23;2300 UTC;0;970,7;970,7;970,4;;24,4;;24,7;24,4;;;;;;;;;
2024/03/24;0000 UTC;0;971,5;971,5;970,7;;23,7;;24,4;23,7;;;;;;;;;
2024/03/24;0100 UTC;0;971,8;971,8;971,4;;23;;23,7;23;;;;;;;;;
2024/03/24;0200 UTC;0;971,8;971,9;971,7;;22,5;;23;22,5;;;;;;;;;
2024/03/24;0300 UTC;0;971,6;971,8;971,5;;21,9;;22,5;21,9;;;;;;;;;
2024/03/24;0400 UTC;0;971,2;971,6;971,2;;21,5;;21,9;21,5;;;;;;;;;
2024/03/24;0500 UTC;0;970,6;971,2;970,6;;20,9;;21,5;20,8;;;;;;;;;
2024/03/24;0600 UTC;0;970,3;970,6;970,3;;20,9;;21;20,8;;;;;;;;;
2024/03/24;0700 UTC;0;970;970,3;969,9;;20,8;;20,9;20,8;;;;;;;;;
2024/03/24;0800 UTC;0;970,3;970,3;970;;20,8;;20,8;20,7;;;;;;;;;
2024/03/24;0900 UTC;0;970,7;970,7;970,3;;20,4;;20,8;20,4;;;;;;;;;
2024/03/24;1000 UTC;0;970,8;970,9;970,7;4,2;20;;20,4;20;;;;;;;;;
2024/03/24;1100 UTC;0;971,5;971,5;970,8;163,8;20,4;;20,4;20;;;;;;;;;
2024/03/24;1200 UTC;0;971,6;971,6;971,5;559,1;21;;21,1;20,3;;;;;;;;;
2024/03/24;1300 UTC;0;971,6;971,7;971,5;850,9;22,6;;22,6;21;;;;;;;;;
2024/03/24;1400 UTC;0;971,4;971,6;971,4;1479;23,9;;24;22,5;;;;;;;;;
2024/03/24;1500 UTC;0;971,3;971,5;971,3;1409,8;23,8;;24,1;23,7;;;;;;;;;
2024/03/24;1600 UTC;0;970,2;971,3;970,2;1343,7;24,7;;24,7;23,5;;;;;;;;;
2024/03/24;1700 UTC;0;969,6;970,2;969,6;782,6;24,5;;24,7;24,2;;;;;;;;;
2024/03/24;1800 UTC;0;968,7;969,6;968,7;912,3;24,6;;25,2;24,5;;;;;;;;;
2024/03/24;1900 UTC;0;968,1;968,7;968,1;1757,1;26,2;;26,8;24,6;;;;;;;;;
2024/03/24;2000 UTC;0;968,1;968,2;968;1171,2;24,9;;27,2;24,9;;;;;;;;;
2024/03/24;2100 UTC;0;968,6;968,6;968,1;225,3;24,2;;24,9;24,1;;;;;;;;;
2024/03/24;2200 UTC;0;968,9;968,9;968,5;19,9;23,5;;24,2;23,4;;;;;;;;;
2024/03/24;2300 UTC;0;969,3;969,3;968,9;;23,4;;23,5;23,2;;;;;;;;;
2024/03/25;0000 UTC;0;969,8;969,8;969,3;;23,4;;23,5;23,4;;;;;;;;;
2024/03/25;0100 UTC;0;970,2;970,2;969,8;;23;;23,5;23;;;;;;;;;
2024/03/25;0200 UTC;0;970,2;970,3;970,2;;22,5;;23;22,5;;;;;;;;;
2024/03/25;0300 UTC;0;970,3;970,4;970,2;;22,4;;22,6;22,4;;;;;;;;;
2024/03/25;0400 UTC;0;970,1;970,4;970,1;;22,2;;22,4;22,2;;;;;;;;;
2024/03/25;0500 UTC;0;969,5;970,1;969,5;;22,1;;22,2;22,1;;;;;;;;;
2024/03/25;0600 UTC;0;969,1;969,6;969,1;;22;;22,1;22;;;;;;;;;
2024/03/25;0700 UTC;0;968,5;969,1;968,5;;22;;22;21,9;;;;;;;;;
2024/03/25;0800 UTC;0;968,3;968,5;968,3;;21,6;;22;21,6;;;;;;;;;
2024/03/25;0900 UTC;0;968,6;968,6;968,3;;21,5;;21,7;21,5;;;;;;;;;
2024/03/25;1000 UTC;0;969;969;968,5;51,3;21,8;;21,8;21,2;;;;;;;;;
2024/03/25;1100 UTC;0;969,2;969,2;969;626,5;23,3;;23,4;21,8;;;;;;;;;
2024/03/25;1200 UTC;0;969,6;969,6;969,2;1486,7;24,8;;24,9;23,2;;;;;;;;;
2024/03/25;1300 UTC;0;969,7;969,7;969,6;1974,9;26,9;;27;24,8;;;;;;;;;
2024/03/25;1400 UTC;0;969,7;969,7;969,6;2772,5;28,2;;28,4;26,6;;;;;;;;;
2024/03/25;1500 UTC;0;969,2;969,7;969,2;2898,4;29,1;;29,2;27,5;;;;;;;;;
2024/03/25;1600 UTC;0;968,3;969,2;968,3;2614,6;30,6;;30,8;28,4;;;;;;;;;
2024/03/25;1700 UTC;0;967,4;968,3;967,4;2258;29,9;;30,7;28,7;;;;;;;;;
2024/03/25;1800 UTC;0;966,4;967,4;966,4;2691,6;31,1;;31,2;29,4;;;;;;;;;
2024/03/25;1900 UTC;0;965,6;966,4;965,6;2094,3;30,6;;32;30,2;;;;;;;;;
2024/03/25;2000 UTC;0;965,4;965,6;965,3;1396,3;30,5;;31,7;29,9;;;;;;;;;
2024/03/25;2100 UTC;0;965,9;965,9;965,3;263,3;29,5;;30,4;29,5;;;;;;;;;
2024/03/25;2200 UTC;0;966,5;966,5;965,9;18,1;28,1;;29,5;27,9;;;;;;;;;
2024/03/25;2300 UTC;0;967;967;966,5;;27,7;;28,3;27,6;;;;;;;;;
2024/03/26;0000 UTC;0;967,8;967,8;967;;26,8;;27,8;26,8;;;;;;;;;
2024/03/26;0100 UTC;0;968,3;968,3;967,8;;26,4;;26,8;26,2;;;;;;;;;
2024/03/26;0200 UTC;0;968,8;968,8;968,3;;25,9;;26,4;25,7;;;;;;;;;
2024/03/26;0300 UTC;0;968,5;968,8;968,4;;25,7;;26,2;25,7;;;;;;;;;
2024/03/26;0400 UTC;0;968,2;968,6;968,2;;24,6;;25,7;24,6;;;;;;;;;
2024/03/26;0500 UTC;0;968,4;968,4;968,1;;24,3;;24,6;23,8;;;;;;;;;
2024/03/26;0600 UTC;0;967,9;968,4;967,9;;22,7;;24,3;22,7;;;;;;;;;
2024/03/26;0700 UTC;0;967,8;967,9;967,6;;21,4;;22,7;21,4;;;;;;;;;
2024/03/26;0800 UTC;0;968,1;968,1;967,8;;21;;21,4;20,9;;;;;;;;;
2024/03/26;0900 UTC;0;968,6;968,6;967,9;;21,5;;21,5;20,9;;;;;;;;;
2024/03/26;1000 UTC;0;969,4;969,4;968,6;12,5;21,7;;21,7;21,5;;;;;;;;;
2024/03/26;1100 UTC;0;969,7;969,7;969,3;409,5;22,6;;22,6;21,7;;;;;;;;;
2024/03/26;1200 UTC;0;970,3;970,4;969,7;784,7;24,5;;24,5;22,6;;;;;;;;;
2024/03/26;1300 UTC;0;970,6;970,6;970,3;1551,3;25;;25,3;24,2;;;;;;;;;
2024/03/26;1400 UTC;0;971,1;971,1;970,6;944,1;25,1;;25,7;24,8;;;;;;;;;
2024/03/26;1500 UTC;0;970,9;971,1;970,9;1027,4;26,1;;26,2;25,1;;;;;;;;;
2024/03/26;1600 UTC;0;970,5;970,9;970,5;1002,1;26,2;;26,7;25,8;;;;;;;;;
2024/03/26;1700 UTC;0;969,5;970,5;969,5;1186,4;26,9;;27,1;25,9;;;;;;;;;
2024/03/26;1800 UTC;0;968,9;969,5;968,9;1366,7;27,1;;27,9;27;;;;;;;;;
2024/03/26;1900 UTC;0;968,2;968,9;968,2;1251,6;27,3;;28,1;27,1;;;;;;;;;
2024/03/26;2000 UTC;0;967,8;968,2;967,7;981,6;28,3;;28,7;27,3;;;;;;;;;
2024/03/26;2100 UTC;0;968;968;967,7;208,5;24,9;;28,3;24,9;;;;;;;;;
2024/03/26;2200 UTC;,4;968,3;968,3;968;14,7;23,9;;24,9;23,9;;;;;;;;;
2024/03/26;2300 UTC;0;968,9;968,9;968,3;;23,9;;23,9;23,3;;;;;;;;;
2024/03/27;0000 UTC;0;969,7;969,7;968,9;;23,9;;23,9;23,3;;;;;;;;;
2024/03/27;0100 UTC;0;970,2;970,2;969,7;;23,6;;23,9;23,6;;;;;;;;;
2024/03/27;0200 UTC;0;970,5;970,5;970,2;;22,9;;23,6;22,9;;;;;;;;;
2024/03/27;0300 UTC;0;970,8;970,8;970,4;;22,7;;22,9;22,7;;;;;;;;;
2024/03/27;0400 UTC;0;970,3;970,8;970,3;;22,4;;22,7;22,4;;;;;;;;;
2024/03/27;0500 UTC;0;970,2;970,3;970;;22,4;;22,5;22,4;;;;;;;;;
2024/03/27;0600 UTC;0;970,1;970,2;970,1;;22,1;;22,4;22,1;;;;;;;;;
2024/03/27;0700 UTC;0;970,1;970,2;969,9;;22,1;;22,1;22;;;;;;;;;
2024/03/27;0800 UTC;0;970,2;970,2;970;;22,3;;22,3;22,1;;;;;;;;;
2024/03/27;0900 UTC;0;970,5;970,5;970,2;;22,3;;22,3;22,2;;;;;;;;;
2024/03/27;1000 UTC;0;970,9;970,9;970,5;8,6;22,3;;22,4;22,3;;;;;;;;;
2024/03/27;1100 UTC;0;971,8;971,8;970,9;142,9;22,5;;22,5;22,3;;;;;;;;;
2024/03/27;1200 UTC;0;972,2;972,3;971,8;1149;24,2;;24,4;22,5;;;;;;;;;
2024/03/27;1300 UTC;0;972,4;972,4;972,2;1521,9;25,2;;25,8;23,7;;;;;;;;;
2024/03/27;1400 UTC;0;972;972,5;972;2514,9;26,5;;27,5;25,1;;;;;;;;;
2024/03/27;1500 UTC;0;972;972,1;971,9;2144,4;26,9;;27,5;26,4;;;;;;;;;
2024/03/27;1600 UTC;0;971,3;972;971,3;1707,7;26,9;;28,3;26,9;;;;;;;;;
2024/03/27;1700 UTC;0;971;971,3;971;884,3;26,1;;27;25,9;;;;;;;;;
2024/03/27;1800 UTC;0;970,3;971;970,3;989;26,5;;26,5;25,9;;;;;;;;;
2024/03/27;1900 UTC;0;970,2;970,4;970,2;491,7;25,1;;26,4;25;;;;;;;;;
2024/03/27;2000 UTC;1;970,2;970,2;970,1;183,8;23,8;;25;23,8;;;;;;;;;
2024/03/27;2100 UTC;0;970,4;970,5;970,2;153,9;23,2;;23,8;23,2;;;;;;;;;
2024/03/27;2200 UTC;0;970,7;971;970,3;34,6;23;;23,4;23;;;;;;;;;
2024/03/27;2300 UTC;0;971,2;971,4;970,7;;22,4;;23;22,4;;;;;;;;;
2024/03/28;0000 UTC;0;971,9;971,9;971,2;;22,3;;22,4;22,2;;;;;;;;;
2024/03/28;0100 UTC;0;972,8;972,8;971,9;;22,1;;22,3;22,1;;;;;;;;;
2024/03/28;0200 UTC;0;972,9;973;972,7;;21,6;;22,1;21,6;;;;;;;;;
2024/03/28;0300 UTC;0;973;973,1;972,8;;21,4;;21,6;21,3;;;;;;;;;
2024/03/28;0400 UTC;0;972,8;973;972,8;;21,6;;21,6;21,4;;;;;;;;;
2024/03/28;0500 UTC;0;972,3;972,8;972,3;;21,7;;21,8;21,6;;;;;;;;;
2024/03/28;0600 UTC;0;971,8;972,3;971,8;;21,2;;21,9;21,2;;;;;;;;;
2024/03/28;0700 UTC;0;971,7;971,8;971,7;;20,9;;21,2;20,8;;;;;;;;;
2024/03/28;0800 UTC;0;971,7;971,7;971,6;;21,3;;21,3;20,9;;;;;;;;;
2024/03/28;0900 UTC;0;971,8;971,8;971,5;;21,2;;21,4;21,2;;;;;;;;;
2024/03/28;1000 UTC;0;972,5;972,5;971,7;17,2;21,4;;21,4;21,2;;;;;;;;;
2024/03/28;1100 UTC;0;973,1;973,1;972,5;214,4;22;;22;21,4;;;;;;;;;
2024/03/28;1200 UTC;0;973,6;973,6;973,1;489,8;22,8;;22,8;22;;;;;;;;;
2024/03/28;1300 UTC;0;973,7;973,8;973,6;1325;24,7;;24,8;22,8;;;;;;;;;
2024/03/28;1400 UTC;0;973,4;973,7;973,4;2121,1;25,9;;26,2;24,6;;;;;;;;;
2024/03/28;1500 UTC;0;973,2;973,5;973,2;1593,8;27,1;;27,1;25,7;;;;;;;;;
2024/03/28;1600 UTC;0;972,7;973,2;972,7;1454,1;26,5;;27,4;26,5;;;;;;;;;
2024/03/28;1700 UTC;0;972;972,7;972;1088,4;27,2;;27,3;26,5;;;;;;;;;
2024/03/28;1800 UTC;0;971,6;972;971,6;1279,8;27,3;;27,7;26,7;;;;;;;;;
2024/03/28;1900 UTC;0;971,3;971,6;971,2;1243,7;27,4;;27,8;27,2;;;;;;;;;
2024/03/28;2000 UTC;0;971,3;971,3;971,2;628,6;27;;27,3;27;;;;;;;;;
2024/03/28;2100 UTC;0;971,3;971,4;971,2;231,8;26,6;;27;26,6;;;;;;;;;
2024/03/28;2200 UTC;0;971,6;971,6;971,3;14,6;25,7;;26,6;25,7;;;;;;;;;
2024/03/28;2300 UTC;0;971,7;971,7;971,6;;24,6;;25,7;24,6;;;;;;;;;
2024/03/29;0000 UTC;0;972,2;972,2;971,7;;23,2;;24,6;23,2;;;;;;;;;
2024/03/29;0100 UTC;0;972,6;972,6;972,2;;23,2;;23,2;22,9;;;;;;;;;
2024/03/29;0200 UTC;0;973;973;972,6;;22,7;;23,3;22,5;;;;;;;;;
2024/03/29;0300 UTC;0;973;973;972,9;;22,8;;22,9;22,5;;;;;;;;;
2024/03/29;0400 UTC;0;972,9;973,1;972,8;;21,9;;22,7;21,9;;;;;;;;;
2024/03/29;0500 UTC;0;972,5;972,9;972,5;;21,9;;22;21,8;;;;;;;;;
2024/03/29;0600 UTC;0;972;972,6;972;;21,9;;22,1;21,8;;;;;;;;;
2024/03/29;0700 UTC;0;971,9;972;971,8;;21,8;;22;21,6;;;;;;;;;
2024/03/29;0800 UTC;0;971,8;972;971,8;;21,6;;21,8;21,5;;;;;;;;;
2024/03/29;0900 UTC;0;972,1;972,1;971,8;;22,2;;22,2;21,6;;;;;;;;;
2024/03/29;1000 UTC;0;972,7;972,7;972,1;6,4;22;;22,2;21,9;;;;;;;;;
2024/03/29;1100 UTC;0;973,4;973,4;972,7;251,6;22,6;;22,7;22;;;;;;;;;
2024/03/29;1200 UTC;0;973,7;973,7;973,4;561,4;23,3;;23,4;22,6;;;;;;;;;
2024/03/29;1300 UTC;0;973,6;973,7;973,6;1037,4;24,9;;24,9;23,3;;;;;;;;;
2024/03/29;1400 UTC;0;973,5;973,7;973,5;1152,5;26,1;;26,1;24,9;;;;;;;;;
2024/03/29;1500 UTC;0;972,9;973,5;972,9;1733;27,3;;27,5;26;;;;;;;;;
2024/03/29;1600 UTC;0;971,9;972,9;971,9;1797,3;28,3;;28,4;27,1;;;;;;;;;
2024/03/29;1700 UTC;0;971,4;971,9;971,4;1573,7;28,7;;29;28,2;;;;;;;;;
2024/03/29;1800 UTC;0;970,8;971,4;970,8;1422,6;28,8;;29,4;28,6;;;;;;;;;
2024/03/29;1900 UTC;0;970,4;970,8;970,4;974,6;28,6;;29,1;28,5;;;;;;;;;
2024/03/29;2000 UTC;0;969,9;970,4;969,9;723,8;28,1;;28,8;28,1;;;;;;;;;
2024/03/29;2100 UTC;0;969,6;969,9;969,5;305,1;27,2;;28,1;27,2;;;;;;;;;
2024/03/29;2200 UTC;0;969,4;969,8;969,4;19,5;26,3;;27,2;26,3;;;;;;;;;
2024/03/29;2300 UTC;0;970,1;970,1;969,4;;25;;26,3;25;;;;;;;;;
2024/03/30;0000 UTC;0;970,9;970,9;970,1;;24,7;;25,1;24,7;;;;;;;;;
2024/03/30;0100 UTC;0;971,3;971,4;970,8;;24,8;;24,9;24,7;;;;;;;;;
2024/03/30;0200 UTC;0;971,5;971,6;971,3;;24,5;;24,8;24,5;;;;;;;;;
2024/03/30;0300 UTC;0;971,6;971,6;971,4;;23,8;;24,5;23,8;;;;;;;;;
2024/03/30;0400 UTC;0;971,4;971,7;971,4;;24;;24;23,6;;;;;;;;;
2024/03/30;0500 UTC;0;971;971,4;971;;23,5;;24;23,5;;;;;;;;;
2024/03/30;0600 UTC;0;970,2;971;970,2;;23,6;;23,8;23,5;;;;;;;;;
2024/03/30;0700 UTC;0;970,1;970,2;970;;23;;23,6;22,9;;;;;;;;;
2024/03/30;0800 UTC;0;970,5;970,5;970,1;;23;;23,1;22,9;;;;;;;;;
2024/03/30;0900 UTC;0;970,9;970,9;970,4;;23;;23,1;22,9;;;;;;;;;
2024/03/30;1000 UTC;0;971,3;971,4;970,9;13,5;22,9;;23;22,8;;;;;;;;;
2024/03/30;1100 UTC;0;971,8;971,8;971,3;457;24,7;;24,7;22,9;;;;;;;;;
2024/03/30;1200 UTC;0;972,2;972,2;971,8;703,8;25,4;;25,4;24,4;;;;;;;;;
2024/03/30;1300 UTC;0;972,2;972,3;972,2;2134,5;27,7;;27,7;25,4;;;;;;;;;
2024/03/30;1400 UTC;0;971,8;972,2;971,8;2430,4;28,6;;29,2;27,7;;;;;;;;;
2024/03/30;1500 UTC;0;971,3;971,8;971,3;3338;31,6;;31,6;28,5;;;;;;;;;
2024/03/30;1600 UTC;0;970,6;971,3;970,6;1207,6;30,1;;31,7;29,8;;;;;;;;;
2024/03/30;1700 UTC;0;969,5;970,6;969,5;1891,4;30,6;;31,8;30,1;;;;;;;;;
2024/03/30;1800 UTC;0;968,4;969,5;968,4;2370,4;31,2;;32,5;30,5;;;;;;;;;
2024/03/30;1900 UTC;0;967,3;968,4;967,3;1967,7;32;;32,6;31;;;;;;;;;
2024/03/30;2000 UTC;0;967,2;967,3;967;940,4;32,4;;32,6;30,9;;;;;;;;;
2024/03/30;2100 UTC;0;967,5;967,5;967,1;472,9;29,7;;32,4;29,7;;;;;;;;;
2024/03/30;2200 UTC;0;968,1;968,2;967,5;9,3;27,9;;29,7;27,9;;;;;;;;;
2024/03/30;2300 UTC;0;968,8;968,8;968,1;;26,7;;27,9;26,2;;;;;;;;;
2024/03/31;0000 UTC;0;969,8;969,8;968,8;;25,9;;26,9;25,9;;;;;;;;;
2024/03/31;0100 UTC;0;970,4;970,4;969,8;;24,6;;25,9;24,6;;;;;;;;;
2024/03/31;0200 UTC;0;970,6;970,6;970,3;;23,6;;24,7;23,6;;;;;;;;;
2024/03/31;0300 UTC;0;970,4;970,6;970,4;;23,2;;23,7;23,2;;;;;;;;;
2024/03/31;0400 UTC;0;970,1;970,4;970,1;;23,6;;23,8;23,2;;;;;;;;;
2024/03/31;0500 UTC;0;969,5;970,1;969,5;;23,3;;23,6;23,2;;;;;;;;;
2024/03/31;0600 UTC;0;969,4;969,5;969,3;;23;;23,4;22,9;;;;;;;;;
2024/03/31;0700 UTC;0;969;969,4;969;;23;;23;22,9;;;;;;;;;
2024/03/31;0800 UTC;0;969;969;968,8;;22,6;;23;22,5;;;;;;;;;
2024/03/31;0900 UTC;0;969,3;969,3;969;;22,6;;22,6;22,4;;;;;;;;;
2024/03/31;1000 UTC;0;969,5;969,5;969,2;25,3;22,4;;22,6;22,1;;;;;;;;;
2024/03/31;1100 UTC;0;970,2;970,2;969,5;372,4;24,6;;24,6;22,4;;;;;;;;;
2024/03/31;1200 UTC;0;970,8;970,8;970,2;1324,5;27,7;;27,8;24,6;;;;;;;;;
2024/03/31;1300 UTC;0;971;971;970,8;2056;30,3;;30,5;27,6;;;;;;;;;
2024/03/31;1400 UTC;0;971;971,2;971;2931,1;31,6;;31,8;30,1;;;;;;;;;
2024/03/31;1500 UTC;0;970,4;971;970,4;3168;31,7;;33,2;31,2;;;;;;;;;
2024/03/31;1600 UTC;0;969,4;970,5;969,4;2330,6;31,8;;32,7;30,8;;;;;;;;;
2024/03/31;1700 UTC;0;967,8;969,4;967,8;3128,7;33,2;;33,5;31,7;;;;;;;;;
2024/03/31;1800 UTC;0;966,5;967,8;966,5;2280,1;33,3;;33,5;32,5;;;;;;;;;
2024/03/31;1900 UTC;0;966,3;966,5;966;952,5;29,9;;33,4;29,9;;;;;;;;;
2024/03/31;2000 UTC;0;966,9;967,1;966,3;129,9;27;;29,9;27;;;;;;;;;
2024/03/31;2100 UTC;0;967,3;967,3;966,8;95,8;26,2;;27,3;26,2;;;;;;;;;
2024/03/31;2200 UTC;,8;968,4;968,4;967,3;1,2;25,7;;26,6;25,5;;;;;;;;;
2024/03/31;2300 UTC;3,2;969,4;969,5;968,4;;23,2;;25,7;22,9;;;;;;;;;
2024/04/01;0000 UTC;,6;970,4;970,4;969,3;;21,7;;23,2;21,7;;;;;;;;;
2024/04/01;0100 UTC;1,6;970,9;970,9;970,4;;21,4;;21,7;21,4;;;;;;;;;
2024/04/01;0200 UTC;2,8;970,6;971,2;970,6;;21,3;;21,4;21,2;;;;;;;;;
2024/04/01;0300 UTC;,2;970,1;970,6;970,1;;21,7;;21,9;21,3;;;;;;;;;
2024/04/01;0400 UTC;0;969;970,1;969;;21,6;;21,7;21,5;;;;;;;;;
2024/04/01;0500 UTC;,2;967,4;969;967,4;;21,6;;21,7;21,6;;;;;;;;;
2024/04/01;0600 UTC;0;967,2;967,4;967;;21,7;;21,8;21,6;;;;;;;;;
2024/04/01;0700 UTC;0;967,6;967,8;967,2;;21,4;;21,7;21,3;;;;;;;;;
2024/04/01;0800 UTC;0;967,7;967,8;967,5;;21,1;;21,4;21,1;;;;;;;;;
2024/04/01;0900 UTC;0;967,9;967,9;967,7;;21;;21,1;20,9;;;;;;;;;
2024/04/01;1000 UTC;0;968,3;968,3;967,8;31,8;21,2;;21,2;20,9;;;;;;;;;
2024/04/01;1100 UTC;0;968,9;968,9;968,3;538,1;23,6;;23,6;21,2;;;;;;;;;
2024/04/01;1200 UTC;0;969,2;969,2;968,9;1323;25,1;;25,1;23,6;;;;;;;;;
2024/04/01;1300 UTC;0;969,6;969,6;969,2;2141,2;27,2;;27,7;25,1;;;;;;;;;
2024/04/01;1400 UTC;0;969,5;969,8;969,5;2805,3;28,6;;28,8;26,9;;;;;;;;;
2024/04/01;1500 UTC;0;969,3;969,6;969,3;2981,8;30;;30,1;28,5;;;;;;;;;
2024/04/01;1600 UTC;0;968,9;969,3;968,9;2858;30,2;;30,7;29,8;;;;;;;;;
2024/04/01;1700 UTC;0;967,9;968,9;967,9;2262,1;30,2;;30,9;30,1;;;;;;;;;
2024/04/01;1800 UTC;0;966,6;967,9;966,6;1540,7;29,9;;30,5;29,7;;;;;;;;;
2024/04/01;1900 UTC;0;966,1;966,6;965,9;1839,4;30,3;;31,1;29,9;;;;;;;;;
2024/04/01;2000 UTC;0;966,2;966,2;966;639,6;29,2;;30,4;29,2;;;;;;;;;
2024/04/01;2100 UTC;0;966,5;966,5;966,1;132,9;28,2;;29,2;28,2;;;;;;;;;
2024/04/01;2200 UTC;0;967,3;967,3;966,4;15,1;25,5;;28,3;25,5;;;;;;;;;
2024/04/01;2300 UTC;0;968,2;968,2;967,3;;24,3;;25,5;24,3;;;;;;;;;
2024/04/02;0000 UTC;0;969;969;968,2;;23,9;;24,3;23,9;;;;;;;;;
2024/04/02;0100 UTC;0;969,4;969,6;969;;24;;24;23,9;;;;;;;;;
2024/04/02;0200 UTC;0;969,4;969,6;969,3;;23,8;;24;23,8;;;;;;;;;
2024/04/02;0300 UTC;0;968,9;969,4;968,9;;23,4;;23,8;23,4;;;;;;;;;
2024/04/02;0400 UTC;0;968,3;968,9;968,3;;23,3;;23,4;23,2;;;;;;;;;
2024/04/02;0500 UTC;0;968,2;968,4;968,1;;23,1;;23,4;23,1;;;;;;;;;
2024/04/02;0600 UTC;0;968,3;968,3;968;;22,9;;23,2;22,9;;;;;;;;;
2024/04/02;0700 UTC;0;968,1;968,3;968;;22,8;;23,1;22,8;;;;;;;;;
2024/04/02;0800 UTC;0;967,9;968,1;967,9;;22,7;;22,9;22,7;;;;;;;;;
2024/04/02;0900 UTC;0;968,2;968,2;967,9;;22,2;;22,7;22,2;;;;;;;;;
2024/04/02;1000 UTC;0;968,7;968,8;968,2;24,8;22,2;;22,2;21,9;;;;;;;;;
2024/04/02;1100 UTC;0;969,1;969,1;968,7;351,3;23,9;;23,9;22,2;;;;;;;;;
2024/04/02;1200 UTC;0;969,7;969,7;969,1;987,6;25,4;;25,6;24;;;;;;;;;
2024/04/02;1300 UTC;0;970,1;970,1;969,7;1876;26,9;;27;25,4;;;;;;;;;
2024/04/02;1400 UTC;0;969,7;970,1;969,7;2730,6;29,1;;29,3;26,7;;;;;;;;;
2024/04/02;1500 UTC;0;969;969,7;969;2700,8;31;;31,3;29;;;;;;;;;
2024/04/02;1600 UTC;0;967,8;969;967,8;2358,9;31,2;;31,2;29,7;;;;;;;;;
2024/04/02;1700 UTC;0;966,7;967,8;966,6;2625,3;31,7;;32,4;30,4;;;;;;;;;
2024/04/02;1800 UTC;0;965,7;966,7;965,7;1915,2;30,5;;31,8;27,5;;;;;;;;;
2024/04/02;1900 UTC;,2;964,9;965,7;964,9;2248,1;31,2;;32,4;30,5;;;;;;;;;
2024/04/02;2000 UTC;0;964,8;964,9;964,7;1389,2;31,7;;31,8;31,1;;;;;;;;;
2024/04/02;2100 UTC;0;965,3;965,3;964,8;525,1;29,9;;31,8;29,9;;;;;;;;;
2024/04/02;2200 UTC;0;965,6;965,6;965,3;11,8;27,1;;29,9;27,1;;;;;;;;;
2024/04/02;2300 UTC;0;966,4;966,4;965,6;;25,9;;27,1;25,9;;;;;;;;;
2024/04/03;0000 UTC;0;967,3;967,3;966,4;;25,5;;25,9;25;;;;;;;;;
2024/04/03;0100 UTC;0;967,8;967,8;967,3;;24,8;;26,3;24,7;;;;;;;;;
2024/04/03;0200 UTC;0;968,3;968,3;967,8;;24;;24,8;24;;;;;;;;;
2024/04/03;0300 UTC;0;968,5;968,6;968,2;;23,6;;24,1;23,6;;;;;;;;;
2024/04/03;0400 UTC;0;968,1;968,6;968,1;;23,4;;23,6;23,3;;;;;;;;;
2024/04/03;0500 UTC;0;967,7;968,1;967,7;;22,9;;23,4;22,8;;;;;;;;;
2024/04/03;0600 UTC;0;967,5;967,7;967,5;;22,9;;23;22,7;;;;;;;;;
2024/04/03;0700 UTC;0;967,4;967,5;967,3;;22,4;;22,9;22,4;;;;;;;;;
2024/04/03;0800 UTC;0;967,4;967,4;967,3;;22,1;;22,5;21,7;;;;;;;;;
2024/04/03;0900 UTC;0;967,6;967,6;967,4;;21,3;;22,1;21,3;;;;;;;;;
2024/04/03;1000 UTC;0;968,2;968,2;967,6;27,8;22;;22;21,2;;;;;;;;;
2024/04/03;1100 UTC;0;969,1;969,1;968,2;538,2;24,6;;24,6;22;;;;;;;;;
2024/04/03;1200 UTC;0;969,7;969,7;969,1;1359,8;26,2;;26,2;24,3;;;;;;;;;
2024/04/03;1300 UTC;0;969,8;969,9;969,7;2167,6;28,5;;28,5;26,3;;;;;;;;;
2024/04/03;1400 UTC;0;969,4;969,8;969,4;2781,7;30,4;;30,4;28,5;;;;;;;;;
2024/04/03;1500 UTC;0;969;969,4;969;3250,4;31,6;;31,9;30;;;;;;;;;
2024/04/03;1600 UTC;0;968,2;969;968,2;2696,4;32,1;;32,3;31;;;;;;;;;
2024/04/03;1700 UTC;0;967,3;968,2;967,3;2794,3;33,8;;33,8;31,6;;;;;;;;;
2024/04/03;1800 UTC;0;966,6;967,3;966,6;2296,2;33,5;;33,8;31,8;;;;;;;;;
2024/04/03;1900 UTC;0;966,4;966,6;966,3;2525,8;33,2;;34,6;33,2;;;;;;;;;
2024/04/03;2000 UTC;0;966,2;966,4;966,2;1512,7;32,7;;33,7;32,6;;;;;;;;;
2024/04/03;2100 UTC;0;966,2;966,2;966,1;526,9;31;;33;31;;;;;;;;;
2024/04/03;2200 UTC;0;966,6;966,6;966,2;15,2;27,9;;31;27,9;;;;;;;;;
2024/04/03;2300 UTC;0;967,3;967,3;966,6;;28,1;;28,4;27,5;;;;;;;;;
2024/04/04;0000 UTC;0;967,9;967,9;967,3;;27,3;;28,1;27,1;;;;;;;;;
2024/04/04;0100 UTC;0;968,3;968,3;967,9;;26,7;;27,3;26,4;;;;;;;;;
2024/04/04;0200 UTC;0;968,5;968,5;968,3;;26,4;;26,7;25,7;;;;;;;;;
2024/04/04;0300 UTC;0;968,6;968,6;968,4;;25,5;;26,5;25,5;;;;;;;;;
2024/04/04;0400 UTC;0;968,6;968,8;968,6;;25,5;;25,5;24,4;;;;;;;;;
2024/04/04;0500 UTC;0;968,4;968,6;968,4;;25;;25,5;24,6;;;;;;;;;
2024/04/04;0600 UTC;0;968,4;968,4;968,3;;25,3;;25,3;24,8;;;;;;;;;
2024/04/04;0700 UTC;0;968,4;968,5;968,2;;24,8;;25,4;23,6;;;;;;;;;
2024/04/04;0800 UTC;0;968,5;968,5;968,2;;24,4;;24,8;24,4;;;;;;;;;
2024/04/04;0900 UTC;0;969,4;969,4;968,5;;24,3;;24,6;24,2;;;;;;;;;
2024/04/04;1000 UTC;0;970,1;970,1;969,4;31,1;24,5;;24,5;24,1;;;;;;;;;
2024/04/04;1100 UTC;0;971,1;971,1;970,1;475,8;26,2;;26,2;24,5;;;;;;;;;
2024/04/04;1200 UTC;0;971,6;971,6;971,1;1221,9;28,2;;28,2;26,2;;;;;;;;;
2024/04/04;1300 UTC;0;971,4;971,6;971,3;2124,6;30,4;;30,5;28,2;;;;;;;;;
2024/04/04;1400 UTC;0;971;971,5;971;2759,5;32,3;;32,3;30,3;;;;;;;;;
2024/04/04;1500 UTC;0;970,6;971;970,6;1955,7;31,7;;32,7;31,2;;;;;;;;;
2024/04/04;1600 UTC;0;970;970,6;970;1835,2;32,4;;32,8;31,7;;;;;;;;;
2024/04/04;1700 UTC;0;968,8;970;968,8;2273,7;33,3;;33,6;32,3;;;;;;;;;
2024/04/04;1800 UTC;0;967,8;968,8;967,8;1871,7;33,8;;34;32,2;;;;;;;;;
2024/04/04;1900 UTC;0;967,3;967,8;967,3;2161;34,3;;34,3;33,4;;;;;;;;;
2024/04/04;2000 UTC;0;966,9;967,3;966,9;1136,1;32,9;;34,6;32,9;;;;;;;;;
2024/04/04;2100 UTC;0;966,9;966,9;966,8;402,5;31,8;;33,1;31,8;;;;;;;;;
2024/04/04;2200 UTC;0;967,3;967,3;966,8;6,7;29,5;;31,8;29,1;;;;;;;;;
2024/04/04;2300 UTC;0;968,3;968,3;967,3;;28,7;;29,5;28,1;;;;;;;;;
2024/04/05;0000 UTC;0;969,4;969,4;968,3;;27;;28,8;26,1;;;;;;;;;
2024/04/05;0100 UTC;0;970;970;969,4;;27,3;;27,3;26,4;;;;;;;;;
2024/04/05;0200 UTC;0;970,2;970,2;970;;26,6;;27,3;26,6;;;;;;;;;
2024/04/05;0300 UTC;0;970,1;970,2;970,1;;26,6;;26,8;24,9;;;;;;;;;
2024/04/05;0400 UTC;0;969,7;970,1;969,7;;26,1;;26,6;25,8;;;;;;;;;
2024/04/05;0500 UTC;0;969,3;969,7;969,3;;26,2;;26,2;24,4;;;;;;;;;
2024/04/05;0600 UTC;0;968,9;969,3;968,9;;25,2;;26,3;25,2;;;;;;;;;
2024/04/05;0700 UTC;0;968,8;968,9;968,8;;25,5;;25,6;24,8;;;;;;;;;
2024/04/05;0800 UTC;0;968,9;968,9;968,7;;24,2;;25,6;23,7;;;;;;;;;
2024/04/05;0900 UTC;0;969,6;969,6;968,9;;22,6;;24,2;22,6;;;;;;;;;
2024/04/05;1000 UTC;0;970,1;970,1;969,6;34,5;22,6;;22,6;22,4;;;;;;;;;
2024/04/05;1100 UTC;0;970,9;970,9;970,1;419,8;27;;27;22,6;;;;;;;;;
2024/04/05;1200 UTC;0;971,3;971,3;970,9;1313,4;29,5;;29,5;27;;;;;;;;;
2024/04/05;1300 UTC;0;971,3;971,4;971,2;2094,4;31,7;;31,9;29,4;;;;;;;;;
2024/04/05;1400 UTC;0;970,9;971,3;970,9;2750,6;32,7;;32,8;31,6;;;;;;;;;
2024/04/05;1500 UTC;0;970,5;970,9;970,4;2968,9;33,7;;34;32,5;;;;;;;;;
2024/04/05;1600 UTC;0;969,7;970,5;969,7;3160,7;34,7;;35,1;33,6;;;;;;;;;
2024/04/05;1700 UTC;0;968,7;969,7;968,7;3252,6;35,1;;35,7;34,3;;;;;;;;;
2024/04/05;1800 UTC;0;967,6;968,7;967,6;1656,4;34,6;;35,7;34,1;;;;;;;;;
2024/04/05;1900 UTC;0;967,2;967,6;967,2;1324,8;34,1;;34,8;33,3;;;;;;;;;
2024/04/05;2000 UTC;0;966,8;967,2;966,6;962,2;32,4;;34,8;32,4;;;;;;;;;
2024/04/05;2100 UTC;0;967;967,1;966,8;356;30,8;;32,4;30,8;;;;;;;;;
2024/04/05;2200 UTC;0;967,7;967,7;967;15,7;28;;30,8;27,9;;;;;;;;;
2024/04/05;2300 UTC;0;968,4;968,4;967,6;;26,7;;28,5;26,6;;;;;;;;;
2024/04/06;0000 UTC;0;968,8;968,8;968,4;;26,3;;26,8;26,1;;;;;;;;;
2024/04/06;0100 UTC;0;968,9;969;968,8;;26,2;;26,5;25,8;;;;;;;;;
2024/04/06;0200 UTC;0;969;969;968,8;;25,8;;26,4;25,8;;;;;;;;;
2024/04/06;0300 UTC;0;968,9;969;968,8;;26,2;;26,2;25,5;;;;;;;;;
2024/04/06;0400 UTC;0;968,8;968,9;968,7;;25;;26,2;24,8;;;;;;;;;
2024/04/06;0500 UTC;0;968,5;968,8;968,5;;24;;26;23,8;;;;;;;;;
2024/04/06;0600 UTC;0;968,3;968,5;968,3;;24,4;;24,4;23,8;;;;;;;;;
2024/04/06;0700 UTC;0;967,9;968,3;967,8;;24,3;;24,6;24,3;;;;;;;;;
2024/04/06;0800 UTC;0;967,9;967,9;967,8;;24,4;;24,4;24;;;;;;;;;
2024/04/06;0900 UTC;0;968,7;968,7;967,9;;25;;25,1;24,4;;;;;;;;;
2024/04/06;1000 UTC;0;969,6;969,6;968,7;27,8;24,8;;25;24,3;;;;;;;;;
2024/04/06;1100 UTC;0;970,2;970,3;969,6;525,1;25,8;;25,8;24,8;;;;;;;;;
2024/04/06;1200 UTC;0;970,8;970,9;970,2;1283,2;27,1;;27,1;25,7;;;;;;;;;
2024/04/06;1300 UTC;0;971;971,1;970,8;2071,9;28,9;;29,1;27,1;;;;;;;;;
2024/04/06;1400 UTC;0;970,7;971;970,7;2672,3;30,6;;31,1;28,7;;;;;;;;;
2024/04/06;1500 UTC;0;969,8;970,7;969,8;3063,6;32,3;;32,5;30,4;;;;;;;;;
2024/04/06;1600 UTC;0;968,8;969,8;968,8;3150,7;32,7;;33,5;31,9;;;;;;;;;
2024/04/06;1700 UTC;0;967,9;968,8;967,9;3018,7;33,5;;34,3;32,7;;;;;;;;;
2024/04/06;1800 UTC;0;967;967,9;967;2589,5;34;;34,7;33,4;;;;;;;;;
2024/04/06;1900 UTC;0;966,5;967;966,4;2085,9;33,9;;35;33,9;;;;;;;;;
2024/04/06;2000 UTC;0;966,4;966,5;966,3;1252,3;33,4;;34,4;33,4;;;;;;;;;
2024/04/06;2100 UTC;0;966,6;966,6;966,3;311,2;31,1;;33,6;31,1;;;;;;;;;
2024/04/06;2200 UTC;0;967;967;966,6;7,4;29,5;;31,1;29,4;;;;;;;;;
2024/04/06;2300 UTC;0;967,5;967,5;967;;28,6;;29,5;28,6;;;;;;;;;
2024/04/07;0000 UTC;0;968,3;968,3;967,5;;28,7;;28,9;28,5;;;;;;;;;
2024/04/07;0100 UTC;0;969,3;969,3;968,3;;27,5;;28,8;27,4;;;;;;;;;
2024/04/07;0200 UTC;0;969,7;969,7;969,2;;25,9;;27,5;25,9;;;;;;;;;
2024/04/07;0300 UTC;0;970,1;970,1;969,6;;24,8;;25,9;24,8;;;;;;;;;
2024/04/07;0400 UTC;0;970,1;970,2;970;;23,7;;24,8;23,7;;;;;;;;;
2024/04/07;0500 UTC;0;969,9;970,3;969,9;;22,9;;23,7;22,9;;;;;;;;;
2024/04/07;0600 UTC;0;969,8;970,2;969,8;;22,2;;22,9;22,2;;;;;;;;;
2024/04/07;0700 UTC;0;969,6;970;969,6;;21,5;;22,2;21,5;;;;;;;;;
2024/04/07;0800 UTC;0;969,9;969,9;969,6;;20,9;;21,5;20,9;;;;;;;;;
2024/04/07;0900 UTC;0;969,5;970;969,5;;20,5;;20,9;20,4;;;;;;;;;
2024/04/07;1000 UTC;0;970;970;969,3;29,4;20,6;;20,6;20,4;;;;;;;;;
2024/04/07;1100 UTC;0;970,5;970,5;970;542,8;22,2;;22,3;20,6;;;;;;;;;
2024/04/07;1200 UTC;0;970,9;970,9;970,5;1280,8;24,2;;24,2;22,2;;;;;;;;;
2024/04/07;1300 UTC;0;971,1;971,1;970,8;2006;26,1;;26,1;24,1;;;;;;;;;
2024/04/07;1400 UTC;0;970,4;971,1;970,4;2591,5;28,3;;28,3;25,9;;;;;;;;;
2024/04/07;1500 UTC;0;970;970,4;970;2936,7;29,7;;30,4;28;;;;;;;;;
2024/04/07;1600 UTC;0;968,8;970;968,8;2918,4;31,7;;32,4;29,8;;;;;;;;;
2024/04/07;1700 UTC;0;968;968,8;968;2408;32,8;;32,9;31,5;;;;;;;;;
2024/04/07;1800 UTC;0;967,4;968;967,4;2152,5;33,1;;33,5;32;;;;;;;;;
2024/04/07;1900 UTC;,8;967;967,4;966,8;1276,8;26,3;;33,1;26,3;;;;;;;;;
2024/04/07;2000 UTC;13;968;968;967,1;257,5;24,2;;26,3;24,1;;;;;;;;;
2024/04/07;2100 UTC;5;968,1;968,7;967,9;27,2;23,7;;24,2;23,3;;;;;;;;;
2024/04/07;2200 UTC;0;968,3;968,4;967,9;5,6;24;;24,3;23,7;;;;;;;;;
2024/04/07;2300 UTC;0;968,3;968,4;968,2;2,3;24,3;;24,6;24;;;;;;;;;
2024/04/08;0000 UTC;,2;970,1;970,1;968,3;3,8;24,1;;25,2;24,1;;;;;;;;;
2024/04/08;0100 UTC;2,2;971,1;971,1;969,7;;22;;24,1;22;;;;;;;;;
2024/04/08;0200 UTC;4,6;970,6;971,4;970,6;;22,9;;23;22;;;;;;;;;
2024/04/08;0300 UTC;3,8;970,7;970,9;970,5;;22,6;;22,9;22,5;;;;;;;;;
2024/04/08;0400 UTC;0;969,6;970,7;969,6;;22,1;;22,5;22,1;;;;;;;;;
2024/04/08;0500 UTC;0;969,9;970;969,6;;22,3;;22,3;22;;;;;;;;;
2024/04/08;0600 UTC;0;970,3;970,6;969,9;;22,2;;22,3;22,1;;;;;;;;;
2024/04/08;0700 UTC;0;969,2;970,3;969,2;;22,3;;22,3;22,2;;;;;;;;;
2024/04/08;0800 UTC;0;968,3;969,2;968,3;;22,3;;22,4;22,2;;;;;;;;;
2024/04/08;0900 UTC;0;967,8;968,4;967,7;;22,2;;22,3;22,2;;;;;;;;;
2024/04/08;1000 UTC;0;969,2;969,2;967,8;15,5;22,4;;22,4;22,2;;;;;;;;;
2024/04/08;1100 UTC;0;969,7;969,7;969,1;291,9;23,6;;23,6;22,4;;;;;;;;;
2024/04/08;1200 UTC;0;969,8;969,8;969,6;1425,3;25,6;;25,6;23,6;;;;;;;;;
2024/04/08;1300 UTC;0;969,7;969,8;969,6;2044,7;26,9;;27,3;25,5;;;;;;;;;
2024/04/08;1400 UTC;0;969,6;970;969,6;2082,5;28,3;;28,5;26,9;;;;;;;;;
2024/04/08;1500 UTC;0;969,3;969,8;969,3;1569,1;29,2;;29,2;28;;;;;;;;;
2024/04/08;1600 UTC;,2;968,4;969,3;968,4;1865,4;29,6;;29,8;28,9;;;;;;;;;
2024/04/08;1700 UTC;0;967,6;968,4;967,6;1777,3;29,8;;30,4;29,5;;;;;;;;;
2024/04/08;1800 UTC;0;966,8;967,6;966,8;1876,7;30,7;;30,9;29,4;;;;;;;;;
2024/04/08;1900 UTC;0;966,1;966,8;966,1;1660,3;30;;31,3;29,9;;;;;;;;;
2024/04/08;2000 UTC;0;966,4;966,4;966,1;845,9;29,9;;30,7;29,8;;;;;;;;;
2024/04/08;2100 UTC;0;966,5;966,6;966,4;393,6;29,2;;29,9;29,2;;;;;;;;;
2024/04/08;2200 UTC;0;966,9;967;966,4;11,6;27,2;;29,2;27,2;;;;;;;;;
2024/04/08;2300 UTC;0;967,5;967,5;966,9;;26,9;;27,2;26,6;;;;;;;;;
2024/04/09;0000 UTC;0;968,3;968,3;967,5;;26,2;;26,9;25,7;;;;;;;;;
2024/04/09;0100 UTC;0;968,4;968,4;968,1;;25,6;;26,2;25,6;;;;;;;;;
2024/04/09;0200 UTC;0;968,9;969,1;968,4;;25,2;;25,6;25,2;;;;;;;;;
2024/04/09;0300 UTC;0;969;969,2;968,8;;25,1;;25,3;25;;;;;;;;;
2024/04/09;0400 UTC;0;968,7;969,2;968,7;;24,4;;25,1;24,4;;;;;;;;;
2024/04/09;0500 UTC;0;968,4;968,7;968,4;;24,2;;24,4;24,2;;;;;;;;;
2024/04/09;0600 UTC;0;968,5;968,6;968,3;;24,1;;24,2;23,8;;;;;;;;;
2024/04/09;0700 UTC;0;968,1;968,5;968,1;;23,7;;24,1;23,7;;;;;;;;;
2024/04/09;0800 UTC;0;968;968,1;967,9;;23,3;;23,7;23,3;;;;;;;;;
2024/04/09;0900 UTC;0;968,2;968,3;968;;23,1;;23,3;23,1;;;;;;;;;
2024/04/09;1000 UTC;0;969,4;969,4;968,2;26,8;23,2;;23,2;23;;;;;;;;;
2024/04/09;1100 UTC;0;970,3;970,3;969,4;364,4;24;;24,1;23,2;;;;;;;;;
2024/04/09;1200 UTC;0;971;971;970,3;1292;26;;26,6;24;;;;;;;;;
2024/04/09;1300 UTC;0;970,9;971,2;970,9;2020,5;27,3;;27,9;25,9;;;;;;;;;
2024/04/09;1400 UTC;0;970,7;970,9;970,7;2740,6;29,4;;29,6;27,3;;;;;;;;;
2024/04/09;1500 UTC;0;970;970,7;970;2433;30;;30,1;29,2;;;;;;;;;
2024/04/09;1600 UTC;0;969,2;970;969,2;2113,6;30,4;;30,8;29,8;;;;;;;;;
2024/04/09;1700 UTC;0;968,1;969,2;968,1;2954,6;31,8;;32,2;30,1;;;;;;;;;
2024/04/09;1800 UTC;0;966,8;968,1;966,8;2505,8;31,3;;32,3;31,1;;;;;;;;;
2024/04/09;1900 UTC;0;966,1;966,8;966,1;1837,9;31,7;;32;30,5;;;;;;;;;
2024/04/09;2000 UTC;0;966;966,1;965,9;1059,7;30,5;;32,2;30,5;;;;;;;;;
2024/04/09;2100 UTC;0;967;967;966;229,9;27,8;;30,5;27,8;;;;;;;;;
2024/04/09;2200 UTC;0;967,5;967,6;967;4,5;25,7;;27,8;25,7;;;;;;;;;
2024/04/09;2300 UTC;0;968;968;967,4;;24,9;;25,7;24,9;;;;;;;;;
2024/04/10;0000 UTC;0;968,3;968,4;968;;24,1;;24,9;24,1;;;;;;;;;
2024/04/10;0100 UTC;0;969;969,2;968,3;;23,8;;24,1;23,8;;;;;;;;;
2024/04/10;0200 UTC;0;968,8;969,1;968,8;;23,6;;23,8;23,6;;;;;;;;;
2024/04/10;0300 UTC;0;968,8;968,9;968,8;;23,2;;23,6;23,1;;;;;;;;;
2024/04/10;0400 UTC;0;968,8;969;968,7;;22,7;;23,2;22,7;;;;;;;;;
2024/04/10;0500 UTC;0;968,5;968,8;968,5;;22,2;;22,7;22,2;;;;;;;;;
2024/04/10;0600 UTC;0;968,2;968,6;968,2;;21,9;;22,3;21,9;;;;;;;;;
2024/04/10;0700 UTC;0;968,1;968,2;968;;21,8;;21,9;21,8;;;;;;;;;
2024/04/10;0800 UTC;0;968,2;968,2;968;;22,1;;22,1;21,7;;;;;;;;;
2024/04/10;0900 UTC;0;968,3;968,3;968,1;;22,2;;22,3;22;;;;;;;;;
2024/04/10;1000 UTC;0;968,6;968,6;968,3;18,1;22,2;;22,2;22;;;;;;;;;
2024/04/10;1100 UTC;0;969;969;968,6;210;22,7;;22,8;22,2;;;;;;;;;
2024/04/10;1200 UTC;0;969,5;969,5;969;748,7;24,6;;24,6;22,7;;;;;;;;;
2024/04/10;1300 UTC;0;969,6;969,7;969,5;1094,4;25,7;;25,8;24,7;;;;;;;;;
2024/04/10;1400 UTC;0;969,2;969,7;969,2;1523,3;26,6;;26,6;25,6;;;;;;;;;
2024/04/10;1500 UTC;0;968,9;969,2;968,9;2658,4;29;;29,2;26,5;;;;;;;;;
2024/04/10;1600 UTC;0;967,7;968,9;967,7;2833,7;29,8;;30,5;28,2;;;;;;;;;
2024/04/10;1700 UTC;0;967;967,7;967;2099,2;31,4;;31,4;29;;;;;;;;;
2024/04/10;1800 UTC;0;966,1;967;966,1;2096,2;31,4;;31,7;30,2;;;;;;;;;
2024/04/10;1900 UTC;0;965,6;966,2;965,6;1765,2;31,1;;31,8;30,1;;;;;;;;;
2024/04/10;2000 UTC;0;965,2;965,6;965,2;1361,7;31,2;;31,6;31;;;;;;;;;
2024/04/10;2100 UTC;0;965,2;965,2;965;491,8;29,6;;32,1;29,6;;;;;;;;;
2024/04/10;2200 UTC;0;965,7;965,7;965,2;2,6;27,1;;29,6;27,1;;;;;;;;;
2024/04/10;2300 UTC;0;966,3;966,3;965,7;;26,2;;27,3;25,5;;;;;;;;;
2024/04/11;0000 UTC;0;967,4;967,4;966,3;;25,3;;26,8;25,1;;;;;;;;;
2024/04/11;0100 UTC;0;968,2;968,2;967,4;;25,3;;25,7;25,1;;;;;;;;;
2024/04/11;0200 UTC;0;968,4;968,4;968,2;;24,9;;25,3;24,9;;;;;;;;;
2024/04/11;0300 UTC;0;968,6;968,7;968,3;;24,3;;24,9;24,3;;;;;;;;;
2024/04/11;0400 UTC;0;968,5;968,6;968,4;;23,6;;24,5;23,6;;;;;;;;;
2024/04/11;0500 UTC;0;967,9;968,5;967,9;;23,6;;23,9;23,5;;;;;;;;;
2024/04/11;0600 UTC;0;967,9;967,9;967,7;;23,9;;23,9;23,6;;;;;;;;;
2024/04/11;0700 UTC;0;967,7;968;967,7;;23,9;;23,9;23,5;;;;;;;;;
2024/04/11;0800 UTC;0;968;968;967,7;;23,5;;23,9;23,2;;;;;;;;;
2024/04/11;0900 UTC;0;968,4;968,6;968;;22,6;;23,5;22,6;;;;;;;;;
2024/04/11;1000 UTC;0;969;969;968,4;23,9;22,6;;22,7;22,4;;;;;;;;;
2024/04/11;1100 UTC;0;970;970;969;450,6;24,9;;24,9;22,4;;;;;;;;;
2024/04/11;1200 UTC;0;970,2;970,2;970;1266,5;26,2;;26,5;24,9;;;;;;;;;
2024/04/11;1300 UTC;0;970,1;970,2;970;2053,9;28,2;;28,3;26,1;;;;;;;;;
2024/04/11;1400 UTC;0;969,6;970,1;969,6;2738,1;30,3;;30,4;27,9;;;;;;;;;
2024/04/11;1500 UTC;0;969,3;969,7;969,3;2543,4;31,5;;31,5;30;;;;;;;;;
2024/04/11;1600 UTC;0;968,6;969,3;968,6;3175,9;32,2;;32,4;31,2;;;;;;;;;
2024/04/11;1700 UTC;0;967,6;968,6;967,6;2838,6;32,3;;32,9;31,6;;;;;;;;;
2024/04/11;1800 UTC;0;966,7;967,6;966,7;2625,3;33,1;;33,3;32,2;;;;;;;;;
2024/04/11;1900 UTC;0;966,3;966,7;966,2;1894;32,1;;33,1;32;;;;;;;;;
2024/04/11;2000 UTC;0;966,4;966,4;966,2;658,4;30,8;;32,1;30,8;;;;;;;;;
2024/04/11;2100 UTC;0;967;967,1;966,3;144,3;26,9;;30,8;26,8;;;;;;;;;
2024/04/11;2200 UTC;3,4;968;968;966,9;,9;24,7;;26,9;24,7;;;;;;;;;
2024/04/11;2300 UTC;2,6;968,8;968,8;968;;24,7;;25,1;24,7;;;;;;;;;
2024/04/12;0000 UTC;,2;969,8;969,9;968,8;0;25,4;;25,4;24,7;;;;;;;;;
2024/04/12;0100 UTC;0;970;970;969,8;,3;24,7;;25,4;24,7;;;;;;;;;
2024/04/12;0200 UTC;9;970,4;970,7;970;2,7;24,4;;25,3;23,3;;;;;;;;;
2024/04/12;0300 UTC;,2;969,8;970,5;969,7;;23,6;;24,6;23,5;;;;;;;;;
2024/04/12;0400 UTC;2,2;969,5;969,8;969,5;,3;24;;24,9;23,6;;;;;;;;;
2024/04/12;0500 UTC;0;969,7;969,9;969,5;3,4;24,4;;24,5;23,8;;;;;;;;;
2024/04/12;0600 UTC;,4;969,8;969,9;969,7;5,2;24,1;;25;24,1;;;;;;;;;
2024/04/12;0700 UTC;0;969,9;970;969,8;1,4;23,7;;24,1;23,7;;;;;;;;;
2024/04/12;0800 UTC;1,4;970,3;970,3;969,8;;22,2;;23,7;22,1;;;;;;;;;
2024/04/12;0900 UTC;3;970,5;970,5;970,3;;21,8;;22,2;21,8;;;;;;;;;
2024/04/12;1000 UTC;,8;970,8;970,8;970,5;6,1;22;;22;21,7;;;;;;;;;
2024/04/12;1100 UTC;0;971,8;971,8;970,8;234,1;22,7;;22,7;22;;;;;;;;;
2024/04/12;1200 UTC;0;971,9;972;971,8;759,4;24,2;;24,2;22,7;;;;;;;;;
2024/04/12;1300 UTC;0;972,1;972,2;971,9;1469,4;25;;25,2;24;;;;;;;;;
2024/04/12;1400 UTC;0;972;972,2;972;1226,7;25,4;;25,6;24,6;;;;;;;;;
2024/04/12;1500 UTC;0;971,2;972;971,2;1539,7;27,1;;27,2;25,4;;;;;;;;;
2024/04/12;1600 UTC;0;970,4;971,2;970,4;2324,6;28,5;;28,7;27;;;;;;;;;
2024/04/12;1700 UTC;0;969,3;970,4;969,3;3187,5;29,5;;29,9;28,5;;;;;;;;;
2024/04/12;1800 UTC;0;968,4;969,3;968,4;2349,5;30,1;;30,6;29,3;;;;;;;;;
2024/04/12;1900 UTC;0;968,2;968,4;968,2;1699,1;30,7;;30,8;29,8;;;;;;;;;
2024/04/12;2000 UTC;0;967,7;968,2;967,7;1174,5;30,3;;30,9;30,2;;;;;;;;;
2024/04/12;2100 UTC;0;967,8;967,9;967,7;319,3;28,6;;30,4;28,6;;;;;;;;;
2024/04/12;2200 UTC;0;968,3;968,3;967,8;6,3;26,5;;28,6;26,5;;;;;;;;;
2024/04/12;2300 UTC;0;968,7;968,7;968,3;;25,7;;26,5;25,5;;;;;;;;;
2024/04/13;0000 UTC;0;969,2;969,2;968,7;;25,8;;26,4;25,7;;;;;;;;;
2024/04/13;0100 UTC;0;969,6;969,6;969,2;;25,8;;26,1;25,3;;;;;;;;;
2024/04/13;0200 UTC;0;969,8;970;969,6;;26;;26,1;25,5;;;;;;;;;
2024/04/13;0300 UTC;0;970,4;970,4;969,7;;25,2;;27,1;25,2;;;;;;;;;
2024/04/13;0400 UTC;0;969,9;970,4;969,9;;23,7;;25,2;23,7;;;;;;;;;
2024/04/13;0500 UTC;0;969,6;969,9;969,4;;23,2;;23,7;23,2;;;;;;;;;
2024/04/13;0600 UTC;0;969,6;969,7;969,6;;23,4;;23,4;23,1;;;;;;;;;
2024/04/13;0700 UTC;0;969,7;969,8;969,5;;23,5;;23,6;23,4;;;;;;;;;
2024/04/13;0800 UTC;0;969,8;969,8;969,6;;23,4;;23,5;23,4;;;;;;;;;
2024/04/13;0900 UTC;0;970,3;970,3;969,8;;23,3;;23,4;23,3;;;;;;;;;
2024/04/13;1000 UTC;0;971,1;971,1;970,3;5,6;23,5;;23,5;23,3;;;;;;;;;
2024/04/13;1100 UTC;0;971,5;971,5;971,1;185,9;24,1;;24,1;23,5;;;;;;;;;
2024/04/13;1200 UTC;0;971,8;971,8;971,5;642,3;25,1;;25,2;24,1;;;;;;;;;
2024/04/13;1300 UTC;0;971,7;971,8;971,7;1414,8;26,4;;27,1;25,1;;;;;;;;;
2024/04/13;1400 UTC;0;971,2;971,7;971,2;1340,4;27,6;;27,8;26,4;;;;;;;;;
2024/04/13;1500 UTC;0;970,3;971,2;970,3;2931,3;30,6;;30,6;27,6;;;;;;;;;
2024/04/13;1600 UTC;0;969,1;970,3;969,1;2846,3;30,8;;31;29,5;;;;;;;;;
2024/04/13;1700 UTC;0;968,2;969,2;968,2;1657;29,9;;30,9;29,9;;;;;;;;;
2024/04/13;1800 UTC;4,6;967,4;968,2;967,4;1084;25,1;;30,4;25;;;;;;;;;
2024/04/13;1900 UTC;0;966,7;967,4;966,6;983,5;28,3;;28,5;25,1;;;;;;;;;
2024/04/13;2000 UTC;1,4;966,6;966,8;966,5;478,5;25,9;;28,3;25,6;;;;;;;;;
2024/04/13;2100 UTC;13,4;966,9;967,4;966,5;94,9;23,4;;26,1;23,4;;;;;;;;;
2024/04/13;2200 UTC;,2;967,2;967,2;966,8;7,9;24;;24,2;23,4;;;;;;;;;
2024/04/13;2300 UTC;0;968;968;967,1;;24,4;;24,4;24;;;;;;;;;
2024/04/14;0000 UTC;0;968,4;968,4;968;2,9;24,2;;24,4;24,2;;;;;;;;;
2024/04/14;0100 UTC;0;968,9;968,9;968,4;3;24,4;;24,5;24,2;;;;;;;;;
2024/04/14;0200 UTC;0;968,8;968,9;968,7;,9;24,7;;24,7;24,4;;;;;;;;;
2024/04/14;0300 UTC;0;968,2;968,8;968,1;,1;24,3;;24,7;24,2;;;;;;;;;
2024/04/14;0400 UTC;7,6;969,1;969,2;968,2;;23,4;;24,3;23,4;;;;;;;;;
2024/04/14;0500 UTC;13,6;968,6;969,1;968,6;,2;22,9;;23,5;22,9;;;;;;;;;
2024/04/14;0600 UTC;5,6;969,5;969,5;968,4;0;22,7;;22,9;22,7;;;;;;;;;
2024/04/14;0700 UTC;17,6;969,2;969,9;969,2;,1;22,1;;22,8;22,1;;;;;;;;;
2024/04/14;0800 UTC;3,2;969,1;969,3;969,1;;21,9;;22,1;21,9;;;;;;;;;
2024/04/14;0900 UTC;6,6;968,7;969,1;968,7;;21,9;;21,9;21,8;;;;;;;;;
2024/04/14;1000 UTC;1,8;969,3;969,3;968,7;1,6;21,9;;22;21,9;;;;;;;;;
2024/04/14;1100 UTC;,4;969,9;969,9;969,3;51,2;22,1;;22,1;21,9;;;;;;;;;
2024/04/14;1200 UTC;,2;970,3;970,3;969,9;351,7;23,2;;23,2;22,1;;;;;;;;;
2024/04/14;1300 UTC;0;970,6;970,6;970,3;847,9;24,6;;24,7;23,2;;;;;;;;;
2024/04/14;1400 UTC;0;970,4;970,6;970,4;1030,8;24,9;;25,3;24,6;;;;;;;;;
2024/04/14;1500 UTC;0;970;970,4;970;935,6;25,3;;25,5;24,9;;;;;;;;;
2024/04/14;1600 UTC;2,2;968,9;970;968,9;873,8;24,8;;25,3;24,5;;;;;;;;;
2024/04/14;1700 UTC;0;967,9;968,9;967,9;1643,8;26,9;;26,9;24,8;;;;;;;;;
2024/04/14;1800 UTC;2,6;967,3;967,9;967,3;912;25,1;;27,1;25;;;;;;;;;
2024/04/14;1900 UTC;0;966,9;967,3;966,9;997,7;24,9;;25,5;24,9;;;;;;;;;
2024/04/14;2000 UTC;0;966,8;966,9;966,7;602,4;25;;25,1;24,7;;;;;;;;;
2024/04/14;2100 UTC;0;966,8;966,9;966,5;178,6;24,8;;25,1;24,8;;;;;;;;;
2024/04/14;2200 UTC;0;967,5;967,5;966,8;2,5;24,4;;24,8;24,4;;;;;;;;;
2024/04/14;2300 UTC;0;968,1;968,1;967,4;;24,2;;24,4;24,2;;;;;;;;;
2024/04/15;0000 UTC;0;968,8;968,9;968,1;;24,3;;24,4;24,2;;;;;;;;;
2024/04/15;0100 UTC;0;969,2;969,2;968,7;;24,2;;24,4;24,2;;;;;;;;;
2024/04/15;0200 UTC;0;969,1;969,2;969,1;;24;;24,2;24;;;;;;;;;
2024/04/15;0300 UTC;0;969,2;969,3;969,1;;23,9;;24;23,9;;;;;;;;;
2024/04/15;0400 UTC;0;969,1;969,2;969;;23,8;;24;23,8;;;;;;;;;
2024/04/15;0500 UTC;0;968,7;969,1;968,7;;23,8;;23,9;23,8;;;;;;;;;
2024/04/15;0600 UTC;0;968,6;968,7;968,5;;23,8;;23,9;23,8;;;;;;;;;
2024/04/15;0700 UTC;2,8;968,7;968,9;968,5;;23,3;;23,8;23,3;;;;;;;;;
2024/04/15;0800 UTC;2;968,3;968,7;968,2;;22,7;;23,3;22,7;;;;;;;;;
2024/04/15;0900 UTC;0;969,1;969,1;968,3;;22,8;;22,8;22,7;;;;;;;;;
2024/04/15;1000 UTC;,2;969,8;969,8;969,1;1,5;22,9;;22,9;22,8;;;;;;;;;
2024/04/15;1100 UTC;,4;970,2;970,2;969,8;159,9;23,2;;23,3;22,9;;;;;;;;;
2024/04/15;1200 UTC;0;970,1;970,3;970,1;516,7;24,2;;24,2;23,2;;;;;;;;;
2024/04/15;1300 UTC;0;970,2;970,3;970,1;1220,5;25,7;;25,8;24,2;;;;;;;;;
2024/04/15;1400 UTC;0;969,6;970,3;969,6;2186,3;27;;27,2;25,7;;;;;;;;;
2024/04/15;1500 UTC;0;969;969,6;969;2436,9;28,6;;28,7;26,7;;;;;;;;;
2024/04/15;1600 UTC;0;967,9;969;967,9;2829,1;29,6;;30;28,3;;;;;;;;;
2024/04/15;1700 UTC;0;967,8;967,9;967,6;2007,3;29,5;;30;29,2;;;;;;;;;
2024/04/15;1800 UTC;0;967,6;967,8;967,6;1419,1;29,4;;30,2;29,4;;;;;;;;;
2024/04/15;1900 UTC;0;967;967,6;967;789,1;29,3;;29,4;29,2;;;;;;;;;
2024/04/15;2000 UTC;0;967;967,2;967;689,8;28,9;;29,6;28,9;;;;;;;;;
2024/04/15;2100 UTC;0;967,1;967,1;967;191,7;27,9;;28,9;27,9;;;;;;;;;
2024/04/15;2200 UTC;0;967,5;967,5;967,1;,5;26,9;;27,9;26,8;;;;;;;;;
2024/04/15;2300 UTC;0;968,6;968,6;967,5;;26,5;;26,9;26,4;;;;;;;;;
2024/04/16;0000 UTC;0;969,4;969,4;968,6;;26,4;;26,5;26,3;;;;;;;;;
2024/04/16;0100 UTC;0;970,4;970,4;969,4;;26,2;;26,4;25,9;;;;;;;;;
2024/04/16;0200 UTC;0;971,2;971,3;970,4;;24,7;;26,2;24,7;;;;;;;;;
2024/04/16;0300 UTC;0;971,1;971,3;971,1;;23,1;;24,7;23,1;;;;;;;;;
2024/04/16;0400 UTC;0;970,8;971,1;970,8;;22,7;;23,1;22,6;;;;;;;;;
2024/04/16;0500 UTC;0;970,4;970,8;970,4;;22,8;;22,8;22,7;;;;;;;;;
2024/04/16;0600 UTC;,4;970;970,4;970;;23;;23;22,8;;;;;;;;;
2024/04/16;0700 UTC;0;969,8;970;969,8;;23;;23;22,9;;;;;;;;;
2024/04/16;0800 UTC;0;970;970;969,8;;23,2;;23,2;22,9;;;;;;;;;
2024/04/16;0900 UTC;,4;970,5;970,6;970;;23,1;;23,3;23;;;;;;;;;
2024/04/16;1000 UTC;0;970,7;970,7;970,5;9;23,2;;23,2;23;;;;;;;;;
2024/04/16;1100 UTC;,2;971;971;970,7;151,8;23,6;;23,6;23,2;;;;;;;;;
2024/04/16;1200 UTC;0;971,4;971,4;971;838,1;25,6;;25,6;23,6;;;;;;;;;
2024/04/16;1300 UTC;,2;971,1;971,4;971,1;1573,6;27,4;;27,4;25,5;;;;;;;;;
2024/04/16;1400 UTC;0;971,2;971,3;971,1;2028,2;29;;29,4;27,4;;;;;;;;;
2024/04/16;1500 UTC;0;970,9;971,2;970,9;2131,3;29,8;;30,1;28,9;;;;;;;;;
2024/04/16;1600 UTC;0;970,5;970,9;970,5;1544,6;29,8;;29,9;29,3;;;;;;;;;
2024/04/16;1700 UTC;0;969,8;970,5;969,8;2158,6;30,1;;30,6;29,7;;;;;;;;;
2024/04/16;1800 UTC;0;969,4;969,8;969,3;1394,4;29,7;;30,2;29,5;;;;;;;;;
2024/04/16;1900 UTC;0;969,1;969,4;969,1;660,6;29,1;;29,7;29,1;;;;;;;;;
2024/04/16;2000 UTC;0;969;969,1;968,9;310,2;28,1;;29,2;28,1;;;;;;;;;
2024/04/16;2100 UTC;0;969,7;969,7;969;54,4;27;;28,2;27;;;;;;;;;
2024/04/16;2200 UTC;,2;969,9;970;969,7;;24,4;;27,2;24,4;;;;;;;;;
2024/04/16;2300 UTC;,8;971;971;969,9;;23,6;;24,4;23,6;;;;;;;;;
2024/04/17;0000 UTC;1,6;971,6;971,6;971;;23,2;;23,6;23,2;;;;;;;;;
2024/04/17;0100 UTC;0;971,5;971,7;971,5;;23;;23,2;23;;;;;;;;;
2024/04/17;0200 UTC;0;971,5;971,6;971,3;;22,9;;23;22,9;;;;;;;;;
2024/04/17;0300 UTC;0;971,6;971,7;971,5;;22,8;;22,9;22,8;;;;;;;;;
2024/04/17;0400 UTC;0;971;971,6;971;;22,6;;22,8;22,5;;;;;;;;;
2024/04/17;0500 UTC;0;970,4;971;970,4;;22,5;;22,7;22,5;;;;;;;;;
2024/04/17;0600 UTC;0;970;970,4;969,9;;22,4;;22,6;22,4;;;;;;;;;
2024/04/17;0700 UTC;0;969,7;970;969,7;;22,3;;22,5;22,3;;;;;;;;;
2024/04/17;0800 UTC;0;970,3;970,3;969,7;;22,4;;22,4;22,2;;;;;;;;;
2024/04/17;0900 UTC;0;971,1;971,1;970,3;;22,5;;22,5;22,3;;;;;;;;;
2024/04/17;1000 UTC;,2;972;972;971,1;13,3;22,6;;22,6;22,3;;;;;;;;;
2024/04/17;1100 UTC;0;972,6;972,6;972;200,5;23,4;;23,4;22,6;;;;;;;;;
2024/04/17;1200 UTC;0;972,5;972,6;972,4;1018;25,3;;25,4;23,4;;;;;;;;;
2024/04/17;1300 UTC;0;972,8;972,9;972,5;1889,2;26,9;;26,9;25,3;;;;;;;;;
2024/04/17;1400 UTC;0;972,2;972,8;972,2;1998,4;27,2;;27,9;26;;;;;;;;;
2024/04/17;1500 UTC;0;971,6;972,2;971,6;1896;28,6;;28,9;27,1;;;;;;;;;
2024/04/17;1600 UTC;0;971;971,6;971;2049,9;29,3;;29,3;27,9;;;;;;;;;
2024/04/17;1700 UTC;0;970,5;971;970,4;1225,6;28,1;;29,3;27,7;;;;;;;;;
2024/04/17;1800 UTC;0;969,9;970,5;969,9;1285;27,9;;28,2;27,5;;;;;;;;;
2024/04/17;1900 UTC;0;969,6;969,9;969,6;896,9;26,6;;27,9;26,6;;;;;;;;;
2024/04/17;2000 UTC;0;969,6;969,7;969,4;672,1;25,7;;26,6;25,7;;;;;;;;;
2024/04/17;2100 UTC;0;969,6;969,6;969,5;216,5;24,7;;25,8;24,7;;;;;;;;;
2024/04/17;2200 UTC;0;970;970;969,6;1,6;23,6;;24,7;23,5;;;;;;;;;
2024/04/17;2300 UTC;0;970,8;970,8;970;;22,4;;23,6;22,4;;;;;;;;;
2024/04/18;0000 UTC;0;971,3;971,3;970,8;;21,7;;22,4;21,7;;;;;;;;;
2024/04/18;0100 UTC;0;971,7;971,7;971,3;;21,5;;21,7;21,4;;;;;;;;;
2024/04/18;0200 UTC;0;971,6;971,7;971,5;;21;;21,5;20,9;;;;;;;;;
2024/04/18;0300 UTC;0;971,1;971,7;971,1;;20,7;;21,1;20,7;;;;;;;;;
2024/04/18;0400 UTC;0;970,6;971,1;970,6;;20,2;;20,7;20,1;;;;;;;;;
2024/04/18;0500 UTC;0;969,9;970,6;969,9;;19,4;;20,2;19,4;;;;;;;;;
2024/04/18;0600 UTC;0;969,7;970,1;969,7;;18,7;;19,5;18,7;;;;;;;;;
2024/04/18;0700 UTC;0;969,6;969,8;969,5;;18,1;;18,9;18,1;;;;;;;;;
2024/04/18;0800 UTC;0;969,8;969,9;969,6;;17,1;;18,1;16,9;;;;;;;;;
2024/04/18;0900 UTC;0;970,4;970,4;969,8;;16,8;;17,1;16,5;;;;;;;;;
2024/04/18;1000 UTC;0;971,1;971,1;970,4;24,4;16,4;;16,8;16,3;;;;;;;;;
2024/04/18;1100 UTC;0;971,9;971,9;971,1;476,4;18,9;;18,9;16,4;;;;;;;;;
2024/04/18;1200 UTC;0;972,6;972,6;971,9;1039;20,6;;21,2;18,7;;;;;;;;;
2024/04/18;1300 UTC;0;972,9;972,9;972,6;1275,7;22,2;;22,3;20,5;;;;;;;;;
2024/04/18;1400 UTC;0;972,8;973;972,8;992,8;23,6;;23,8;22,2;;;;;;;;;
2024/04/18;1500 UTC;0;972,4;972,9;972,4;1079,2;24,7;;24,7;23,4;;;;;;;;;
2024/04/18;1600 UTC;0;971,9;972,4;971,9;1984,6;26,5;;26,5;24,4;;;;;;;;;
2024/04/18;1700 UTC;0;971,2;971,9;971,2;2137,3;27,4;;27,6;26,3;;;;;;;;;
2024/04/18;1800 UTC;0;970,8;971,2;970,8;1715,7;28,2;;28,3;27,2;;;;;;;;;
2024/04/18;1900 UTC;0;970,4;970,8;970,4;1447,7;28,5;;28,5;27,9;;;;;;;;;
2024/04/18;2000 UTC;0;970,1;970,4;970,1;1171,8;28,1;;28,8;27,9;;;;;;;;;
2024/04/18;2100 UTC;0;970,1;970,1;970;314,4;26;;28,1;26;;;;;;;;;
2024/04/18;2200 UTC;0;970,5;970,5;970;,7;25;;26;24,8;;;;;;;;;
2024/04/18;2300 UTC;0;971,4;971,4;970,5;;23,8;;25;23,7;;;;;;;;;
2024/04/19;0000 UTC;0;971,9;971,9;971,4;;22,7;;23,8;22,7;;;;;;;;;
2024/04/19;0100 UTC;0;972,3;972,3;971,9;;21,8;;22,7;21,8;;;;;;;;;
2024/04/19;0200 UTC;0;972,2;972,3;972,2;;21;;21,8;20,9;;;;;;;;;
2024/04/19;0300 UTC;0;972;972,2;971,9;;20,4;;21;20,4;;;;;;;;;
2024/04/19;0400 UTC;0;971,9;972;971,9;;19,9;;20,4;19,9;;;;;;;;;
2024/04/19;0500 UTC;0;971,8;971,9;971,8;;19,4;;19,9;19,4;;;;;;;;;
2024/04/19;0600 UTC;0;971,4;971,8;971,4;;18,9;;19,4;18,9;;;;;;;;;
2024/04/19;0700 UTC;0;971,4;971,4;971,3;;18,4;;18,9;18,4;;;;;;;;;
2024/04/19;0800 UTC;0;971,8;971,8;971,4;;17,9;;18,4;17,9;;;;;;;;;
2024/04/19;0900 UTC;0;972;972;971,7;;17,2;;17,9;17,1;;;;;;;;;
2024/04/19;1000 UTC;0;972,6;972,6;972;21,2;17,2;;17,2;17;;;;;;;;;
2024/04/19;1100 UTC;0;973;973;972,6;520,3;18,4;;18,4;17,2;;;;;;;;;
2024/04/19;1200 UTC;0;973,2;973,2;973;1359;20,2;;20,3;18,4;;;;;;;;;
2024/04/19;1300 UTC;0;973,4;973,4;973,2;2166,9;22;;22,4;20,2;;;;;;;;;
2024/04/19;1400 UTC;0;973,5;973,6;973,4;2775,3;23,6;;23,9;22;;;;;;;;;
2024/04/19;1500 UTC;0;972,9;973,5;972,9;3119,6;25,1;;25,2;23,5;;;;;;;;;
2024/04/19;1600 UTC;0;972,1;972,9;972,1;3194,3;27,2;;27,4;25,1;;;;;;;;;
2024/04/19;1700 UTC;0;971,2;972,1;971,2;3045,1;27,8;;28,6;26,5;;;;;;;;;
2024/04/19;1800 UTC;0;970,7;971,2;970,6;2648,2;28,3;;29,1;27,3;;;;;;;;;
2024/04/19;1900 UTC;0;970,2;970,7;970,2;2013,6;28,1;;28,8;28,1;;;;;;;;;
2024/04/19;2000 UTC;0;970,1;970,2;970;1224,5;27,8;;28,8;27,7;;;;;;;;;
2024/04/19;2100 UTC;0;970,3;970,3;970,1;340,8;25,8;;27,8;25,8;;;;;;;;;
2024/04/19;2200 UTC;0;970,8;970,8;970,3;1,1;23,8;;25,8;23,7;;;;;;;;;
2024/04/19;2300 UTC;0;971,3;971,3;970,8;;23,9;;23,9;23,7;;;;;;;;;
2024/04/20;0000 UTC;0;972;972;971,3;;22,8;;24;22,8;;;;;;;;;
2024/04/20;0100 UTC;0;972,6;972,6;972;;22,5;;23;22,5;;;;;;;;;
2024/04/20;0200 UTC;0;972,5;972,6;972,5;;21,1;;22,5;21,1;;;;;;;;;
2024/04/20;0300 UTC;0;972,3;972,5;972,3;;21,4;;21,6;21,1;;;;;;;;;
2024/04/20;0400 UTC;0;971,9;972,3;971,9;;20,7;;21,4;20,7;;;;;;;;;
2024/04/20;0500 UTC;0;971,7;971,9;971,7;;19,5;;20,7;19,5;;;;;;;;;
2024/04/20;0600 UTC;0;971,4;971,7;971,4;;18,2;;19,5;18,2;;;;;;;;;
2024/04/20;0700 UTC;0;971,3;971,4;971,3;;17,9;;18,2;17,9;;;;;;;;;
2024/04/20;0800 UTC;0;971,8;971,8;971,3;;17,1;;17,9;17,1;;;;;;;;;
2024/04/20;0900 UTC;0;972,4;972,4;971,8;;16,7;;17,2;16,7;;;;;;;;;
2024/04/20;1000 UTC;0;973;973;972,4;17,7;16,8;;16,8;16,5;;;;;;;;;
2024/04/20;1100 UTC;0;973,5;973,5;972,9;483,6;18,8;;18,8;16,8;;;;;;;;;
2024/04/20;1200 UTC;0;973,8;973,8;973,5;1302;21,4;;21,6;18,8;;;;;;;;;
2024/04/20;1300 UTC;0;974,1;974,1;973,8;2072,4;23,4;;23,5;21,4;;;;;;;;;
2024/04/20;1400 UTC;0;974,1;974,3;974,1;2648,7;26,2;;26,3;23,4;;;;;;;;;
2024/04/20;1500 UTC;0;973,2;974,1;973,2;2974,1;27,7;;28;26,2;;;;;;;;;
2024/04/20;1600 UTC;0;972,2;973,2;972,2;3050,1;29,1;;29,9;27,6;;;;;;;;;
2024/04/20;1700 UTC;0;971,5;972,2;971,5;2908,1;30;;30,6;29,1;;;;;;;;;
2024/04/20;1800 UTC;0;970,9;971,5;970,9;2269,6;30,2;;31,5;29,8;;;;;;;;;
2024/04/20;1900 UTC;0;970,4;970,9;970,4;1096,4;30,7;;31,4;29,6;;;;;;;;;
2024/04/20;2000 UTC;0;970,3;970,4;970,3;998,3;30,3;;31,4;29,8;;;;;;;;;
2024/04/20;2100 UTC;0;970,3;970,4;970,2;314,7;28,4;;30,5;28,4;;;;;;;;;
2024/04/20;2200 UTC;0;970,6;970,6;970,3;,4;24,4;;28,4;24,4;;;;;;;;;
2024/04/20;2300 UTC;0;970,9;971;970,6;;23,5;;24,9;23,3;;;;;;;;;
2024/04/21;0000 UTC;0;971,4;971,4;970,9;;22,7;;24,6;22,6;;;;;;;;;
2024/04/21;0100 UTC;0;971,6;971,6;971,4;;23,1;;24,9;22,7;;;;;;;;;
2024/04/21;0200 UTC;0;971,6;971,6;971,6;;24,1;;25,1;22,7;;;;;;;;;
2024/04/21;0300 UTC;0;971,4;971,6;971,4;;23,5;;24,1;23,5;;;;;;;;;
2024/04/21;0400 UTC;0;971,2;971,5;971,2;;22,8;;23,5;22,8;;;;;;;;;
2024/04/21;0500 UTC;0;970,9;971,2;970,9;;22;;22,8;22;;;;;;;;;
2024/04/21;0600 UTC;0;970,6;971;970,6;;22,4;;22,4;21,6;;;;;;;;;
2024/04/21;0700 UTC;0;970,6;970,7;970,6;;22,6;;22,7;22,3;;;;;;;;;
2024/04/21;0800 UTC;0;970,8;970,8;970,6;;22,5;;22,9;22,5;;;;;;;;;
2024/04/21;0900 UTC;0;971,3;971,3;970,8;;22,2;;22,6;22,1;;;;;;;;;
2024/04/21;1000 UTC;0;972,1;972,1;971,3;15,4;22,1;;22,2;21,9;;;;;;;;;
2024/04/21;1100 UTC;0;972,9;972,9;972,2;442,8;23,5;;23,5;22,1;;;;;;;;;
2024/04/21;1200 UTC;0;973,2;973,2;972,9;1249,6;25,1;;25,2;23,5;;;;;;;;;
2024/04/21;1300 UTC;0;973,2;973,3;973,1;2018,7;26,8;;27;25;;;;;;;;;
2024/04/21;1400 UTC;0;972,9;973,2;972,9;2600,7;28,9;;28,9;26,8;;;;;;;;;
2024/04/21;1500 UTC;0;972;972,9;972;2927,3;30;;30,5;28,3;;;;;;;;;
2024/04/21;1600 UTC;0;970,9;972;970,9;2948,6;31,8;;31,8;29,9;;;;;;;;;
2024/04/21;1700 UTC;0;970;970,9;970;2538,3;32;;32,6;30,7;;;;;;;;;
2024/04/21;1800 UTC;0;969,5;970;969,5;2224,1;32,9;;33,2;31,2;;;;;;;;;
2024/04/21;1900 UTC;0;969;969,5;969;1709,9;33,2;;33,3;31,7;;;;;;;;;
2024/04/21;2000 UTC;0;968,6;969;968,6;1126;33;;33,6;32,3;;;;;;;;;
2024/04/21;2100 UTC;0;968,6;968,6;968,6;316,2;29,6;;33,1;29,6;;;;;;;;;
2024/04/21;2200 UTC;0;968,9;968,9;968,6;;26,2;;29,6;25,9;;;;;;;;;
2024/04/21;2300 UTC;0;969,1;969,1;968,9;;24,3;;26,7;24,3;;;;;;;;;
2024/04/22;0000 UTC;0;969,7;969,7;969,1;;23,3;;24,7;23,3;;;;;;;;;
2024/04/22;0100 UTC;0;970,2;970,3;969,7;;23,6;;24,5;23;;;;;;;;;
2024/04/22;0200 UTC;0;970,5;970,6;970,2;;24,6;;24,7;23,1;;;;;;;;;
2024/04/22;0300 UTC;0;970,4;970,6;970,4;;23,9;;25,1;23,5;;;;;;;;;
2024/04/22;0400 UTC;0;970,5;970,5;970,4;;23,4;;24,1;23,4;;;;;;;;;
2024/04/22;0500 UTC;0;970,1;970,5;970;;23,2;;23,7;22,5;;;;;;;;;
2024/04/22;0600 UTC;0;970,1;970,1;970;;22,8;;23,2;22,5;;;;;;;;;
2024/04/22;0700 UTC;0;969,7;970,1;969,7;;22,8;;23;22,6;;;;;;;;;
2024/04/22;0800 UTC;0;969,5;969,7;969,5;;22,3;;23;22,3;;;;;;;;;
2024/04/22;0900 UTC;0;969,9;969,9;969,4;;22,2;;22,5;22,2;;;;;;;;;
2024/04/22;1000 UTC;0;970,6;970,6;969,9;8;21,8;;22,3;21,8;;;;;;;;;
2024/04/22;1100 UTC;0;971,1;971,1;970,6;371;23,8;;23,8;21,8;;;;;;;;;
2024/04/22;1200 UTC;0;971,6;971,6;971,1;1245,6;26,3;;26,3;23,7;;;;;;;;;
2024/04/22;1300 UTC;0;971,8;971,9;971,6;1985,5;28,7;;28,7;26,2;;;;;;;;;
2024/04/22;1400 UTC;0;971,5;971,8;971,5;2568,5;30,2;;30,3;28,6;;;;;;;;;
2024/04/22;1500 UTC;0;970,5;971,5;970,5;2927,8;31,1;;31,5;30,1;;;;;;;;;
2024/04/22;1600 UTC;0;969,4;970,5;969,4;2989,9;32,2;;32,4;30,9;;;;;;;;;
2024/04/22;1700 UTC;0;968,7;969,4;968,7;2983,9;32,4;;32,8;31,9;;;;;;;;;
2024/04/22;1800 UTC;0;968,3;968,7;968,3;2208,8;32,4;;32,9;30,9;;;;;;;;;
2024/04/22;1900 UTC;0;967,7;968,3;967,7;2010,6;32,6;;32,9;32,1;;;;;;;;;
2024/04/22;2000 UTC;0;967,9;967,9;967,7;1132,2;31,6;;32,6;31,4;;;;;;;;;
2024/04/22;2100 UTC;0;968,1;968,1;967,9;298,2;28,3;;31,6;28,3;;;;;;;;;
2024/04/22;2200 UTC;0;968,5;968,5;968,1;;25,2;;28,3;25,1;;;;;;;;;
2024/04/22;2300 UTC;0;968,7;968,8;968,5;;24,5;;25,3;23,3;;;;;;;;;
2024/04/23;0000 UTC;0;969,1;969,1;968,7;;22,7;;25,1;22,4;;;;;;;;;
2024/04/23;0100 UTC;0;969,5;969,5;969;;23,9;;24,5;22,6;;;;;;;;;
2024/04/23;0200 UTC;0;969,6;969,7;969,5;;22,9;;24,2;22,9;;;;;;;;;
2024/04/23;0300 UTC;0;969,6;969,7;969,5;;23,9;;24,2;22,9;;;;;;;;;
2024/04/23;0400 UTC;0;969,3;969,6;969,2;;23,4;;23,8;22,8;;;;;;;;;
2024/04/23;0500 UTC;0;969,3;969,4;969,1;;23,4;;23,8;22,9;;;;;;;;;
2024/04/23;0600 UTC;0;969,2;969,5;969,1;;22,6;;23,6;21,8;;;;;;;;;
2024/04/23;0700 UTC;0;969,3;969,3;969,2;;22,4;;23,4;22,4;;;;;;;;;
2024/04/23;0800 UTC;0;969,5;969,6;969,3;;21,4;;23;21,4;;;;;;;;;
2024/04/23;0900 UTC;0;969,8;969,8;969,3;;21,4;;21,5;20,9;;;;;;;;;
2024/04/23;1000 UTC;0;970,7;970,7;969,8;9,4;20,9;;21,4;20,8;;;;;;;;;
2024/04/23;1100 UTC;0;971,4;971,4;970,7;430,7;24,5;;24,6;20,9;;;;;;;;;
2024/04/23;1200 UTC;0;971,7;971,7;971,4;1228,3;26,3;;26,3;24,5;;;;;;;;;
2024/04/23;1300 UTC;0;971,8;971,9;971,7;1994,1;28,5;;28,5;26,2;;;;;;;;;
2024/04/23;1400 UTC;0;971,3;971,8;971,3;2585,7;30,1;;30,3;28,5;;;;;;;;;
2024/04/23;1500 UTC;0;970,8;971,3;970,8;2918,3;31,9;;31,9;30,1;;;;;;;;;
2024/04/23;1600 UTC;0;970,1;970,8;970,1;2968,6;31,6;;32,3;31,4;;;;;;;;;
2024/04/23;1700 UTC;0;969,5;970,1;969,5;2716,7;32,4;;32,7;31,4;;;;;;;;;
2024/04/23;1800 UTC;0;968,8;969,5;968,8;2371,6;32,4;;33,1;31,9;;;;;;;;;
2024/04/23;1900 UTC;0;968,7;968,8;968,6;1860;32,6;;33,6;32,1;;;;;;;;;
2024/04/23;2000 UTC;0;969;969;968,7;1101,4;31,7;;33,3;31,6;;;;;;;;;
2024/04/23;2100 UTC;0;969,2;969,2;969;307,2;29,5;;32;29,5;;;;;;;;;
2024/04/23;2200 UTC;0;969,4;969,4;969,2;;24,6;;29,4;24,6;;;;;;;;;
2024/04/23;2300 UTC;0;969,7;969,7;969,4;;23,5;;25,4;23,5;;;;;;;;;
2024/04/24;0000 UTC;0;970,4;970,4;969,7;;23,3;;24,6;23,2;;;;;;;;;
2024/04/24;0100 UTC;0;970,4;970,5;970,1;;22,8;;23,6;21,6;;;;;;;;;
2024/04/24;0200 UTC;0;970,2;970,4;970,2;;22,3;;22,9;21;;;;;;;;;
2024/04/24;0300 UTC;0;970;970,4;970;;22,2;;23,2;21,3;;;;;;;;;
2024/04/24;0400 UTC;0;969,9;970;969,9;;23,2;;23,7;22;;;;;;;;;
2024/04/24;0500 UTC;0;969,7;970;969,6;;21;;23,1;20,5;;;;;;;;;
2024/04/24;0600 UTC;0;969,8;969,9;969,6;;20,5;;22,5;20,4;;;;;;;;;
2024/04/24;0700 UTC;0;969,7;969,9;969,7;;19,9;;21,2;19,9;;;;;;;;;
2024/04/24;0800 UTC;0;969,6;969,7;969,4;;20,8;;21,7;19,7;;;;;;;;;
2024/04/24;0900 UTC;0;969,6;969,7;969,5;;20;;20,9;19,7;;;;;;;;;
2024/04/24;1000 UTC;0;970,3;970,3;969,6;17,9;20,5;;20,7;19,9;;;;;;;;;
2024/04/24;1100 UTC;0;970,8;970,8;970,3;372,7;23;;23;20,3;;;;;;;;;
2024/04/24;1200 UTC;0;971,3;971,3;970,8;1213,4;25,9;;25,9;23;;;;;;;;;
2024/04/24;1300 UTC;0;971,8;971,8;971,3;1969;28,8;;28,9;25,9;;;;;;;;;
2024/04/24;1400 UTC;0;971,6;971,9;971,6;2492,7;30,5;;30,7;28,8;;;;;;;;;
2024/04/24;1500 UTC;0;971,3;971,6;971,3;2791,2;31,1;;31,3;30,5;;;;;;;;;
2024/04/24;1600 UTC;0;970,6;971,3;970,6;2926,5;32;;32,2;31,1;;;;;;;;;
2024/04/24;1700 UTC;0;970;970,6;970;2549,8;31,9;;32,3;31,4;;;;;;;;;
2024/04/24;1800 UTC;0;969,6;970,1;969,5;2102;31,8;;32,2;31,4;;;;;;;;;
2024/04/24;1900 UTC;0;969,5;969,6;969,5;1532,3;31,6;;31,9;31,4;;;;;;;;;
2024/04/24;2000 UTC;0;969,3;969,6;969,2;965,6;31,1;;32,1;31,1;;;;;;;;;
2024/04/24;2100 UTC;0;969,4;969,4;969,3;186,9;27,4;;31,1;27,4;;;;;;;;;
2024/04/24;2200 UTC;0;969,6;969,6;969,4;;25,5;;27,4;25,5;;;;;;;;;
2024/04/24;2300 UTC;0;970,1;970,1;969,6;;23,6;;25,5;23,5;;;;;;;;;
2024/04/25;0000 UTC;0;970,4;970,4;970,1;;23,4;;24,3;23,2;;;;;;;;;
2024/04/25;0100 UTC;0;970,2;970,5;970,2;;22,6;;23,8;22,6;;;;;;;;;
2024/04/25;0200 UTC;0;970,1;970,2;970,1;;22,8;;23,8;22,6;;;;;;;;;
2024/04/25;0300 UTC;0;970,3;970,3;970,1;;24,6;;25,4;22,4;;;;;;;;;
2024/04/25;0400 UTC;0;970,1;970,3;970,1;;24,2;;24,9;24;;;;;;;;;
2024/04/25;0500 UTC;0;969,7;970,1;969,7;;24,6;;24,8;24,2;;;;;;;;;
2024/04/25;0600 UTC;0;969,5;969,7;969,5;;22,9;;24,6;22,9;;;;;;;;;
2024/04/25;0700 UTC;0;969,3;969,5;969,2;;23,2;;23,2;22,7;;;;;;;;;
2024/04/25;0800 UTC;0;969,1;969,3;969,1;;22,8;;23,3;22,7;;;;;;;;;
2024/04/25;0900 UTC;0;969,5;969,5;969,1;;21,8;;22,8;21,8;;;;;;;;;
2024/04/25;1000 UTC;0;970,3;970,3;969,5;8,4;21,1;;21,9;21;;;;;;;;;
2024/04/25;1100 UTC;0;970,9;970,9;970,3;405,6;24,1;;24,1;21,1;;;;;;;;;
2024/04/25;1200 UTC;0;971,5;971,5;970,9;1194,8;26,1;;26,2;24,1;;;;;;;;;
2024/04/25;1300 UTC;0;971,8;971,8;971,5;1941,9;28;;28;26;;;;;;;;;
2024/04/25;1400 UTC;0;971,6;971,8;971,6;2522,9;29,7;;29,8;27,9;;;;;;;;;
2024/04/25;1500 UTC;0;970,9;971,6;970,9;2846;31,1;;31,4;29,3;;;;;;;;;
2024/04/25;1600 UTC;0;969,9;970,9;969,9;2917,5;31,8;;32,2;30,6;;;;;;;;;
2024/04/25;1700 UTC;0;969,1;969,9;969,1;2674;32,1;;33;31,7;;;;;;;;;
2024/04/25;1800 UTC;0;968,2;969,1;968,2;2308,8;33;;33,1;32,1;;;;;;;;;
2024/04/25;1900 UTC;0;967,8;968,2;967,8;1761,9;33;;33,8;32,6;;;;;;;;;
2024/04/25;2000 UTC;0;968,1;968,1;967,8;1028,6;32,3;;33,2;32,3;;;;;;;;;
2024/04/25;2100 UTC;0;968,4;968,4;968,1;251,8;29,4;;32,3;29,4;;;;;;;;;
2024/04/25;2200 UTC;0;968,6;968,6;968,4;;26,4;;29,4;26,4;;;;;;;;;
2024/04/25;2300 UTC;0;969,3;969,3;968,6;;25,3;;26,4;25,2;;;;;;;;;
2024/04/26;0000 UTC;0;969,9;969,9;969,3;;26,1;;26,1;24,3;;;;;;;;;
2024/04/26;0100 UTC;0;970;970;969,9;;24,6;;26,3;24,6;;;;;;;;;
2024/04/26;0200 UTC;0;970,1;970,1;970;;24,1;;24,6;23,8;;;;;;;;;
2024/04/26;0300 UTC;0;969,9;970,1;969,9;;25,1;;25,2;23,8;;;;;;;;;
2024/04/26;0400 UTC;0;969,7;969,9;969,6;;25;;25,8;24,6;;;;;;;;;
2024/04/26;0500 UTC;0;969,6;969,7;969,5;;24,1;;25,1;24,1;;;;;;;;;
2024/04/26;0600 UTC;0;969,4;969,6;969,4;;23,1;;24,1;23,1;;;;;;;;;
2024/04/26;0700 UTC;0;969,1;969,5;969;;23,2;;23,7;23,1;;;;;;;;;
2024/04/26;0800 UTC;0;969,2;969,2;969;;22,7;;23,3;22,7;;;;;;;;;
2024/04/26;0900 UTC;0;969,8;969,8;969,2;;22,3;;22,8;22,2;;;;;;;;;
2024/04/26;1000 UTC;0;970,4;970,4;969,8;10,2;22,3;;22,4;22,2;;;;;;;;;
2024/04/26;1100 UTC;0;970,7;970,8;970,4;391;23,6;;23,6;22,3;;;;;;;;;
2024/04/26;1200 UTC;0;971,2;971,3;970,7;1145,9;25,3;;25,5;23,5;;;;;;;;;
2024/04/26;1300 UTC;0;971,6;971,6;971,2;1889,2;27,6;;27,6;25,4;;;;;;;;;
2024/04/26;1400 UTC;0;971,2;971,6;971,2;2462,4;29,1;;29,3;27,5;;;;;;;;;
2024/04/26;1500 UTC;0;970,5;971,2;970,5;2795;30,5;;30,8;29,1;;;;;;;;;
2024/04/26;1600 UTC;0;969,6;970,5;969,6;2875,9;32;;32,3;30,5;;;;;;;;;
2024/04/26;1700 UTC;0;968,5;969,6;968,5;2720,1;33;;33,1;31,9;;;;;;;;;
2024/04/26;1800 UTC;0;967,7;968,5;967,7;2175,9;32,7;;33,5;32,7;;;;;;;;;
2024/04/26;1900 UTC;0;967,3;967,7;967,3;1757,5;33,6;;33,8;32,7;;;;;;;;;
2024/04/26;2000 UTC;0;967,4;967,4;967,3;951,2;32,6;;33,6;32,6;;;;;;;;;
2024/04/26;2100 UTC;0;967,3;967,4;967,3;269,6;29,8;;32,6;29,8;;;;;;;;;
2024/04/26;2200 UTC;0;967,1;967,3;967,1;;27,9;;29,8;27,8;;;;;;;;;
2024/04/26;2300 UTC;0;967,6;967,6;967,1;;26,6;;27,9;26,4;;;;;;;;;
2024/04/27;0000 UTC;0;968,1;968,1;967,6;;26;;26,8;26;;;;;;;;;
2024/04/27;0100 UTC;0;968,4;968,4;968,1;;25,2;;26;24,8;;;;;;;;;
2024/04/27;0200 UTC;0;968,5;968,6;968,4;;25,9;;26,1;25,2;;;;;;;;;
2024/04/27;0300 UTC;0;968,6;968,7;968,5;;25,3;;26;25,3;;;;;;;;;
2024/04/27;0400 UTC;0;968,3;968,6;968,3;;25,1;;25,4;25;;;;;;;;;
2024/04/27;0500 UTC;0;968;968,3;968;;24,6;;25,1;24,6;;;;;;;;;
2024/04/27;0600 UTC;0;967,8;968,1;967,8;;24,1;;24,7;24;;;;;;;;;
2024/04/27;0700 UTC;0;967,7;967,8;967,7;;24,3;;24,4;24;;;;;;;;;
2024/04/27;0800 UTC;0;967,9;967,9;967,7;;23,9;;24,8;23,9;;;;;;;;;
2024/04/27;0900 UTC;0;968,5;968,5;967,9;;23,5;;23,9;23,4;;;;;;;;;
2024/04/27;1000 UTC;0;969,2;969,2;968,5;10;23,5;;23,6;23,2;;;;;;;;;
2024/04/27;1100 UTC;0;969,7;969,7;969,2;397;25,3;;25,3;23,6;;;;;;;;;
2024/04/27;1200 UTC;0;970,3;970,3;969,7;1154,6;27,2;;27,2;25,3;;;;;;;;;
2024/04/27;1300 UTC;0;970,9;970,9;970,3;1883,8;29,2;;29,2;27,2;;;;;;;;;
2024/04/27;1400 UTC;0;970,5;970,9;970,5;2446,8;31,2;;31,4;29,2;;;;;;;;;
2024/04/27;1500 UTC;0;969,6;970,5;969,6;2785,2;32,7;;32,7;31,2;;;;;;;;;
2024/04/27;1600 UTC;0;968,9;969,6;968,9;2488,8;32,8;;33,3;31,8;;;;;;;;;
2024/04/27;1700 UTC;0;967,9;968,9;967,9;2409,8;33,2;;33,9;32,3;;;;;;;;;
2024/04/27;1800 UTC;0;967,3;967,9;967,3;2414,1;33,6;;34;32,9;;;;;;;;;
2024/04/27;1900 UTC;0;967,1;967,3;967,1;1791,7;33,5;;33,9;33,2;;;;;;;;;
2024/04/27;2000 UTC;0;967,1;967,1;967;1049,4;32,2;;33,6;32,2;;;;;;;;;
2024/04/27;2100 UTC;0;967;967,1;967;286,7;29,6;;32,2;29,6;;;;;;;;;
2024/04/27;2200 UTC;0;967,2;967,2;967;;27,8;;29,6;27,8;;;;;;;;;
2024/04/27;2300 UTC;0;967,5;967,5;967,2;;26,6;;27,8;26,6;;;;;;;;;
2024/04/28;0000 UTC;0;967,8;967,8;967,5;;26,1;;26,8;25,7;;;;;;;;;
2024/04/28;0100 UTC;0;967,7;967,8;967,7;;25,3;;26,2;25,3;;;;;;;;;
2024/04/28;0200 UTC;0;968;968;967,7;;24,9;;25,3;24,8;;;;;;;;;
2024/04/28;0300 UTC;0;968,1;968,1;967,9;;24,8;;25,2;24,8;;;;;;;;;
2024/04/28;0400 UTC;0;967,9;968,1;967,9;;24,4;;24,9;24,3;;;;;;;;;
2024/04/28;0500 UTC;0;967,8;967,9;967,7;;24,2;;24,5;23,9;;;;;;;;;
2024/04/28;0600 UTC;0;967,6;967,8;967,6;;23,7;;24,2;23,7;;;;;;;;;
2024/04/28;0700 UTC;0;968;968;967,6;;23,1;;23,7;23;;;;;;;;;
2024/04/28;0800 UTC;0;968,2;968,2;968;;23,1;;23,2;22,9;;;;;;;;;
2024/04/28;0900 UTC;0;969;969;968,2;;22,3;;23,1;22,3;;;;;;;;;
2024/04/28;1000 UTC;0;969,6;969,6;969;14,8;22,1;;22,5;21,9;;;;;;;;;
2024/04/28;1100 UTC;0;969,9;970;969,6;269,9;23,7;;23,7;22,1;;;;;;;;;
2024/04/28;1200 UTC;0;970,4;970,4;969,9;486,7;25,6;;25,6;23,7;;;;;;;;;
2024/04/28;1300 UTC;0;970,5;970,6;970,4;1181,8;28,6;;28,6;25,7;;;;;;;;;
2024/04/28;1400 UTC;0;970,3;970,5;970,3;1007,6;29,4;;29,4;28,3;;;;;;;;;
2024/04/28;1500 UTC;0;969,7;970,3;969,7;2098;31,3;;31,3;29,4;;;;;;;;;
2024/04/28;1600 UTC;0;968,9;969,7;968,9;2120,7;32,7;;33;31,1;;;;;;;;;
2024/04/28;1700 UTC;0;967,9;968,9;967,9;2914,7;33,3;;33,6;32,6;;;;;;;;;
2024/04/28;1800 UTC;0;967,4;967,9;967,4;2548,8;33,4;;34;32,8;;;;;;;;;
2024/04/28;1900 UTC;0;966,9;967,4;966,9;1854,5;33,5;;33,9;33,3;;;;;;;;;
2024/04/28;2000 UTC;0;966,6;967;966,6;1026,9;32,8;;33,7;32,7;;;;;;;;;
2024/04/28;2100 UTC;0;966,6;966,7;966,5;270,4;29,5;;32,8;29,5;;;;;;;;;
2024/04/28;2200 UTC;0;966,7;966,7;966,6;;28;;29,5;27,9;;;;;;;;;
2024/04/28;2300 UTC;0;967;967,1;966,7;;27,1;;28,4;26,9;;;;;;;;;
2024/04/29;0000 UTC;0;967,5;967,5;967;;26,2;;27,3;26;;;;;;;;;
2024/04/29;0100 UTC;0;967,9;968;967,5;;26;;26,3;25,2;;;;;;;;;
2024/04/29;0200 UTC;0;968,4;968,4;967,9;;25,2;;26,6;24,4;;;;;;;;;
2024/04/29;0300 UTC;0;968,5;968,5;968,3;;25,1;;25,3;25;;;;;;;;;
2024/04/29;0400 UTC;0;968,4;968,5;968,4;;24,2;;25,1;24,1;;;;;;;;;
2024/04/29;0500 UTC;0;968,1;968,5;968,1;;23,5;;24,3;23,5;;;;;;;;;
2024/04/29;0600 UTC;0;967,8;968,1;967,8;;23,2;;23,4;23;;;;;;;;;
2024/04/29;0700 UTC;0;968;968;967,8;;22,7;;23,3;22,5;;;;;;;;;
2024/04/29;0800 UTC;0;968,1;968,1;968;;22,1;;23,2;21,8;;;;;;;;;
2024/04/29;0900 UTC;0;968,5;968,5;968,1;;22,1;;22,5;21,8;;;;;;;;;
2024/04/29;1000 UTC;0;969,5;969,5;968,5;9,6;21,8;;22,4;21,7;;;;;;;;;
2024/04/29;1100 UTC;0;970,5;970,5;969,5;409,3;24,7;;24,7;21,8;;;;;;;;;
2024/04/29;1200 UTC;0;971,3;971,3;970,5;1171,9;26,6;;26,7;24,7;;;;;;;;;
2024/04/29;1300 UTC;0;971,7;971,7;971,3;1908;28,9;;29;26,6;;;;;;;;;
2024/04/29;1400 UTC;0;971,4;971,7;971,4;2480,2;31;;31;29;;;;;;;;;
2024/04/29;1500 UTC;0;970,7;971,4;970,7;2809,9;32,7;;33;31;;;;;;;;;
2024/04/29;1600 UTC;0;969,5;970,7;969,5;2917;33,4;;34,1;32,4;;;;;;;;;
2024/04/29;1700 UTC;0;968,6;969,5;968,6;2664,5;33,9;;34,3;33,2;;;;;;;;;
2024/04/29;1800 UTC;0;967,8;968,6;967,8;2261,8;34,1;;34,3;33,3;;;;;;;;;
2024/04/29;1900 UTC;0;967,7;967,8;967,7;1813,7;33,9;;34,9;33,7;;;;;;;;;
2024/04/29;2000 UTC;0;967,6;967,8;967,5;1035,1;32,4;;34;32,4;;;;;;;;;
2024/04/29;2100 UTC;0;967,6;967,6;967,5;280,8;29,5;;32,4;29,5;;;;;;;;;
2024/04/29;2200 UTC;0;967,8;967,8;967,6;;26,9;;29,5;26,9;;;;;;;;;
2024/04/29;2300 UTC;0;968,2;968,2;967,8;;26,5;;26,9;26;;;;;;;;;
2024/04/30;0000 UTC;0;968,8;968,8;968,2;;25,6;;26,5;25,6;;;;;;;;;
2024/04/30;0100 UTC;0;969,2;969,2;968,8;;25,3;;25,6;25,2;;;;;;;;;
2024/04/30;0200 UTC;0;969,2;969,3;969,2;;24,7;;25,4;24,7;;;;;;;;;
2024/04/30;0300 UTC;0;968,9;969,3;968,9;;24;;24,8;23,9;;;;;;;;;
2024/04/30;0400 UTC;0;968,6;968,9;968,6;;23,3;;24,2;23,3;;;;;;;;;
2024/04/30;0500 UTC;0;968,1;968,6;968;;23,3;;23,8;23,3;;;;;;;;;
2024/04/30;0600 UTC;0;967,5;968,1;967,4;;23,1;;23,6;23;;;;;;;;;
2024/04/30;0700 UTC;0;967,5;967,6;967,4;;22,9;;23,2;22,8;;;;;;;;;
2024/04/30;0800 UTC;0;967,4;967,5;967,4;;21,9;;22,9;21,9;;;;;;;;;
2024/04/30;0900 UTC;0;968,2;968,2;967,4;;21,6;;21,9;21,5;;;;;;;;;
2024/04/30;1000 UTC;0;969,3;969,3;968,2;7,3;21,7;;21,7;21,4;;;;;;;;;
2024/04/30;1100 UTC;0;970,6;970,6;969,3;405,2;24,1;;24,1;21,7;;;;;;;;;
2024/04/30;1200 UTC;0;971,2;971,2;970,6;1157,9;26,9;;27;24,1;;;;;;;;;
2024/04/30;1300 UTC;0;971,5;971,5;971,1;1900,5;28,9;;29,2;26,9;;;;;;;;;
2024/04/30;1400 UTC;0;971,3;971,5;971,3;2468,4;30,9;;30,9;28,9;;;;;;;;;
2024/04/30;1500 UTC;0;970,5;971,3;970,5;2782,8;32,6;;32,9;30,9;;;;;;;;;
2024/04/30;1600 UTC;0;969,5;970,5;969,5;2692,3;33,1;;34;32,5;;;;;;;;;
2024/04/30;1700 UTC;0;968,6;969,5;968,6;2846,3;34,1;;34,3;32,9;;;;;;;;;
2024/04/30;1800 UTC;0;968,1;968,6;968,1;2389,4;33,5;;34,4;33,5;;;;;;;;;
2024/04/30;1900 UTC;0;967,9;968,1;967,8;1816,3;33,9;;34,3;33,5;;;;;;;;;
2024/04/30;2000 UTC;0;967,9;968;967,9;1055;32,8;;33,9;32,8;;;;;;;;;
2024/04/30;2100 UTC;0;968,2;968,2;967,9;268,6;29,4;;32,8;29,4;;;;;;;;;
2024/04/30;2200 UTC;0;968,5;968,5;968,2;;28,1;;29,4;28;;;;;;;;;
2024/04/30;2300 UTC;0;969;969;968,5;;27;;28,2;26,3;;;;;;;;;
2024/05/01;0000 UTC;0;969,4;969,4;969;;26,3;;27;26,3;;;;;;;;;
2024/05/01;0100 UTC;0;969,4;969,4;969,3;;25,6;;26,4;25,6;;;;;;;;;
2024/05/01;0200 UTC;0;969,1;969,4;969,1;;24,9;;25,6;24,9;;;;;;;;;
2024/05/01;0300 UTC;0;968,8;969,1;968,8;;24,5;;25;24,4;;;;;;;;;
2024/05/01;0400 UTC;0;968,6;968,8;968,6;;24,1;;24,5;24;;;;;;;;;
2024/05/01;0500 UTC;0;968,4;968,7;968,4;;23,6;;24,1;23,5;;;;;;;;;
2024/05/01;0600 UTC;0;968,2;968,4;968,2;;23,1;;23,6;23,1;;;;;;;;;
2024/05/01;0700 UTC;0;968,2;968,2;968,2;;22,4;;23,1;22,4;;;;;;;;;
2024/05/01;0800 UTC;0;968,5;968,5;968,2;;22,2;;22,4;22,2;;;;;;;;;
2024/05/01;0900 UTC;0;968,9;968,9;968,5;;22;;22,2;21,8;;;;;;;;;
2024/05/01;1000 UTC;0;969,6;969,6;968,9;9,6;22,2;;22,2;21,8;;;;;;;;;
2024/05/01;1100 UTC;0;970,4;970,4;969,6;313,2;23,6;;23,6;22,2;;;;;;;;;
2024/05/01;1200 UTC;0;970,6;970,6;970,4;1179,6;27;;27,1;23,6;;;;;;;;;
2024/05/01;1300 UTC;0;970,4;970,6;970,4;1879,3;29,6;;29,9;27;;;;;;;;;
2024/05/01;1400 UTC;0;970,2;970,5;970,2;2397,4;31,6;;31,7;29,6;;;;;;;;;
2024/05/01;1500 UTC;0;969,5;970,2;969,5;2596,2;33;;33;31,3;;;;;;;;;
2024/05/01;1600 UTC;0;968,7;969,5;968,7;2842,1;33,3;;33,6;32,7;;;;;;;;;
2024/05/01;1700 UTC;0;967,6;968,7;967,6;2677,1;33,9;;34,3;33;;;;;;;;;
2024/05/01;1800 UTC;0;966,7;967,6;966,7;2288,8;34,2;;34,4;33,3;;;;;;;;;
2024/05/01;1900 UTC;0;966,3;966,7;966,3;1825;33,7;;34,4;33,6;;;;;;;;;
2024/05/01;2000 UTC;0;966,3;966,3;966,2;1011,2;33;;33,8;33;;;;;;;;;
2024/05/01;2100 UTC;0;966,4;966,4;966,3;262,3;30,1;;33;30,1;;;;;;;;;
2024/05/01;2200 UTC;0;966,1;966,4;966,1;;27,7;;30,1;27,6;;;;;;;;;
2024/05/01;2300 UTC;0;966,4;966,4;966,1;;27,1;;27,7;27,1;;;;;;;;;
2024/05/02;0000 UTC;0;966,8;966,8;966,4;;26,7;;27,3;26,5;;;;;;;;;
2024/05/02;0100 UTC;0;966,9;967;966,8;;25,8;;26,8;25,8;;;;;;;;;
2024/05/02;0200 UTC;0;966,7;967;966,7;;25,5;;25,9;25,5;;;;;;;;;
2024/05/02;0300 UTC;0;966,4;966,7;966,4;;25;;25,5;25;;;;;;;;;
2024/05/02;0400 UTC;0;966,1;966,4;966,1;;23,9;;25;23,8;;;;;;;;;
2024/05/02;0500 UTC;0;965,8;966,1;965,8;;23,8;;24,1;23,8;;;;;;;;;
2024/05/02;0600 UTC;0;965,3;965,8;965,3;;23,2;;23,8;23,2;;;;;;;;;
2024/05/02;0700 UTC;0;965,4;965,5;965,3;;22,8;;23,2;22,7;;;;;;;;;
2024/05/02;0800 UTC;0;965,8;965,8;965,4;;22,3;;22,9;22,1;;;;;;;;;
2024/05/02;0900 UTC;0;966,3;966,3;965,8;;21,3;;23;21;;;;;;;;;
2024/05/02;1000 UTC;0;967,1;967,1;966,3;9,5;21,5;;21,5;20,2;;;;;;;;;
2024/05/02;1100 UTC;0;968;968;967,1;395,9;25,7;;25,7;21,5;;;;;;;;;
2024/05/02;1200 UTC;0;968,3;968,3;968;1164,7;26,9;;26,9;25,3;;;;;;;;;
2024/05/02;1300 UTC;0;968,6;968,6;968,3;1899,7;29,8;;30,1;27;;;;;;;;;
2024/05/02;1400 UTC;0;968,5;968,7;968,5;2468,7;31,1;;31,1;29,6;;;;;;;;;
2024/05/02;1500 UTC;0;967,8;968,5;967,8;2784,1;32,7;;33;31;;;;;;;;;
2024/05/02;1600 UTC;0;966,9;967,8;966,9;2864;32,7;;33,3;32,3;;;;;;;;;
2024/05/02;1700 UTC;0;966;966,9;966;2519,2;33,2;;33,8;32,7;;;;;;;;;
2024/05/02;1800 UTC;0;965,2;966;965,2;2215,6;32,9;;34,1;32,9;;;;;;;;;
2024/05/02;1900 UTC;0;964,8;965,2;964,8;1734,9;33,4;;34,2;32,9;;;;;;;;;
2024/05/02;2000 UTC;0;964,9;964,9;964,6;963,2;32,6;;33,7;32,6;;;;;;;;;
2024/05/02;2100 UTC;0;965,1;965,1;964,8;227,4;29,4;;32,6;29,4;;;;;;;;;
2024/05/02;2200 UTC;0;965,3;965,3;965,1;;27,6;;29,4;27,6;;;;;;;;;
2024/05/02;2300 UTC;0;966;966;965,3;;27,8;;28,2;27,5;;;;;;;;;
2024/05/03;0000 UTC;0;966,6;966,6;966;;27;;27,8;26,9;;;;;;;;;
2024/05/03;0100 UTC;0;966,8;966,8;966,6;;27,2;;27,3;26,8;;;;;;;;;
2024/05/03;0200 UTC;0;966,6;966,9;966,6;;25,5;;27,2;25,5;;;;;;;;;
2024/05/03;0300 UTC;0;966,3;966,6;966,3;;25;;25,6;24,8;;;;;;;;;
2024/05/03;0400 UTC;0;965,7;966,3;965,7;;25,4;;25,7;24,8;;;;;;;;;
2024/05/03;0500 UTC;0;965,7;965,7;965,6;;25,4;;25,4;24,9;;;;;;;;;
2024/05/03;0600 UTC;0;965,8;965,9;965,7;;24,4;;25,5;24,2;;;;;;;;;
2024/05/03;0700 UTC;0;966,2;966,2;965,8;;24,3;;24,4;23,7;;;;;;;;;
2024/05/03;0800 UTC;0;966,7;966,7;966,2;;23,8;;24,3;23,5;;;;;;;;;
2024/05/03;0900 UTC;0;967,1;967,1;966,6;;23,3;;24,6;23,3;;;;;;;;;
2024/05/03;1000 UTC;0;967,9;967,9;967,1;7,4;22,8;;23,7;22,8;;;;;;;;;
2024/05/03;1100 UTC;0;968,8;968,8;967,9;361,9;26;;26;22,8;;;;;;;;;
2024/05/03;1200 UTC;0;969,2;969,2;968,8;1103,1;27,5;;27,6;26;;;;;;;;;
2024/05/03;1300 UTC;0;969,3;969,4;969,2;1800,8;29,1;;29,3;27,3;;;;;;;;;
2024/05/03;1400 UTC;0;969,2;969,4;969,2;2045,5;30,3;;30,4;28,9;;;;;;;;;
2024/05/03;1500 UTC;0;968;969,2;968;2731,7;31,2;;31,9;30;;;;;;;;;
2024/05/03;1600 UTC;0;967;968;967;2822,3;33,1;;33,4;31,2;;;;;;;;;
2024/05/03;1700 UTC;0;966,4;967;966,4;2600,7;33,9;;34,2;33;;;;;;;;;
2024/05/03;1800 UTC;0;965,9;966,4;965,9;2296,5;33,9;;34,2;33,3;;;;;;;;;
2024/05/03;1900 UTC;0;965,5;965,9;965,5;1714,8;33,5;;34,1;33,4;;;;;;;;;
2024/05/03;2000 UTC;0;965,7;965,7;965,4;982,2;32,4;;33,6;32,4;;;;;;;;;
2024/05/03;2100 UTC;0;966,1;966,1;965,7;252,2;29,9;;32,4;29,9;;;;;;;;;
2024/05/03;2200 UTC;0;966,5;966,5;966,1;;27,1;;29,9;27,1;;;;;;;;;
2024/05/03;2300 UTC;0;967,1;967,1;966,5;;27;;27,7;26,6;;;;;;;;;
2024/05/04;0000 UTC;0;968;968;967,1;;26,1;;27;26,1;;;;;;;;;
2024/05/04;0100 UTC;0;968,2;968,2;968;;25,8;;26,1;25,1;;;;;;;;;
2024/05/04;0200 UTC;0;968,3;968,3;968,2;;25;;25,8;25;;;;;;;;;
2024/05/04;0300 UTC;0;968,5;968,6;968,3;;24,5;;25,1;24,5;;;;;;;;;
2024/05/04;0400 UTC;0;968,4;968,5;968,4;;24,2;;24,8;24,2;;;;;;;;;
2024/05/04;0500 UTC;0;968,3;968,6;968,3;;24,1;;24,5;23,9;;;;;;;;;
2024/05/04;0600 UTC;0;968,2;968,3;968,1;;23,3;;24,1;23,1;;;;;;;;;
2024/05/04;0700 UTC;0;968,5;968,5;968,2;;23,2;;23,9;23,2;;;;;;;;;
2024/05/04;0800 UTC;0;968,8;968,8;968,5;;22,1;;23,2;22,1;;;;;;;;;
2024/05/04;0900 UTC;0;969,3;969,3;968,8;;21,5;;22;21,5;;;;;;;;;
2024/05/04;1000 UTC;0;970,2;970,2;969,3;6;21,8;;22,1;21,4;;;;;;;;;
2024/05/04;1100 UTC;0;970,9;970,9;970,2;354,5;24,8;;24,8;21,8;;;;;;;;;
2024/05/04;1200 UTC;0;971,1;971,2;970,9;1035,3;27;;27;24,8;;;;;;;;;
2024/05/04;1300 UTC;0;971,4;971,4;971,1;1549,5;29,1;;29,1;26,6;;;;;;;;;
2024/05/04;1400 UTC;0;971,1;971,4;971,1;2339,8;31,4;;31,6;29,1;;;;;;;;;
2024/05/04;1500 UTC;0;970,4;971,1;970,4;2839,8;33;;33,1;31,2;;;;;;;;;
2024/05/04;1600 UTC;0;969,5;970,4;969,5;2565,5;33,8;;34,4;32,6;;;;;;;;;
2024/05/04;1700 UTC;0;968,6;969,5;968,6;2644,3;34,5;;35,1;33;;;;;;;;;
2024/05/04;1800 UTC;0;968,3;968,6;968,3;1798;34,7;;35;32,9;;;;;;;;;
2024/05/04;1900 UTC;0;968,5;968,5;968,3;1796,2;34,7;;35,1;34,3;;;;;;;;;
2024/05/04;2000 UTC;0;969;969;968,5;1010;33,3;;34,7;33,3;;;;;;;;;
2024/05/04;2100 UTC;;;;;;;;;;;;;;;;;;
2024/05/04;2200 UTC;;;;;;;;;;;;;;;;;;
2024/05/04;2300 UTC;;;;;;;;;;;;;;;;;;
2024/05/05;0000 UTC;;;;;;;;;;;;;;;;;;
2024/05/05;0100 UTC;;;;;;;;;;;;;;;;;;
2024/05/05;0200 UTC;;;;;;;;;;;;;;;;;;
2024/05/05;0300 UTC;;;;;;;;;;;;;;;;;;
2024/05/05;0400 UTC;;;;;;;;;;;;;;;;;;
2024/05/05;0500 UTC;;;;;;;;;;;;;;;;;;
2024/05/05;0600 UTC;;;;;;;;;;;;;;;;;;
2024/05/05;0700 UTC;;;;;;;;;;;;;;;;;;
2024/05/05;0800 UTC;;;;;;;;;;;;;;;;;;
2024/05/05;0900 UTC;;;;;;;;;;;;;;;;;;
2024/05/05;1000 UTC;;;;;;;;;;;;;;;;;;
2024/05/05;1100 UTC;;;;;;;;;;;;;;;;;;
2024/05/05;1200 UTC;;;;;;;;;;;;;;;;;;
2024/05/05;1300 UTC;;;;;;;;;;;;;;;;;;
2024/05/05;1400 UTC;0;973;973,3;973;2239,5;30,4;;30,7;28,6;;;;;;46;8,4;4,8;
2024/05/05;1500 UTC;0;972;973;972;2791,6;32,9;;33;30,3;;;;;;28;8,9;5;
2024/05/05;1600 UTC;0;971,4;972;971,4;2845,6;33,4;;33,8;32,5;;;;;;15;9,1;5,1;
2024/05/05;1700 UTC;0;970,6;971,4;970,6;2694,8;33,9;;34,3;33,3;;;;;;7;10;4,6;
2024/05/05;1800 UTC;0;969,9;970,6;969,9;2300,6;34,3;;34,5;33,5;;;;;;1;8,3;3,7;
2024/05/05;1900 UTC;0;969,4;969,9;969,4;1708,5;33,8;;34,3;33,6;;;;;;22;6,9;2,7;
2024/05/05;2000 UTC;0;969,6;969,6;969,4;970,8;32,7;;34;32,7;;;;;;67;5,1;1,7;
2024/05/05;2100 UTC;;;;;;;;;;;;;;;;;;
2024/05/05;2200 UTC;;;;;;;;;;;;;;;;;;
2024/05/05;2300 UTC;;;;;;;;;;;;;;;;;;
2024/05/06;0000 UTC;;;;;;;;;;;;;;;;;;
2024/05/06;0100 UTC;;;;;;;;;;;;;;;;;;
2024/05/06;0200 UTC;;;;;;;;;;;;;;;;;;
2024/05/06;0300 UTC;;;;;;;;;;;;;;;;;;
2024/05/06;0400 UTC;;;;;;;;;;;;;;;;;;
2024/05/06;0500 UTC;;;;;;;;;;;;;;;;;;
2024/05/06;0600 UTC;;;;;;;;;;;;;;;;;;
2024/05/06;0700 UTC;;;;;;;;;;;;;;;;;;
2024/05/06;0800 UTC;;;;;;;;;;;;;;;;;;
2024/05/06;0900 UTC;;;;;;;;;;;;;;;;;;
2024/05/06;1000 UTC;;;;;;;;;;;;;;;;;;
2024/05/06;1100 UTC;;;;;;;;;;;;;;;;;;
2024/05/06;1200 UTC;;;;;;;;;;;;;;;;;;
2024/05/06;1300 UTC;;;;;;;;;;;;;;;;;;
2024/05/06;1400 UTC;0;971,7;972,4;971,7;2180,5;29,7;;30,1;28,4;;;;;;14;8,9;5,6;
2024/05/06;1500 UTC;0;970,7;971,7;970,7;2748,3;31,2;;31,5;29,7;;;;;;7;8,7;4,5;
2024/05/06;1600 UTC;0;969,4;970,7;969,4;2816,2;32,1;;32,6;31;;;;;;25;11,1;6,2;
2024/05/06;1700 UTC;0;968,4;969,4;968,4;2667;33;;33;31,9;;;;;;26;10,7;4,3;
2024/05/06;1800 UTC;0;967,6;968,4;967,6;2177,2;32,7;;33,2;31,9;;;;;;8;10,9;4,5;
2024/05/06;1900 UTC;0;967,4;967,7;967,3;1721,2;32,3;;33;32,3;;;;;;357;9,4;5,1;
2024/05/06;2000 UTC;;;;;;;;;;;;;;;;;;
2024/05/06;2100 UTC;;;;;;;;;;;;;;;;;;
2024/05/06;2200 UTC;;;;;;;;;;;;;;;;;;
2024/05/06;2300 UTC;;;;;;;;;;;;;;;;;;
2024/05/07;0000 UTC;;;;;;;;;;;;;;;;;;
2024/05/07;0100 UTC;;;;;;;;;;;;;;;;;;
2024/05/07;0200 UTC;;;;;;;;;;;;;;;;;;
2024/05/07;0300 UTC;;;;;;;;;;;;;;;;;;
2024/05/07;0400 UTC;;;;;;;;;;;;;;;;;;
2024/05/07;0500 UTC;;;;;;;;;;;;;;;;;;
2024/05/07;0600 UTC;;;;;;;;;;;;;;;;;;
2024/05/07;0700 UTC;;;;;;;;;;;;;;;;;;
2024/05/07;0800 UTC;;;;;;;;;;;;;;;;;;
2024/05/07;0900 UTC;;;;;;;;;;;;;;;;;;
2024/05/07;1000 UTC;;;;;;;;;;;;;;;;;;
2024/05/07;1100 UTC;;;;;;;;;;;;;;;;;;
2024/05/07;1200 UTC;;;;;;;;;;;;;;;;;;
2024/05/07;1300 UTC;;;;;;;;;;;;;;;;;;
2024/05/07;1400 UTC;;;;;;;;;;;;;;;;;;
2024/05/07;1500 UTC;;;;;;;;;;;;;;;;;;
2024/05/07;1600 UTC;;;;;;;;;;;;;;;;;;
2024/05/07;1700 UTC;;;;;;;;;;;;;;;;;;
2024/05/07;1800 UTC;;;;;;;;;;;;;;;;;;
2024/05/07;1900 UTC;;;;;;;;;;;;;;;;;;
2024/05/07;2000 UTC;;;;;;;;;;;;;;;;;;
2024/05/07;2100 UTC;;;;;;;;;;;;;;;;;;
2024/05/07;2200 UTC;;;;;;;;;;;;;;;;;;
2024/05/07;2300 UTC;;;;;;;;;;;;;;;;;;
2024/05/08;0000 UTC;;;;;;;;;;;;;;;;;;
2024/05/08;0100 UTC;;;;;;;;;;;;;;;;;;
2024/05/08;0200 UTC;;;;;;;;;;;;;;;;;;
2024/05/08;0300 UTC;;;;;;;;;;;;;;;;;;
2024/05/08;0400 UTC;;;;;;;;;;;;;;;;;;
2024/05/08;0500 UTC;;;;;;;;;;;;;;;;;;
2024/05/08;0600 UTC;;;;;;;;;;;;;;;;;;
2024/05/08;0700 UTC;;;;;;;;;;;;;;;;;;
2024/05/08;0800 UTC;;;;;;;;;;;;;;;;;;
2024/05/08;0900 UTC;;;;;;;;;;;;;;;;;;
2024/05/08;1000 UTC;;;;;;;;;;;;;;;;;;
2024/05/08;1100 UTC;;;;;;;;;;;;;;;;;;
2024/05/08;1200 UTC;;;;;;;;;;;;;;;;;;
2024/05/08;1300 UTC;;;;;;;;;;;;;;;;;;
2024/05/08;1400 UTC;;;;;;;;;;;;;;;;;;
2024/05/08;1500 UTC;;;;;;;;;;;;;;;;;;
2024/05/08;1600 UTC;;;;;;;;;;;;;;;;;;
2024/05/08;1700 UTC;;;;;;;;;;;;;;;;;;
2024/05/08;1800 UTC;;;;;;;;;;;;;;;;;;
2024/05/08;1900 UTC;;;;;;;;;;;;;;;;;;
2024/05/08;2000 UTC;;;;;;;;;;;;;;;;;;
2024/05/08;2100 UTC;;;;;;;;;;;;;;;;;;
2024/05/08;2200 UTC;;;;;;;;;;;;;;;;;;
2024/05/08;2300 UTC;;;;;;;;;;;;;;;;;;
2024/05/09;0000 UTC;;;;;;;;;;;;;;;;;;
2024/05/09;0100 UTC;;;;;;;;;;;;;;;;;;
2024/05/09;0200 UTC;;;;;;;;;;;;;;;;;;
2024/05/09;0300 UTC;;;;;;;;;;;;;;;;;;
2024/05/09;0400 UTC;;;;;;;;;;;;;;;;;;
2024/05/09;0500 UTC;;;;;;;;;;;;;;;;;;
2024/05/09;0600 UTC;;;;;;;;;;;;;;;;;;
2024/05/09;0700 UTC;;;;;;;;;;;;;;;;;;
2024/05/09;0800 UTC;;;;;;;;;;;;;;;;;;
2024/05/09;0900 UTC;;;;;;;;;;;;;;;;;;
2024/05/09;1000 UTC;;;;;;;;;;;;;;;;;;
2024/05/09;1100 UTC;;;;;;;;;;;;;;;;;;
2024/05/09;1200 UTC;;;;;;;;;;;;;;;;;;
2024/05/09;1300 UTC;;;;;;;;;;;;;;;;;;
2024/05/09;1400 UTC;;;;;;;;;;;;;;;;;;
2024/05/09;1500 UTC;;;;;;;;;;;;;;;;;;
2024/05/09;1600 UTC;;;;;;;;;;;;;;;;;;
2024/05/09;1700 UTC;;;;;;;;;;;;;;;;;;
2024/05/09;1800 UTC;;;;;;;;;;;;;;;;;;
2024/05/09;1900 UTC;;;;;;;;;;;;;;;;;;
2024/05/09;2000 UTC;;;;;;;;;;;;;;;;;;
2024/05/09;2100 UTC;;;;;;;;;;;;;;;;;;
2024/05/09;2200 UTC;;;;;;;;;;;;;;;;;;
2024/05/09;2300 UTC;;;;;;;;;;;;;;;;;;
2024/05/10;0000 UTC;;;;;;;;;;;;;;;;;;
2024/05/10;0100 UTC;;;;;;;;;;;;;;;;;;
2024/05/10;0200 UTC;;;;;;;;;;;;;;;;;;
2024/05/10;0300 UTC;;;;;;;;;;;;;;;;;;
2024/05/10;0400 UTC;;;;;;;;;;;;;;;;;;
2024/05/10;0500 UTC;;;;;;;;;;;;;;;;;;
2024/05/10;0600 UTC;;;;;;;;;;;;;;;;;;
2024/05/10;0700 UTC;;;;;;;;;;;;;;;;;;
2024/05/10;0800 UTC;;;;;;;;;;;;;;;;;;
2024/05/10;0900 UTC;;;;;;;;;;;;;;;;;;
2024/05/10;1000 UTC;;;;;;;;;;;;;;;;;;
2024/05/10;1100 UTC;;;;;;;;;;;;;;;;;;
2024/05/10;1200 UTC;;;;;;;;;;;;;;;;;;
2024/05/10;1300 UTC;;;;;;;;;;;;;;;;;;
2024/05/10;1400 UTC;;;;;;;;;;;;;;;;;;
2024/05/10;1500 UTC;;;;;;;;;;;;;;;;;;
2024/05/10;1600 UTC;;;;;;;;;;;;;;;;;;
2024/05/10;1700 UTC;;;;;;;;;;;;;;;;;;
2024/05/10;1800 UTC;;;;;;;;;;;;;;;;;;
2024/05/10;1900 UTC;;;;;;;;;;;;;;;;;;
2024/05/10;2000 UTC;;;;;;;;;;;;;;;;;;
2024/05/10;2100 UTC;;;;;;;;;;;;;;;;;;
2024/05/10;2200 UTC;;;;;;;;;;;;;;;;;;
2024/05/10;2300 UTC;;;;;;;;;;;;;;;;;;
2024/05/11;0000 UTC;;;;;;;;;;;;;;;;;;
2024/05/11;0100 UTC;;;;;;;;;;;;;;;;;;
2024/05/11;0200 UTC;;;;;;;;;;;;;;;;;;
2024/05/11;0300 UTC;;;;;;;;;;;;;;;;;;
2024/05/11;0400 UTC;;;;;;;;;;;;;;;;;;
2024/05/11;0500 UTC;;;;;;;;;;;;;;;;;;
2024/05/11;0600 UTC;;;;;;;;;;;;;;;;;;
2024/05/11;0700 UTC;;;;;;;;;;;;;;;;;;
2024/05/11;0800 UTC;;;;;;;;;;;;;;;;;;
2024/05/11;0900 UTC;;;;;;;;;;;;;;;;;;
2024/05/11;1000 UTC;;;;;;;;;;;;;;;;;;
2024/05/11;1100 UTC;;;;;;;;;;;;;;;;;;
2024/05/11;1200 UTC;;;;;;;;;;;;;;;;;;
2024/05/11;1300 UTC;;;;;;;;;;;;;;;;;;
2024/05/11;1400 UTC;;;;;;;;;;;;;;;;;;
2024/05/11;1500 UTC;;;;;;;;;;;;;;;;;;
2024/05/11;1600 UTC;;;;;;;;;;;;;;;;;;
2024/05/11;1700 UTC;;;;;;;;;;;;;;;;;;
2024/05/11;1800 UTC;;;;;;;;;;;;;;;;;;
2024/05/11;1900 UTC;;;;;;;;;;;;;;;;;;
2024/05/11;2000 UTC;;;;;;;;;;;;;;;;;;
2024/05/11;2100 UTC;;;;;;;;;;;;;;;;;;
2024/05/11;2200 UTC;;;;;;;;;;;;;;;;;;
2024/05/11;2300 UTC;;;;;;;;;;;;;;;;;;
2024/05/12;0000 UTC;;;;;;;;;;;;;;;;;;
2024/05/12;0100 UTC;;;;;;;;;;;;;;;;;;
2024/05/12;0200 UTC;;;;;;;;;;;;;;;;;;
2024/05/12;0300 UTC;;;;;;;;;;;;;;;;;;
2024/05/12;0400 UTC;;;;;;;;;;;;;;;;;;
2024/05/12;0500 UTC;;;;;;;;;;;;;;;;;;
2024/05/12;0600 UTC;;;;;;;;;;;;;;;;;;
2024/05/12;0700 UTC;;;;;;;;;;;;;;;;;;
2024/05/12;0800 UTC;;;;;;;;;;;;;;;;;;
2024/05/12;0900 UTC;;;;;;;;;;;;;;;;;;
2024/05/12;1000 UTC;;;;;;;;;;;;;;;;;;
2024/05/12;1100 UTC;;;;;;;;;;;;;;;;;;
2024/05/12;1200 UTC;;;;;;;;;;;;;;;;;;
2024/05/12;1300 UTC;;;;;;;;;;;;;;;;;;
2024/05/12;1400 UTC;;;;;;;;;;;;;;;;;;
2024/05/12;1500 UTC;;;;;;;;;;;;;;;;;;
2024/05/12;1600 UTC;;;;;;;;;;;;;;;;;;
2024/05/12;1700 UTC;;;;;;;;;;;;;;;;;;
2024/05/12;1800 UTC;;;;;;;;;;;;;;;;;;
2024/05/12;1900 UTC;;;;;;;;;;;;;;;;;;
2024/05/12;2000 UTC;;;;;;;;;;;;;;;;;;
2024/05/12;2100 UTC;;;;;;;;;;;;;;;;;;
2024/05/12;2200 UTC;;;;;;;;;;;;;;;;;;
2024/05/12;2300 UTC;;;;;;;;;;;;;;;;;;
2024/05/13;0000 UTC;;;;;;;;;;;;;;;;;;
2024/05/13;0100 UTC;;;;;;;;;;;;;;;;;;
2024/05/13;0200 UTC;;;;;;;;;;;;;;;;;;
2024/05/13;0300 UTC;;;;;;;;;;;;;;;;;;
2024/05/13;0400 UTC;;;;;;;;;;;;;;;;;;
2024/05/13;0500 UTC;;;;;;;;;;;;;;;;;;
2024/05/13;0600 UTC;;;;;;;;;;;;;;;;;;
2024/05/13;0700 UTC;;;;;;;;;;;;;;;;;;
2024/05/13;0800 UTC;;;;;;;;;;;;;;;;;;
2024/05/13;0900 UTC;;;;;;;;;;;;;;;;;;
2024/05/13;1000 UTC;;;;;;;;;;;;;;;;;;
2024/05/13;1100 UTC;;;;;;;;;;;;;;;;;;
2024/05/13;1200 UTC;;;;;;;;;;;;;;;;;;
2024/05/13;1300 UTC;;;;;;;;;;;;;;;;;;
2024/05/13;1400 UTC;;;;;;;;;;;;;;;;;;
2024/05/13;1500 UTC;;;;;;;;;;;;;;;;;;
2024/05/13;1600 UTC;;;;;;;;;;;;;;;;;;
2024/05/13;1700 UTC;;;;;;;;;;;;;;;;;;
2024/05/13;1800 UTC;;;;;;;;;;;;;;;;;;
2024/05/13;1900 UTC;;;;;;;;;;;;;;;;;;
2024/05/13;2000 UTC;;;;;;;;;;;;;;;;;;
2024/05/13;2100 UTC;;;;;;;;;;;;;;;;;;
2024/05/13;2200 UTC;;;;;;;;;;;;;;;;;;
2024/05/13;2300 UTC;;;;;;;;;;;;;;;;;;
2024/05/14;0000 UTC;;;;;;;;;;;;;;;;;;
2024/05/14;0100 UTC;;;;;;;;;;;;;;;;;;
2024/05/14;0200 UTC;;;;;;;;;;;;;;;;;;
2024/05/14;0300 UTC;;;;;;;;;;;;;;;;;;
2024/05/14;0400 UTC;;;;;;;;;;;;;;;;;;
2024/05/14;0500 UTC;;;;;;;;;;;;;;;;;;
2024/05/14;0600 UTC;;;;;;;;;;;;;;;;;;
2024/05/14;0700 UTC;;;;;;;;;;;;;;;;;;
2024/05/14;0800 UTC;;;;;;;;;;;;;;;;;;
2024/05/14;0900 UTC;;;;;;;;;;;;;;;;;;
2024/05/14;1000 UTC;;;;;;;;;;;;;;;;;;
2024/05/14;1100 UTC;;;;;;;;;;;;;;;;;;
2024/05/14;1200 UTC;;;;;;;;;;;;;;;;;;
2024/05/14;1300 UTC;;;;;;;;;;;;;;;;;;
2024/05/14;1400 UTC;;;;;;;;;;;;;;;;;;
2024/05/14;1500 UTC;;;;;;;;;;;;;;;;;;
2024/05/14;1600 UTC;;;;;;;;;;;;;;;;;;
2024/05/14;1700 UTC;;;;;;;;;;;;;;;;;;
2024/05/14;1800 UTC;;;;;;;;;;;;;;;;;;
2024/05/14;1900 UTC;;;;;;;;;;;;;;;;;;
2024/05/14;2000 UTC;;;;;;;;;;;;;;;;;;
2024/05/14;2100 UTC;;;;;;;;;;;;;;;;;;
2024/05/14;2200 UTC;;;;;;;;;;;;;;;;;;
2024/05/14;2300 UTC;;;;;;;;;;;;;;;;;;
2024/05/15;0000 UTC;;;;;;;;;;;;;;;;;;
2024/05/15;0100 UTC;;;;;;;;;;;;;;;;;;
2024/05/15;0200 UTC;;;;;;;;;;;;;;;;;;
2024/05/15;0300 UTC;;;;;;;;;;;;;;;;;;
2024/05/15;0400 UTC;;;;;;;;;;;;;;;;;;
2024/05/15;0500 UTC;;;;;;;;;;;;;;;;;;
2024/05/15;0600 UTC;;;;;;;;;;;;;;;;;;
2024/05/15;0700 UTC;;;;;;;;;;;;;;;;;;
2024/05/15;0800 UTC;;;;;;;;;;;;;;;;;;
2024/05/15;0900 UTC;;;;;;;;;;;;;;;;;;
2024/05/15;1000 UTC;;;;;;;;;;;;;;;;;;
2024/05/15;1100 UTC;;;;;;;;;;;;;;;;;;
2024/05/15;1200 UTC;;;;;;;;;;;;;;;;;;
2024/05/15;1300 UTC;;;;;;;;;;;;;;;;;;
2024/05/15;1400 UTC;;;;;;;;;;;;;;;;;;
2024/05/15;1500 UTC;;;;;;;;;;;;;;;;;;
2024/05/15;1600 UTC;;;;;;;;;;;;;;;;;;
2024/05/15;1700 UTC;;;;;;;;;;;;;;;;;;
2024/05/15;1800 UTC;;;;;;;;;;;;;;;;;;
2024/05/15;1900 UTC;;;;;;;;;;;;;;;;;;
2024/05/15;2000 UTC;;;;;;;;;;;;;;;;;;
2024/05/15;2100 UTC;;;;;;;;;;;;;;;;;;
2024/05/15;2200 UTC;;;;;;;;;;;;;;;;;;
2024/05/15;2300 UTC;;;;;;;;;;;;;;;;;;
2024/05/16;0000 UTC;;;;;;;;;;;;;;;;;;
2024/05/16;0100 UTC;;;;;;;;;;;;;;;;;;
2024/05/16;0200 UTC;;;;;;;;;;;;;;;;;;
2024/05/16;0300 UTC;;;;;;;;;;;;;;;;;;
2024/05/16;0400 UTC;;;;;;;;;;;;;;;;;;
2024/05/16;0500 UTC;;;;;;;;;;;;;;;;;;
2024/05/16;0600 UTC;;;;;;;;;;;;;;;;;;
2024/05/16;0700 UTC;;;;;;;;;;;;;;;;;;
2024/05/16;0800 UTC;;;;;;;;;;;;;;;;;;
2024/05/16;0900 UTC;;;;;;;;;;;;;;;;;;
2024/05/16;1000 UTC;;;;;;;;;;;;;;;;;;
2024/05/16;1100 UTC;;;;;;;;;;;;;;;;;;
2024/05/16;1200 UTC;;;;;;;;;;;;;;;;;;
2024/05/16;1300 UTC;;;;;;;;;;;;;;;;;;
2024/05/16;1400 UTC;;;;;;;;;;;;;;;;;;
2024/05/16;1500 UTC;;;;;;;;;;;;;;;;;;
2024/05/16;1600 UTC;;;;;;;;;;;;;;;;;;
2024/05/16;1700 UTC;;;;;;;;;;;;;;;;;;
2024/05/16;1800 UTC;;;;;;;;;;;;;;;;;;
2024/05/16;1900 UTC;;;;;;;;;;;;;;;;;;
2024/05/16;2000 UTC;;;;;;;;;;;;;;;;;;
2024/05/16;2100 UTC;;;;;;;;;;;;;;;;;;
2024/05/16;2200 UTC;;;;;;;;;;;;;;;;;;
2024/05/16;2300 UTC;;;;;;;;;;;;;;;;;;
2024/05/17;0000 UTC;;;;;;;;;;;;;;;;;;
2024/05/17;0100 UTC;;;;;;;;;;;;;;;;;;
2024/05/17;0200 UTC;;;;;;;;;;;;;;;;;;
2024/05/17;0300 UTC;;;;;;;;;;;;;;;;;;
2024/05/17;0400 UTC;;;;;;;;;;;;;;;;;;
2024/05/17;0500 UTC;;;;;;;;;;;;;;;;;;
2024/05/17;0600 UTC;;;;;;;;;;;;;;;;;;
2024/05/17;0700 UTC;;;;;;;;;;;;;;;;;;
2024/05/17;0800 UTC;;;;;;;;;;;;;;;;;;
2024/05/17;0900 UTC;;;;;;;;;;;;;;;;;;
2024/05/17;1000 UTC;;;;;;;;;;;;;;;;;;
2024/05/17;1100 UTC;;;;;;;;;;;;;;;;;;
2024/05/17;1200 UTC;;;;;;;;;;;;;;;;;;
2024/05/17;1300 UTC;;;;;;;;;;;;;;;;;;
2024/05/17;1400 UTC;;;;;;;;;;;;;;;;;;
2024/05/17;1500 UTC;;;;;;;;;;;;;;;;;;
2024/05/17;1600 UTC;;;;;;;;;;;;;;;;;;
2024/05/17;1700 UTC;;;;;;;;;;;;;;;;;;
2024/05/17;1800 UTC;;;;;;;;;;;;;;;;;;
2024/05/17;1900 UTC;;;;;;;;;;;;;;;;;;
2024/05/17;2000 UTC;;;;;;;;;;;;;;;;;;
2024/05/17;2100 UTC;;;;;;;;;;;;;;;;;;
2024/05/17;2200 UTC;;;;;;;;;;;;;;;;;;
2024/05/17;2300 UTC;;;;;;;;;;;;;;;;;;
2024/05/18;0000 UTC;;;;;;;;;;;;;;;;;;
2024/05/18;0100 UTC;;;;;;;;;;;;;;;;;;
2024/05/18;0200 UTC;;;;;;;;;;;;;;;;;;
2024/05/18;0300 UTC;;;;;;;;;;;;;;;;;;
2024/05/18;0400 UTC;;;;;;;;;;;;;;;;;;
2024/05/18;0500 UTC;;;;;;;;;;;;;;;;;;
2024/05/18;0600 UTC;;;;;;;;;;;;;;;;;;
2024/05/18;0700 UTC;;;;;;;;;;;;;;;;;;
2024/05/18;0800 UTC;;;;;;;;;;;;;;;;;;
2024/05/18;0900 UTC;;;;;;;;;;;;;;;;;;
2024/05/18;1000 UTC;;;;;;;;;;;;;;;;;;
2024/05/18;1100 UTC;;;;;;;;;;;;;;;;;;
2024/05/18;1200 UTC;;;;;;;;;;;;;;;;;;
2024/05/18;1300 UTC;;;;;;;;;;;;;;;;;;
2024/05/18;1400 UTC;;;;;;;;;;;;;;;;;;
2024/05/18;1500 UTC;;;;;;;;;;;;;;;;;;
2024/05/18;1600 UTC;;;;;;;;;;;;;;;;;;
2024/05/18;1700 UTC;;;;;;;;;;;;;;;;;;
2024/05/18;1800 UTC;;;;;;;;;;;;;;;;;;
2024/05/18;1900 UTC;;;;;;;;;;;;;;;;;;
2024/05/18;2000 UTC;;;;;;;;;;;;;;;;;;
2024/05/18;2100 UTC;;;;;;;;;;;;;;;;;;
2024/05/18;2200 UTC;;;;;;;;;;;;;;;;;;
2024/05/18;2300 UTC;;;;;;;;;;;;;;;;;;
2024/05/19;0000 UTC;;;;;;;;;;;;;;;;;;
2024/05/19;0100 UTC;;;;;;;;;;;;;;;;;;
2024/05/19;0200 UTC;;;;;;;;;;;;;;;;;;
2024/05/19;0300 UTC;;;;;;;;;;;;;;;;;;
2024/05/19;0400 UTC;;;;;;;;;;;;;;;;;;
2024/05/19;0500 UTC;;;;;;;;;;;;;;;;;;
2024/05/19;0600 UTC;;;;;;;;;;;;;;;;;;
2024/05/19;0700 UTC;;;;;;;;;;;;;;;;;;
2024/05/19;0800 UTC;;;;;;;;;;;;;;;;;;
2024/05/19;0900 UTC;;;;;;;;;;;;;;;;;;
2024/05/19;1000 UTC;;;;;;;;;;;;;;;;;;
2024/05/19;1100 UTC;;;;;;;;;;;;;;;;;;
2024/05/19;1200 UTC;;;;;;;;;;;;;;;;;;
2024/05/19;1300 UTC;;;;;;;;;;;;;;;;;;
2024/05/19;1400 UTC;;;;;;;;;;;;;;;;;;
2024/05/19;1500 UTC;;;;;;;;;;;;;;;;;;
2024/05/19;1600 UTC;;;;;;;;;;;;;;;;;;
2024/05/19;1700 UTC;;;;;;;;;;;;;;;;;;
2024/05/19;1800 UTC;;;;;;;;;;;;;;;;;;
2024/05/19;1900 UTC;;;;;;;;;;;;;;;;;;
2024/05/19;2000 UTC;;;;;;;;;;;;;;;;;;
2024/05/19;2100 UTC;;;;;;;;;;;;;;;;;;
2024/05/19;2200 UTC;;;;;;;;;;;;;;;;;;
2024/05/19;2300 UTC;;;;;;;;;;;;;;;;;;
2024/05/20;0000 UTC;;;;;;;;;;;;;;;;;;
2024/05/20;0100 UTC;;;;;;;;;;;;;;;;;;
2024/05/20;0200 UTC;;;;;;;;;;;;;;;;;;
2024/05/20;0300 UTC;;;;;;;;;;;;;;;;;;
2024/05/20;0400 UTC;;;;;;;;;;;;;;;;;;
2024/05/20;0500 UTC;;;;;;;;;;;;;;;;;;
2024/05/20;0600 UTC;;;;;;;;;;;;;;;;;;
2024/05/20;0700 UTC;;;;;;;;;;;;;;;;;;
2024/05/20;0800 UTC;;;;;;;;;;;;;;;;;;
2024/05/20;0900 UTC;;;;;;;;;;;;;;;;;;
2024/05/20;1000 UTC;;;;;;;;;;;;;;;;;;
2024/05/20;1100 UTC;;;;;;;;;;;;;;;;;;
2024/05/20;1200 UTC;;;;;;;;;;;;;;;;;;
2024/05/20;1300 UTC;;;;;;;;;;;;;;;;;;
2024/05/20;1400 UTC;;;;;;;;;;;;;;;;;;
2024/05/20;1500 UTC;;;;;;;;;;;;;;;;;;
2024/05/20;1600 UTC;;;;;;;;;;;;;;;;;;
2024/05/20;1700 UTC;;;;;;;;;;;;;;;;;;
2024/05/20;1800 UTC;;;;;;;;;;;;;;;;;;
2024/05/20;1900 UTC;;;;;;;;;;;;;;;;;;
2024/05/20;2000 UTC;;;;;;;;;;;;;;;;;;
2024/05/20;2100 UTC;;;;;;;;;;;;;;;;;;
2024/05/20;2200 UTC;;;;;;;;;;;;;;;;;;
2024/05/20;2300 UTC;;;;;;;;;;;;;;;;;;
2024/05/21;0000 UTC;;;;;;;;;;;;;;;;;;
2024/05/21;0100 UTC;;;;;;;;;;;;;;;;;;
2024/05/21;0200 UTC;;;;;;;;;;;;;;;;;;
2024/05/21;0300 UTC;;;;;;;;;;;;;;;;;;
2024/05/21;0400 UTC;;;;;;;;;;;;;;;;;;
2024/05/21;0500 UTC;;;;;;;;;;;;;;;;;;
2024/05/21;0600 UTC;;;;;;;;;;;;;;;;;;
2024/05/21;0700 UTC;;;;;;;;;;;;;;;;;;
2024/05/21;0800 UTC;;;;;;;;;;;;;;;;;;
2024/05/21;0900 UTC;;;;;;;;;;;;;;;;;;
2024/05/21;1000 UTC;;;;;;;;;;;;;;;;;;
2024/05/21;1100 UTC;;;;;;;;;;;;;;;;;;
2024/05/21;1200 UTC;;;;;;;;;;;;;;;;;;
2024/05/21;1300 UTC;;;;;;;;;;;;;;;;;;
2024/05/21;1400 UTC;;;;;;;;;;;;;;;;;;
2024/05/21;1500 UTC;;;;;;;;;;;;;;;;;;
2024/05/21;1600 UTC;;;;;;;;;;;;;;;;;;
2024/05/21;1700 UTC;;;;;;;;;;;;;;;;;;
2024/05/21;1800 UTC;;;;;;;;;;;;;;;;;;
2024/05/21;1900 UTC;;;;;;;;;;;;;;;;;;
2024/05/21;2000 UTC;;;;;;;;;;;;;;;;;;
2024/05/21;2100 UTC;;;;;;;;;;;;;;;;;;
2024/05/21;2200 UTC;;;;;;;;;;;;;;;;;;
2024/05/21;2300 UTC;;;;;;;;;;;;;;;;;;
2024/05/22;0000 UTC;;;;;;;;;;;;;;;;;;
2024/05/22;0100 UTC;;;;;;;;;;;;;;;;;;
2024/05/22;0200 UTC;;;;;;;;;;;;;;;;;;
2024/05/22;0300 UTC;;;;;;;;;;;;;;;;;;
2024/05/22;0400 UTC;;;;;;;;;;;;;;;;;;
2024/05/22;0500 UTC;;;;;;;;;;;;;;;;;;
2024/05/22;0600 UTC;;;;;;;;;;;;;;;;;;
2024/05/22;0700 UTC;;;;;;;;;;;;;;;;;;
2024/05/22;0800 UTC;;;;;;;;;;;;;;;;;;
2024/05/22;0900 UTC;;;;;;;;;;;;;;;;;;
2024/05/22;1000 UTC;;;;;;;;;;;;;;;;;;
2024/05/22;1100 UTC;;;;;;;;;;;;;;;;;;
2024/05/22;1200 UTC;;;;;;;;;;;;;;;;;;
2024/05/22;1300 UTC;;;;;;;;;;;;;;;;;;
2024/05/22;1400 UTC;;;;;;;;;;;;;;;;;;
2024/05/22;1500 UTC;;;;;;;;;;;;;;;;;;
2024/05/22;1600 UTC;;;;;;;;;;;;;;;;;;
2024/05/22;1700 UTC;;;;;;;;;;;;;;;;;;
2024/05/22;1800 UTC;;;;;;;;;;;;;;;;;;
2024/05/22;1900 UTC;;;;;;;;;;;;;;;;;;
2024/05/22;2000 UTC;;;;;;;;;;;;;;;;;;
2024/05/22;2100 UTC;;;;;;;;;;;;;;;;;;
2024/05/22;2200 UTC;;;;;;;;;;;;;;;;;;
2024/05/22;2300 UTC;;;;;;;;;;;;;;;;;;
2024/05/23;0000 UTC;;;;;;;;;;;;;;;;;;
2024/05/23;0100 UTC;;;;;;;;;;;;;;;;;;
2024/05/23;0200 UTC;;;;;;;;;;;;;;;;;;
2024/05/23;0300 UTC;;;;;;;;;;;;;;;;;;
2024/05/23;0400 UTC;;;;;;;;;;;;;;;;;;
2024/05/23;0500 UTC;;;;;;;;;;;;;;;;;;
2024/05/23;0600 UTC;;;;;;;;;;;;;;;;;;
2024/05/23;0700 UTC;;;;;;;;;;;;;;;;;;
2024/05/23;0800 UTC;;;;;;;;;;;;;;;;;;
2024/05/23;0900 UTC;;;;;;;;;;;;;;;;;;
2024/05/23;1000 UTC;;;;;;;;;;;;;;;;;;
2024/05/23;1100 UTC;;;;;;;;;;;;;;;;;;
2024/05/23;1200 UTC;;;;;;;;;;;;;;;;;;
2024/05/23;1300 UTC;;;;;;;;;;;;;;;;;;
2024/05/23;1400 UTC;;;;;;;;;;;;;;;;;;
2024/05/23;1500 UTC;;;;;;;;;;;;;;;;;;
2024/05/23;1600 UTC;;;;;;;;;;;;;;;;;;
2024/05/23;1700 UTC;;;;;;;;;;;;;;;;;;
2024/05/23;1800 UTC;;;;;;;;;;;;;;;;;;
2024/05/23;1900 UTC;;;;;;;;;;;;;;;;;;
2024/05/23;2000 UTC;;;;;;;;;;;;;;;;;;
2024/05/23;2100 UTC;;;;;;;;;;;;;;;;;;
2024/05/23;2200 UTC;;;;;;;;;;;;;;;;;;
2024/05/23;2300 UTC;;;;;;;;;;;;;;;;;;
2024/05/24;0000 UTC;;;;;;;;;;;;;;;;;;
2024/05/24;0100 UTC;;;;;;;;;;;;;;;;;;
2024/05/24;0200 UTC;;;;;;;;;;;;;;;;;;
2024/05/24;0300 UTC;;;;;;;;;;;;;;;;;;
2024/05/24;0400 UTC;;;;;;;;;;;;;;;;;;
2024/05/24;0500 UTC;;;;;;;;;;;;;;;;;;
2024/05/24;0600 UTC;;;;;;;;;;;;;;;;;;
2024/05/24;0700 UTC;;;;;;;;;;;;;;;;;;
2024/05/24;0800 UTC;;;;;;;;;;;;;;;;;;
2024/05/24;0900 UTC;;;;;;;;;;;;;;;;;;
2024/05/24;1000 UTC;;;;;;;;;;;;;;;;;;
2024/05/24;1100 UTC;;;;;;;;;;;;;;;;;;
2024/05/24;1200 UTC;;;;;;;;;;;;;;;;;;
2024/05/24;1300 UTC;;;;;;;;;;;;;;;;;;
2024/05/24;1400 UTC;;;;;;;;;;;;;;;;;;
2024/05/24;1500 UTC;;;;;;;;;;;;;;;;;;
2024/05/24;1600 UTC;;;;;;;;;;;;;;;;;;
2024/05/24;1700 UTC;;;;;;;;;;;;;;;;;;
2024/05/24;1800 UTC;;;;;;;;;;;;;;;;;;
2024/05/24;1900 UTC;;;;;;;;;;;;;;;;;;
2024/05/24;2000 UTC;;;;;;;;;;;;;;;;;;
2024/05/24;2100 UTC;;;;;;;;;;;;;;;;;;
2024/05/24;2200 UTC;;;;;;;;;;;;;;;;;;
2024/05/24;2300 UTC;;;;;;;;;;;;;;;;;;
2024/05/25;0000 UTC;;;;;;;;;;;;;;;;;;
2024/05/25;0100 UTC;;;;;;;;;;;;;;;;;;
2024/05/25;0200 UTC;;;;;;;;;;;;;;;;;;
2024/05/25;0300 UTC;;;;;;;;;;;;;;;;;;
2024/05/25;0400 UTC;;;;;;;;;;;;;;;;;;
2024/05/25;0500 UTC;;;;;;;;;;;;;;;;;;
2024/05/25;0600 UTC;;;;;;;;;;;;;;;;;;
2024/05/25;0700 UTC;;;;;;;;;;;;;;;;;;
2024/05/25;0800 UTC;;;;;;;;;;;;;;;;;;
2024/05/25;0900 UTC;;;;;;;;;;;;;;;;;;
2024/05/25;1000 UTC;;;;;;;;;;;;;;;;;;
2024/05/25;1100 UTC;;;;;;;;;;;;;;;;;;
2024/05/25;1200 UTC;;;;;;;;;;;;;;;;;;
2024/05/25;1300 UTC;;;;;;;;;;;;;;;;;;
2024/05/25;1400 UTC;;;;;;;;;;;;;;;;;;
2024/05/25;1500 UTC;;;;;;;;;;;;;;;;;;
2024/05/25;1600 UTC;;;;;;;;;;;;;;;;;;
2024/05/25;1700 UTC;;;;;;;;;;;;;;;;;;
2024/05/25;1800 UTC;;;;;;;;;;;;;;;;;;
2024/05/25;1900 UTC;;;;;;;;;;;;;;;;;;
2024/05/25;2000 UTC;;;;;;;;;;;;;;;;;;
2024/05/25;2100 UTC;;;;;;;;;;;;;;;;;;
2024/05/25;2200 UTC;;;;;;;;;;;;;;;;;;
2024/05/25;2300 UTC;;;;;;;;;;;;;;;;;;
2024/05/26;0000 UTC;;;;;;;;;;;;;;;;;;
2024/05/26;0100 UTC;;;;;;;;;;;;;;;;;;
2024/05/26;0200 UTC;;;;;;;;;;;;;;;;;;
2024/05/26;0300 UTC;;;;;;;;;;;;;;;;;;
2024/05/26;0400 UTC;;;;;;;;;;;;;;;;;;
2024/05/26;0500 UTC;;;;;;;;;;;;;;;;;;
2024/05/26;0600 UTC;;;;;;;;;;;;;;;;;;
2024/05/26;0700 UTC;;;;;;;;;;;;;;;;;;
2024/05/26;0800 UTC;;;;;;;;;;;;;;;;;;
2024/05/26;0900 UTC;;;;;;;;;;;;;;;;;;
2024/05/26;1000 UTC;;;;;;;;;;;;;;;;;;
2024/05/26;1100 UTC;;;;;;;;;;;;;;;;;;
2024/05/26;1200 UTC;;;;;;;;;;;;;;;;;;
2024/05/26;1300 UTC;;;;;;;;;;;;;;;;;;
2024/05/26;1400 UTC;;;;;;;;;;;;;;;;;;
2024/05/26;1500 UTC;;;;;;;;;;;;;;;;;;
2024/05/26;1600 UTC;;;;;;;;;;;;;;;;;;
2024/05/26;1700 UTC;;;;;;;;;;;;;;;;;;
2024/05/26;1800 UTC;;;;;;;;;;;;;;;;;;
2024/05/26;1900 UTC;;;;;;;;;;;;;;;;;;
2024/05/26;2000 UTC;;;;;;;;;;;;;;;;;;
2024/05/26;2100 UTC;;;;;;;;;;;;;;;;;;
2024/05/26;2200 UTC;;;;;;;;;;;;;;;;;;
2024/05/26;2300 UTC;;;;;;;;;;;;;;;;;;
2024/05/27;0000 UTC;;;;;;;;;;;;;;;;;;
2024/05/27;0100 UTC;;;;;;;;;;;;;;;;;;
2024/05/27;0200 UTC;;;;;;;;;;;;;;;;;;
2024/05/27;0300 UTC;;;;;;;;;;;;;;;;;;
2024/05/27;0400 UTC;;;;;;;;;;;;;;;;;;
2024/05/27;0500 UTC;;;;;;;;;;;;;;;;;;
2024/05/27;0600 UTC;;;;;;;;;;;;;;;;;;
2024/05/27;0700 UTC;;;;;;;;;;;;;;;;;;
2024/05/27;0800 UTC;;;;;;;;;;;;;;;;;;
2024/05/27;0900 UTC;;;;;;;;;;;;;;;;;;
2024/05/27;1000 UTC;;;;;;;;;;;;;;;;;;
2024/05/27;1100 UTC;;;;;;;;;;;;;;;;;;
2024/05/27;1200 UTC;;;;;;;;;;;;;;;;;;
2024/05/27;1300 UTC;;;;;;;;;;;;;;;;;;
2024/05/27;1400 UTC;;;;;;;;;;;;;;;;;;
2024/05/27;1500 UTC;;;;;;;;;;;;;;;;;;
2024/05/27;1600 UTC;;;;;;;;;;;;;;;;;;
2024/05/27;1700 UTC;;;;;;;;;;;;;;;;;;
2024/05/27;1800 UTC;;;;;;;;;;;;;;;;;;
2024/05/27;1900 UTC;;;;;;;;;;;;;;;;;;
2024/05/27;2000 UTC;;;;;;;;;;;;;;;;;;
2024/05/27;2100 UTC;;;;;;;;;;;;;;;;;;
2024/05/27;2200 UTC;;;;;;;;;;;;;;;;;;
2024/05/27;2300 UTC;;;;;;;;;;;;;;;;;;
2024/05/28;0000 UTC;;;;;;;;;;;;;;;;;;
2024/05/28;0100 UTC;;;;;;;;;;;;;;;;;;
2024/05/28;0200 UTC;;;;;;;;;;;;;;;;;;
2024/05/28;0300 UTC;;;;;;;;;;;;;;;;;;
2024/05/28;0400 UTC;;;;;;;;;;;;;;;;;;
2024/05/28;0500 UTC;;;;;;;;;;;;;;;;;;
2024/05/28;0600 UTC;;;;;;;;;;;;;;;;;;
2024/05/28;0700 UTC;;;;;;;;;;;;;;;;;;
2024/05/28;0800 UTC;;;;;;;;;;;;;;;;;;
2024/05/28;0900 UTC;;;;;;;;;;;;;;;;;;
2024/05/28;1000 UTC;;;;;;;;;;;;;;;;;;
2024/05/28;1100 UTC;;;;;;;;;;;;;;;;;;
2024/05/28;1200 UTC;;;;;;;;;;;;;;;;;;
2024/05/28;1300 UTC;;;;;;;;;;;;;;;;;;
2024/05/28;1400 UTC;;;;;;;;;;;;;;;;;;
2024/05/28;1500 UTC;;;;;;;;;;;;;;;;;;
2024/05/28;1600 UTC;;;;;;;;;;;;;;;;;;
2024/05/28;1700 UTC;;;;;;;;;;;;;;;;;;
2024/05/28;1800 UTC;;;;;;;;;;;;;;;;;;
2024/05/28;1900 UTC;;;;;;;;;;;;;;;;;;
2024/05/28;2000 UTC;;;;;;;;;;;;;;;;;;
2024/05/28;2100 UTC;;;;;;;;;;;;;;;;;;
2024/05/28;2200 UTC;;;;;;;;;;;;;;;;;;
2024/05/28;2300 UTC;;;;;;;;;;;;;;;;;;
2024/05/29;0000 UTC;;;;;;;;;;;;;;;;;;
2024/05/29;0100 UTC;;;;;;;;;;;;;;;;;;
2024/05/29;0200 UTC;;;;;;;;;;;;;;;;;;
2024/05/29;0300 UTC;;;;;;;;;;;;;;;;;;
2024/05/29;0400 UTC;;;;;;;;;;;;;;;;;;
2024/05/29;0500 UTC;;;;;;;;;;;;;;;;;;
2024/05/29;0600 UTC;;;;;;;;;;;;;;;;;;
2024/05/29;0700 UTC;;;;;;;;;;;;;;;;;;
2024/05/29;0800 UTC;;;;;;;;;;;;;;;;;;
2024/05/29;0900 UTC;;;;;;;;;;;;;;;;;;
2024/05/29;1000 UTC;;;;;;;;;;;;;;;;;;
2024/05/29;1100 UTC;;;;;;;;;;;;;;;;;;
2024/05/29;1200 UTC;;;;;;;;;;;;;;;;;;
2024/05/29;1300 UTC;;;;;;;;;;;;;;;;;;
2024/05/29;1400 UTC;;;;;;;;;;;;;;;;;;
2024/05/29;1500 UTC;;;;;;;;;;;;;;;;;;
2024/05/29;1600 UTC;;;;;;;;;;;;;;;;;;
2024/05/29;1700 UTC;;;;;;;;;;;;;;;;;;
2024/05/29;1800 UTC;;;;;;;;;;;;;;;;;;
2024/05/29;1900 UTC;;;;;;;;;;;;;;;;;;
2024/05/29;2000 UTC;;;;;;;;;;;;;;;;;;
2024/05/29;2100 UTC;;;;;;;;;;;;;;;;;;
2024/05/29;2200 UTC;;;;;;;;;;;;;;;;;;
2024/05/29;2300 UTC;;;;;;;;;;;;;;;;;;
2024/05/30;0000 UTC;;;;;;;;;;;;;;;;;;
2024/05/30;0100 UTC;;;;;;;;;;;;;;;;;;
2024/05/30;0200 UTC;;;;;;;;;;;;;;;;;;
2024/05/30;0300 UTC;;;;;;;;;;;;;;;;;;
2024/05/30;0400 UTC;;;;;;;;;;;;;;;;;;
2024/05/30;0500 UTC;;;;;;;;;;;;;;;;;;
2024/05/30;0600 UTC;;;;;;;;;;;;;;;;;;
2024/05/30;0700 UTC;;;;;;;;;;;;;;;;;;
2024/05/30;0800 UTC;;;;;;;;;;;;;;;;;;
2024/05/30;0900 UTC;;;;;;;;;;;;;;;;;;
2024/05/30;1000 UTC;;;;;;;;;;;;;;;;;;
2024/05/30;1100 UTC;;;;;;;;;;;;;;;;;;
2024/05/30;1200 UTC;;;;;;;;;;;;;;;;;;
2024/05/30;1300 UTC;;;;;;;;;;;;;;;;;;
2024/05/30;1400 UTC;;;;;;;;;;;;;;;;;;
2024/05/30;1500 UTC;;;;;;;;;;;;;;;;;;
2024/05/30;1600 UTC;;;;;;;;;;;;;;;;;;
2024/05/30;1700 UTC;;;;;;;;;;;;;;;;;;
2024/05/30;1800 UTC;;;;;;;;;;;;;;;;;;
2024/05/30;1900 UTC;;;;;;;;;;;;;;;;;;
2024/05/30;2000 UTC;;;;;;;;;;;;;;;;;;
2024/05/30;2100 UTC;;;;;;;;;;;;;;;;;;
2024/05/30;2200 UTC;;;;;;;;;;;;;;;;;;
2024/05/30;2300 UTC;;;;;;;;;;;;;;;;;;
2024/05/31;0000 UTC;;;;;;;;;;;;;;;;;;
2024/05/31;0100 UTC;;;;;;;;;;;;;;;;;;
2024/05/31;0200 UTC;;;;;;;;;;;;;;;;;;
2024/05/31;0300 UTC;;;;;;;;;;;;;;;;;;
2024/05/31;0400 UTC;;;;;;;;;;;;;;;;;;
2024/05/31;0500 UTC;;;;;;;;;;;;;;;;;;
2024/05/31;0600 UTC;;;;;;;;;;;;;;;;;;
2024/05/31;0700 UTC;;;;;;;;;;;;;;;;;;
2024/05/31;0800 UTC;;;;;;;;;;;;;;;;;;
2024/05/31;0900 UTC;;;;;;;;;;;;;;;;;;
2024/05/31;1000 UTC;;;;;;;;;;;;;;;;;;
2024/05/31;1100 UTC;;;;;;;;;;;;;;;;;;
2024/05/31;1200 UTC;;;;;;;;;;;;;;;;;;
2024/05/31;1300 UTC;;;;;;;;;;;;;;;;;;
2024/05/31;1400 UTC;;;;;;;;;;;;;;;;;;
2024/05/31;1500 UTC;;;;;;;;;;;;;;;;;;
2024/05/31;1600 UTC;;;;;;;;;;;;;;;;;;
2024/05/31;1700 UTC;;;;;;;;;;;;;;;;;;
2024/05/31;1800 UTC;;;;;;;;;;;;;;;;;;
2024/05/31;1900 UTC;;;;;;;;;;;;;;;;;;
2024/05/31;2000 UTC;;;;;;;;;;;;;;;;;;
2024/05/31;2100 UTC;;;;;;;;;;;;;;;;;;
2024/05/31;2200 UTC;;;;;;;;;;;;;;;;;;
2024/05/31;2300 UTC;;;;;;;;;;;;;;;;;;
2024/06/01;0000 UTC;;;;;;;;;;;;;;;;;;
2024/06/01;0100 UTC;;;;;;;;;;;;;;;;;;
2024/06/01;0200 UTC;;;;;;;;;;;;;;;;;;
2024/06/01;0300 UTC;;;;;;;;;;;;;;;;;;
2024/06/01;0400 UTC;;;;;;;;;;;;;;;;;;
2024/06/01;0500 UTC;;;;;;;;;;;;;;;;;;
2024/06/01;0600 UTC;;;;;;;;;;;;;;;;;;
2024/06/01;0700 UTC;;;;;;;;;;;;;;;;;;
2024/06/01;0800 UTC;;;;;;;;;;;;;;;;;;
2024/06/01;0900 UTC;;;;;;;;;;;;;;;;;;
2024/06/01;1000 UTC;;;;;;;;;;;;;;;;;;
2024/06/01;1100 UTC;;;;;;;;;;;;;;;;;;
2024/06/01;1200 UTC;;;;;;;;;;;;;;;;;;
2024/06/01;1300 UTC;;;;;;;;;;;;;;;;;;
2024/06/01;1400 UTC;;;;;;;;;;;;;;;;;;
2024/06/01;1500 UTC;;;;;;;;;;;;;;;;;;
2024/06/01;1600 UTC;;;;;;;;;;;;;;;;;;
2024/06/01;1700 UTC;;;;;;;;;;;;;;;;;;
2024/06/01;1800 UTC;;;;;;;;;;;;;;;;;;
2024/06/01;1900 UTC;;;;;;;;;;;;;;;;;;
2024/06/01;2000 UTC;;;;;;;;;;;;;;;;;;
2024/06/01;2100 UTC;;;;;;;;;;;;;;;;;;
2024/06/01;2200 UTC;;;;;;;;;;;;;;;;;;
2024/06/01;2300 UTC;;;;;;;;;;;;;;;;;;
2024/06/02;0000 UTC;;;;;;;;;;;;;;;;;;
2024/06/02;0100 UTC;;;;;;;;;;;;;;;;;;
2024/06/02;0200 UTC;;;;;;;;;;;;;;;;;;
2024/06/02;0300 UTC;;;;;;;;;;;;;;;;;;
2024/06/02;0400 UTC;;;;;;;;;;;;;;;;;;
2024/06/02;0500 UTC;;;;;;;;;;;;;;;;;;
2024/06/02;0600 UTC;;;;;;;;;;;;;;;;;;
2024/06/02;0700 UTC;;;;;;;;;;;;;;;;;;
2024/06/02;0800 UTC;;;;;;;;;;;;;;;;;;
2024/06/02;0900 UTC;;;;;;;;;;;;;;;;;;
2024/06/02;1000 UTC;;;;;;;;;;;;;;;;;;
2024/06/02;1100 UTC;;;;;;;;;;;;;;;;;;
2024/06/02;1200 UTC;;;;;;;;;;;;;;;;;;
2024/06/02;1300 UTC;;;;;;;;;;;;;;;;;;
2024/06/02;1400 UTC;;;;;;;;;;;;;;;;;;
2024/06/02;1500 UTC;;;;;;;;;;;;;;;;;;
2024/06/02;1600 UTC;;;;;;;;;;;;;;;;;;
2024/06/02;1700 UTC;;;;;;;;;;;;;;;;;;
2024/06/02;1800 UTC;;;;;;;;;;;;;;;;;;
2024/06/02;1900 UTC;;;;;;;;;;;;;;;;;;
2024/06/02;2000 UTC;;;;;;;;;;;;;;;;;;
2024/06/02;2100 UTC;;;;;;;;;;;;;;;;;;
2024/06/02;2200 UTC;;;;;;;;;;;;;;;;;;
2024/06/02;2300 UTC;;;;;;;;;;;;;;;;;;
2024/06/03;0000 UTC;;;;;;;;;;;;;;;;;;
2024/06/03;0100 UTC;;;;;;;;;;;;;;;;;;
2024/06/03;0200 UTC;;;;;;;;;;;;;;;;;;
2024/06/03;0300 UTC;;;;;;;;;;;;;;;;;;
2024/06/03;0400 UTC;;;;;;;;;;;;;;;;;;
2024/06/03;0500 UTC;;;;;;;;;;;;;;;;;;
2024/06/03;0600 UTC;;;;;;;;;;;;;;;;;;
2024/06/03;0700 UTC;;;;;;;;;;;;;;;;;;
2024/06/03;0800 UTC;;;;;;;;;;;;;;;;;;
2024/06/03;0900 UTC;;;;;;;;;;;;;;;;;;
2024/06/03;1000 UTC;;;;;;;;;;;;;;;;;;
2024/06/03;1100 UTC;;;;;;;;;;;;;;;;;;
2024/06/03;1200 UTC;;;;;;;;;;;;;;;;;;
2024/06/03;1300 UTC;;;;;;;;;;;;;;;;;;
2024/06/03;1400 UTC;;;;;;;;;;;;;;;;;;
2024/06/03;1500 UTC;;;;;;;;;;;;;;;;;;
2024/06/03;1600 UTC;;;;;;;;;;;;;;;;;;
2024/06/03;1700 UTC;;;;;;;;;;;;;;;;;;
2024/06/03;1800 UTC;;;;;;;;;;;;;;;;;;
2024/06/03;1900 UTC;;;;;;;;;;;;;;;;;;
2024/06/03;2000 UTC;;;;;;;;;;;;;;;;;;
2024/06/03;2100 UTC;;;;;;;;;;;;;;;;;;
2024/06/03;2200 UTC;;;;;;;;;;;;;;;;;;
2024/06/03;2300 UTC;;;;;;;;;;;;;;;;;;
2024/06/04;0000 UTC;;;;;;;;;;;;;;;;;;
2024/06/04;0100 UTC;;;;;;;;;;;;;;;;;;
2024/06/04;0200 UTC;;;;;;;;;;;;;;;;;;
2024/06/04;0300 UTC;;;;;;;;;;;;;;;;;;
2024/06/04;0400 UTC;;;;;;;;;;;;;;;;;;
2024/06/04;0500 UTC;;;;;;;;;;;;;;;;;;
2024/06/04;0600 UTC;;;;;;;;;;;;;;;;;;
2024/06/04;0700 UTC;;;;;;;;;;;;;;;;;;
2024/06/04;0800 UTC;;;;;;;;;;;;;;;;;;
2024/06/04;0900 UTC;;;;;;;;;;;;;;;;;;
2024/06/04;1000 UTC;;;;;;;;;;;;;;;;;;
2024/06/04;1100 UTC;;;;;;;;;;;;;;;;;;
2024/06/04;1200 UTC;;;;;;;;;;;;;;;;;;
2024/06/04;1300 UTC;;;;;;;;;;;;;;;;;;
2024/06/04;1400 UTC;;;;;;;;;;;;;;;;;;
2024/06/04;1500 UTC;;;;;;;;;;;;;;;;;;
2024/06/04;1600 UTC;;;;;;;;;;;;;;;;;;
2024/06/04;1700 UTC;;;;;;;;;;;;;;;;;;
2024/06/04;1800 UTC;;;;;;;;;;;;;;;;;;
2024/06/04;1900 UTC;;;;;;;;;;;;;;;;;;
2024/06/04;2000 UTC;;;;;;;;;;;;;;;;;;
2024/06/04;2100 UTC;;;;;;;;;;;;;;;;;;
2024/06/04;2200 UTC;;;;;;;;;;;;;;;;;;
2024/06/04;2300 UTC;;;;;;;;;;;;;;;;;;
2024/06/05;0000 UTC;;;;;;;;;;;;;;;;;;
2024/06/05;0100 UTC;;;;;;;;;;;;;;;;;;
2024/06/05;0200 UTC;;;;;;;;;;;;;;;;;;
2024/06/05;0300 UTC;;;;;;;;;;;;;;;;;;
2024/06/05;0400 UTC;;;;;;;;;;;;;;;;;;
2024/06/05;0500 UTC;;;;;;;;;;;;;;;;;;
2024/06/05;0600 UTC;;;;;;;;;;;;;;;;;;
2024/06/05;0700 UTC;;;;;;;;;;;;;;;;;;
2024/06/05;0800 UTC;;;;;;;;;;;;;;;;;;
2024/06/05;0900 UTC;;;;;;;;;;;;;;;;;;
2024/06/05;1000 UTC;;;;;;;;;;;;;;;;;;
2024/06/05;1100 UTC;;;;;;;;;;;;;;;;;;
2024/06/05;1200 UTC;;;;;;;;;;;;;;;;;;
2024/06/05;1300 UTC;;;;;;;;;;;;;;;;;;
2024/06/05;1400 UTC;;;;;;;;;;;;;;;;;;
2024/06/05;1500 UTC;;;;;;;;;;;;;;;;;;
2024/06/05;1600 UTC;;;;;;;;;;;;;;;;;;
2024/06/05;1700 UTC;;;;;;;;;;;;;;;;;;
2024/06/05;1800 UTC;;;;;;;;;;;;;;;;;;
2024/06/05;1900 UTC;;;;;;;;;;;;;;;;;;
2024/06/05;2000 UTC;;;;;;;;;;;;;;;;;;
2024/06/05;2100 UTC;;;;;;;;;;;;;;;;;;
2024/06/05;2200 UTC;;;;;;;;;;;;;;;;;;
2024/06/05;2300 UTC;;;;;;;;;;;;;;;;;;
2024/06/06;0000 UTC;;;;;;;;;;;;;;;;;;
2024/06/06;0100 UTC;;;;;;;;;;;;;;;;;;
2024/06/06;0200 UTC;;;;;;;;;;;;;;;;;;
2024/06/06;0300 UTC;;;;;;;;;;;;;;;;;;
2024/06/06;0400 UTC;;;;;;;;;;;;;;;;;;
2024/06/06;0500 UTC;;;;;;;;;;;;;;;;;;
2024/06/06;0600 UTC;;;;;;;;;;;;;;;;;;
2024/06/06;0700 UTC;;;;;;;;;;;;;;;;;;
2024/06/06;0800 UTC;;;;;;;;;;;;;;;;;;
2024/06/06;0900 UTC;;;;;;;;;;;;;;;;;;
2024/06/06;1000 UTC;;;;;;;;;;;;;;;;;;
2024/06/06;1100 UTC;;;;;;;;;;;;;;;;;;
2024/06/06;1200 UTC;;;;;;;;;;;;;;;;;;
2024/06/06;1300 UTC;;;;;;;;;;;;;;;;;;
2024/06/06;1400 UTC;;;;;;;;;;;;;;;;;;
2024/06/06;1500 UTC;;;;;;;;;;;;;;;;;;
2024/06/06;1600 UTC;;;;;;;;;;;;;;;;;;
2024/06/06;1700 UTC;;;;;;;;;;;;;;;;;;
2024/06/06;1800 UTC;;;;;;;;;;;;;;;;;;
2024/06/06;1900 UTC;;;;;;;;;;;;;;;;;;
2024/06/06;2000 UTC;;;;;;;;;;;;;;;;;;
2024/06/06;2100 UTC;;;;;;;;;;;;;;;;;;
2024/06/06;2200 UTC;;;;;;;;;;;;;;;;;;
2024/06/06;2300 UTC;;;;;;;;;;;;;;;;;;
2024/06/07;0000 UTC;;;;;;;;;;;;;;;;;;
2024/06/07;0100 UTC;;;;;;;;;;;;;;;;;;
2024/06/07;0200 UTC;;;;;;;;;;;;;;;;;;
2024/06/07;0300 UTC;;;;;;;;;;;;;;;;;;
2024/06/07;0400 UTC;;;;;;;;;;;;;;;;;;
2024/06/07;0500 UTC;;;;;;;;;;;;;;;;;;
2024/06/07;0600 UTC;;;;;;;;;;;;;;;;;;
2024/06/07;0700 UTC;;;;;;;;;;;;;;;;;;
2024/06/07;0800 UTC;;;;;;;;;;;;;;;;;;
2024/06/07;0900 UTC;;;;;;;;;;;;;;;;;;
2024/06/07;1000 UTC;;;;;;;;;;;;;;;;;;
2024/06/07;1100 UTC;;;;;;;;;;;;;;;;;;
2024/06/07;1200 UTC;;;;;;;;;;;;;;;;;;
2024/06/07;1300 UTC;;;;;;;;;;;;;;;;;;
2024/06/07;1400 UTC;;;;;;;;;;;;;;;;;;
2024/06/07;1500 UTC;;;;;;;;;;;;;;;;;;
2024/06/07;1600 UTC;;;;;;;;;;;;;;;;;;
2024/06/07;1700 UTC;;;;;;;;;;;;;;;;;;
2024/06/07;1800 UTC;;;;;;;;;;;;;;;;;;
2024/06/07;1900 UTC;;;;;;;;;;;;;;;;;;
2024/06/07;2000 UTC;;;;;;;;;;;;;;;;;;
2024/06/07;2100 UTC;;;;;;;;;;;;;;;;;;
2024/06/07;2200 UTC;;;;;;;;;;;;;;;;;;
2024/06/07;2300 UTC;;;;;;;;;;;;;;;;;;
2024/06/08;0000 UTC;;;;;;;;;;;;;;;;;;
2024/06/08;0100 UTC;;;;;;;;;;;;;;;;;;
2024/06/08;0200 UTC;;;;;;;;;;;;;;;;;;
2024/06/08;0300 UTC;;;;;;;;;;;;;;;;;;
2024/06/08;0400 UTC;;;;;;;;;;;;;;;;;;
2024/06/08;0500 UTC;;;;;;;;;;;;;;;;;;
2024/06/08;0600 UTC;;;;;;;;;;;;;;;;;;
2024/06/08;0700 UTC;;;;;;;;;;;;;;;;;;
2024/06/08;0800 UTC;;;;;;;;;;;;;;;;;;
2024/06/08;0900 UTC;;;;;;;;;;;;;;;;;;
2024/06/08;1000 UTC;;;;;;;;;;;;;;;;;;
2024/06/08;1100 UTC;;;;;;;;;;;;;;;;;;
2024/06/08;1200 UTC;;;;;;;;;;;;;;;;;;
2024/06/08;1300 UTC;;;;;;;;;;;;;;;;;;
2024/06/08;1400 UTC;;;;;;;;;;;;;;;;;;
2024/06/08;1500 UTC;;;;;;;;;;;;;;;;;;
2024/06/08;1600 UTC;;;;;;;;;;;;;;;;;;
2024/06/08;1700 UTC;;;;;;;;;;;;;;;;;;
2024/06/08;1800 UTC;;;;;;;;;;;;;;;;;;
2024/06/08;1900 UTC;;;;;;;;;;;;;;;;;;
2024/06/08;2000 UTC;;;;;;;;;;;;;;;;;;
2024/06/08;2100 UTC;;;;;;;;;;;;;;;;;;
2024/06/08;2200 UTC;;;;;;;;;;;;;;;;;;
2024/06/08;2300 UTC;;;;;;;;;;;;;;;;;;
2024/06/09;0000 UTC;;;;;;;;;;;;;;;;;;
2024/06/09;0100 UTC;;;;;;;;;;;;;;;;;;
2024/06/09;0200 UTC;;;;;;;;;;;;;;;;;;
2024/06/09;0300 UTC;;;;;;;;;;;;;;;;;;
2024/06/09;0400 UTC;;;;;;;;;;;;;;;;;;
2024/06/09;0500 UTC;;;;;;;;;;;;;;;;;;
2024/06/09;0600 UTC;;;;;;;;;;;;;;;;;;
2024/06/09;0700 UTC;;;;;;;;;;;;;;;;;;
2024/06/09;0800 UTC;;;;;;;;;;;;;;;;;;
2024/06/09;0900 UTC;;;;;;;;;;;;;;;;;;
2024/06/09;1000 UTC;;;;;;;;;;;;;;;;;;
2024/06/09;1100 UTC;;;;;;;;;;;;;;;;;;
2024/06/09;1200 UTC;;;;;;;;;;;;;;;;;;
2024/06/09;1300 UTC;;;;;;;;;;;;;;;;;;
2024/06/09;1400 UTC;;;;;;;;;;;;;;;;;;
2024/06/09;1500 UTC;;;;;;;;;;;;;;;;;;
2024/06/09;1600 UTC;;;;;;;;;;;;;;;;;;
2024/06/09;1700 UTC;;;;;;;;;;;;;;;;;;
2024/06/09;1800 UTC;;;;;;;;;;;;;;;;;;
2024/06/09;1900 UTC;;;;;;;;;;;;;;;;;;
2024/06/09;2000 UTC;;;;;;;;;;;;;;;;;;
2024/06/09;2100 UTC;;;;;;;;;;;;;;;;;;
2024/06/09;2200 UTC;;;;;;;;;;;;;;;;;;
2024/06/09;2300 UTC;;;;;;;;;;;;;;;;;;
2024/06/10;0000 UTC;;;;;;;;;;;;;;;;;;
2024/06/10;0100 UTC;;;;;;;;;;;;;;;;;;
2024/06/10;0200 UTC;;;;;;;;;;;;;;;;;;
2024/06/10;0300 UTC;;;;;;;;;;;;;;;;;;
2024/06/10;0400 UTC;;;;;;;;;;;;;;;;;;
2024/06/10;0500 UTC;;;;;;;;;;;;;;;;;;
2024/06/10;0600 UTC;;;;;;;;;;;;;;;;;;
2024/06/10;0700 UTC;;;;;;;;;;;;;;;;;;
2024/06/10;0800 UTC;;;;;;;;;;;;;;;;;;
2024/06/10;0900 UTC;;;;;;;;;;;;;;;;;;
2024/06/10;1000 UTC;;;;;;;;;;;;;;;;;;
2024/06/10;1100 UTC;;;;;;;;;;;;;;;;;;
2024/06/10;1200 UTC;;;;;;;;;;;;;;;;;;
2024/06/10;1300 UTC;;;;;;;;;;;;;;;;;;
2024/06/10;1400 UTC;;;;;;;;;;;;;;;;;;
2024/06/10;1500 UTC;;;;;;;;;;;;;;;;;;
2024/06/10;1600 UTC;;;;;;;;;;;;;;;;;;
2024/06/10;1700 UTC;;;;;;;;;;;;;;;;;;
2024/06/10;1800 UTC;;;;;;;;;;;;;;;;;;
2024/06/10;1900 UTC;;;;;;;;;;;;;;;;;;
2024/06/10;2000 UTC;;;;;;;;;;;;;;;;;;
2024/06/10;2100 UTC;;;;;;;;;;;;;;;;;;
2024/06/10;2200 UTC;;;;;;;;;;;;;;;;;;
2024/06/10;2300 UTC;;;;;;;;;;;;;;;;;;
2024/06/11;0000 UTC;;;;;;;;;;;;;;;;;;
2024/06/11;0100 UTC;;;;;;;;;;;;;;;;;;
2024/06/11;0200 UTC;;;;;;;;;;;;;;;;;;
2024/06/11;0300 UTC;;;;;;;;;;;;;;;;;;
2024/06/11;0400 UTC;;;;;;;;;;;;;;;;;;
2024/06/11;0500 UTC;;;;;;;;;;;;;;;;;;
2024/06/11;0600 UTC;;;;;;;;;;;;;;;;;;
2024/06/11;0700 UTC;;;;;;;;;;;;;;;;;;
2024/06/11;0800 UTC;;;;;;;;;;;;;;;;;;
2024/06/11;0900 UTC;;;;;;;;;;;;;;;;;;
2024/06/11;1000 UTC;;;;;;;;;;;;;;;;;;
2024/06/11;1100 UTC;;;;;;;;;;;;;;;;;;
2024/06/11;1200 UTC;;;;;;;;;;;;;;;;;;
2024/06/11;1300 UTC;;;;;;;;;;;;;;;;;;
2024/06/11;1400 UTC;;;;;;;;;;;;;;;;;;
2024/06/11;1500 UTC;;;;;;;;;;;;;;;;;;
2024/06/11;1600 UTC;;;;;;;;;;;;;;;;;;
2024/06/11;1700 UTC;;;;;;;;;;;;;;;;;;
2024/06/11;1800 UTC;;;;;;;;;;;;;;;;;;
2024/06/11;1900 UTC;;;;;;;;;;;;;;;;;;
2024/06/11;2000 UTC;;;;;;;;;;;;;;;;;;
2024/06/11;2100 UTC;;;;;;;;;;;;;;;;;;
2024/06/11;2200 UTC;;;;;;;;;;;;;;;;;;
2024/06/11;2300 UTC;;;;;;;;;;;;;;;;;;
2024/06/12;0000 UTC;;;;;;;;;;;;;;;;;;
2024/06/12;0100 UTC;;;;;;;;;;;;;;;;;;
2024/06/12;0200 UTC;;;;;;;;;;;;;;;;;;
2024/06/12;0300 UTC;;;;;;;;;;;;;;;;;;
2024/06/12;0400 UTC;;;;;;;;;;;;;;;;;;
2024/06/12;0500 UTC;;;;;;;;;;;;;;;;;;
2024/06/12;0600 UTC;;;;;;;;;;;;;;;;;;
2024/06/12;0700 UTC;;;;;;;;;;;;;;;;;;
2024/06/12;0800 UTC;;;;;;;;;;;;;;;;;;
2024/06/12;0900 UTC;;;;;;;;;;;;;;;;;;
2024/06/12;1000 UTC;;;;;;;;;;;;;;;;;;
2024/06/12;1100 UTC;;;;;;;;;;;;;;;;;;
2024/06/12;1200 UTC;;;;;;;;;;;;;;;;;;
2024/06/12;1300 UTC;;;;;;;;;;;;;;;;;;
2024/06/12;1400 UTC;;;;;;;;;;;;;;;;;;
2024/06/12;1500 UTC;;;;;;;;;;;;;;;;;;
2024/06/12;1600 UTC;;;;;;;;;;;;;;;;;;
2024/06/12;1700 UTC;;;;;;;;;;;;;;;;;;
2024/06/12;1800 UTC;;;;;;;;;;;;;;;;;;
2024/06/12;1900 UTC;;;;;;;;;;;;;;;;;;
2024/06/12;2000 UTC;;;;;;;;;;;;;;;;;;
2024/06/12;2100 UTC;;;;;;;;;;;;;;;;;;
2024/06/12;2200 UTC;;;;;;;;;;;;;;;;;;
2024/06/12;2300 UTC;;;;;;;;;;;;;;;;;;
2024/06/13;0000 UTC;;;;;;;;;;;;;;;;;;
2024/06/13;0100 UTC;;;;;;;;;;;;;;;;;;
2024/06/13;0200 UTC;;;;;;;;;;;;;;;;;;
2024/06/13;0300 UTC;;;;;;;;;;;;;;;;;;
2024/06/13;0400 UTC;;;;;;;;;;;;;;;;;;
2024/06/13;0500 UTC;;;;;;;;;;;;;;;;;;
2024/06/13;0600 UTC;;;;;;;;;;;;;;;;;;
2024/06/13;0700 UTC;;;;;;;;;;;;;;;;;;
2024/06/13;0800 UTC;;;;;;;;;;;;;;;;;;
2024/06/13;0900 UTC;;;;;;;;;;;;;;;;;;
2024/06/13;1000 UTC;;;;;;;;;;;;;;;;;;
2024/06/13;1100 UTC;;;;;;;;;;;;;;;;;;
2024/06/13;1200 UTC;;;;;;;;;;;;;;;;;;
2024/06/13;1300 UTC;;;;;;;;;;;;;;;;;;
2024/06/13;1400 UTC;;;;;;;;;;;;;;;;;;
2024/06/13;1500 UTC;;;;;;;;;;;;;;;;;;
2024/06/13;1600 UTC;;;;;;;;;;;;;;;;;;
2024/06/13;1700 UTC;;;;;;;;;;;;;;;;;;
2024/06/13;1800 UTC;;;;;;;;;;;;;;;;;;
2024/06/13;1900 UTC;;;;;;;;;;;;;;;;;;
2024/06/13;2000 UTC;;;;;;;;;;;;;;;;;;
2024/06/13;2100 UTC;;;;;;;;;;;;;;;;;;
2024/06/13;2200 UTC;;;;;;;;;;;;;;;;;;
2024/06/13;2300 UTC;;;;;;;;;;;;;;;;;;
2024/06/14;0000 UTC;;;;;;;;;;;;;;;;;;
2024/06/14;0100 UTC;;;;;;;;;;;;;;;;;;
2024/06/14;0200 UTC;;;;;;;;;;;;;;;;;;
2024/06/14;0300 UTC;;;;;;;;;;;;;;;;;;
2024/06/14;0400 UTC;;;;;;;;;;;;;;;;;;
2024/06/14;0500 UTC;;;;;;;;;;;;;;;;;;
2024/06/14;0600 UTC;;;;;;;;;;;;;;;;;;
2024/06/14;0700 UTC;;;;;;;;;;;;;;;;;;
2024/06/14;0800 UTC;;;;;;;;;;;;;;;;;;
2024/06/14;0900 UTC;;;;;;;;;;;;;;;;;;
2024/06/14;1000 UTC;;;;;;;;;;;;;;;;;;
2024/06/14;1100 UTC;;;;;;;;;;;;;;;;;;
2024/06/14;1200 UTC;;;;;;;;;;;;;;;;;;
2024/06/14;1300 UTC;;;;;;;;;;;;;;;;;;
2024/06/14;1400 UTC;;;;;;;;;;;;;;;;;;
2024/06/14;1500 UTC;;;;;;;;;;;;;;;;;;
2024/06/14;1600 UTC;;;;;;;;;;;;;;;;;;
2024/06/14;1700 UTC;;;;;;;;;;;;;;;;;;
2024/06/14;1800 UTC;;;;;;;;;;;;;;;;;;
2024/06/14;1900 UTC;;;;;;;;;;;;;;;;;;
2024/06/14;2000 UTC;;;;;;;;;;;;;;;;;;
2024/06/14;2100 UTC;;;;;;;;;;;;;;;;;;
2024/06/14;2200 UTC;;;;;;;;;;;;;;;;;;
2024/06/14;2300 UTC;;;;;;;;;;;;;;;;;;
2024/06/15;0000 UTC;;;;;;;;;;;;;;;;;;
2024/06/15;0100 UTC;;;;;;;;;;;;;;;;;;
2024/06/15;0200 UTC;;;;;;;;;;;;;;;;;;
2024/06/15;0300 UTC;;;;;;;;;;;;;;;;;;
2024/06/15;0400 UTC;;;;;;;;;;;;;;;;;;
2024/06/15;0500 UTC;;;;;;;;;;;;;;;;;;
2024/06/15;0600 UTC;;;;;;;;;;;;;;;;;;
2024/06/15;0700 UTC;;;;;;;;;;;;;;;;;;
2024/06/15;0800 UTC;;;;;;;;;;;;;;;;;;
2024/06/15;0900 UTC;;;;;;;;;;;;;;;;;;
2024/06/15;1000 UTC;;;;;;;;;;;;;;;;;;
2024/06/15;1100 UTC;;;;;;;;;;;;;;;;;;
2024/06/15;1200 UTC;;;;;;;;;;;;;;;;;;
2024/06/15;1300 UTC;;;;;;;;;;;;;;;;;;
2024/06/15;1400 UTC;;;;;;;;;;;;;;;;;;
2024/06/15;1500 UTC;;;;;;;;;;;;;;;;;;
2024/06/15;1600 UTC;;;;;;;;;;;;;;;;;;
2024/06/15;1700 UTC;;;;;;;;;;;;;;;;;;
2024/06/15;1800 UTC;;;;;;;;;;;;;;;;;;
2024/06/15;1900 UTC;;;;;;;;;;;;;;;;;;
2024/06/15;2000 UTC;;;;;;;;;;;;;;;;;;
2024/06/15;2100 UTC;;;;;;;;;;;;;;;;;;
2024/06/15;2200 UTC;;;;;;;;;;;;;;;;;;
2024/06/15;2300 UTC;;;;;;;;;;;;;;;;;;
2024/06/16;0000 UTC;;;;;;;;;;;;;;;;;;
2024/06/16;0100 UTC;;;;;;;;;;;;;;;;;;
2024/06/16;0200 UTC;;;;;;;;;;;;;;;;;;
2024/06/16;0300 UTC;;;;;;;;;;;;;;;;;;
2024/06/16;0400 UTC;;;;;;;;;;;;;;;;;;
2024/06/16;0500 UTC;;;;;;;;;;;;;;;;;;
2024/06/16;0600 UTC;;;;;;;;;;;;;;;;;;
2024/06/16;0700 UTC;;;;;;;;;;;;;;;;;;
2024/06/16;0800 UTC;;;;;;;;;;;;;;;;;;
2024/06/16;0900 UTC;;;;;;;;;;;;;;;;;;
2024/06/16;1000 UTC;;;;;;;;;;;;;;;;;;
2024/06/16;1100 UTC;;;;;;;;;;;;;;;;;;
2024/06/16;1200 UTC;;;;;;;;;;;;;;;;;;
2024/06/16;1300 UTC;;;;;;;;;;;;;;;;;;
2024/06/16;1400 UTC;;;;;;;;;;;;;;;;;;
2024/06/16;1500 UTC;;;;;;;;;;;;;;;;;;
2024/06/16;1600 UTC;;;;;;;;;;;;;;;;;;
2024/06/16;1700 UTC;;;;;;;;;;;;;;;;;;
2024/06/16;1800 UTC;;;;;;;;;;;;;;;;;;
2024/06/16;1900 UTC;;;;;;;;;;;;;;;;;;
2024/06/16;2000 UTC;;;;;;;;;;;;;;;;;;
2024/06/16;2100 UTC;;;;;;;;;;;;;;;;;;
2024/06/16;2200 UTC;;;;;;;;;;;;;;;;;;
2024/06/16;2300 UTC;;;;;;;;;;;;;;;;;;
2024/06/17;0000 UTC;;;;;;;;;;;;;;;;;;
2024/06/17;0100 UTC;;;;;;;;;;;;;;;;;;
2024/06/17;0200 UTC;;;;;;;;;;;;;;;;;;
2024/06/17;0300 UTC;;;;;;;;;;;;;;;;;;
2024/06/17;0400 UTC;;;;;;;;;;;;;;;;;;
2024/06/17;0500 UTC;;;;;;;;;;;;;;;;;;
2024/06/17;0600 UTC;;;;;;;;;;;;;;;;;;
2024/06/17;0700 UTC;;;;;;;;;;;;;;;;;;
2024/06/17;0800 UTC;;;;;;;;;;;;;;;;;;
2024/06/17;0900 UTC;;;;;;;;;;;;;;;;;;
2024/06/17;1000 UTC;;;;;;;;;;;;;;;;;;
2024/06/17;1100 UTC;;;;;;;;;;;;;;;;;;
2024/06/17;1200 UTC;;;;;;;;;;;;;;;;;;
2024/06/17;1300 UTC;;;;;;;;;;;;;;;;;;
2024/06/17;1400 UTC;;;;;;;;;;;;;;;;;;
2024/06/17;1500 UTC;;;;;;;;;;;;;;;;;;
2024/06/17;1600 UTC;;;;;;;;;;;;;;;;;;
2024/06/17;1700 UTC;;;;;;;;;;;;;;;;;;
2024/06/17;1800 UTC;;;;;;;;;;;;;;;;;;
2024/06/17;1900 UTC;;;;;;;;;;;;;;;;;;
2024/06/17;2000 UTC;;;;;;;;;;;;;;;;;;
2024/06/17;2100 UTC;;;;;;;;;;;;;;;;;;
2024/06/17;2200 UTC;;;;;;;;;;;;;;;;;;
2024/06/17;2300 UTC;;;;;;;;;;;;;;;;;;
2024/06/18;0000 UTC;;;;;;;;;;;;;;;;;;
2024/06/18;0100 UTC;;;;;;;;;;;;;;;;;;
2024/06/18;0200 UTC;;;;;;;;;;;;;;;;;;
2024/06/18;0300 UTC;;;;;;;;;;;;;;;;;;
2024/06/18;0400 UTC;;;;;;;;;;;;;;;;;;
2024/06/18;0500 UTC;;;;;;;;;;;;;;;;;;
2024/06/18;0600 UTC;;;;;;;;;;;;;;;;;;
2024/06/18;0700 UTC;;;;;;;;;;;;;;;;;;
2024/06/18;0800 UTC;;;;;;;;;;;;;;;;;;
2024/06/18;0900 UTC;;;;;;;;;;;;;;;;;;
2024/06/18;1000 UTC;;;;;;;;;;;;;;;;;;
2024/06/18;1100 UTC;;;;;;;;;;;;;;;;;;
2024/06/18;1200 UTC;;;;;;;;;;;;;;;;;;
2024/06/18;1300 UTC;;;;;;;;;;;;;;;;;;
2024/06/18;1400 UTC;;;;;;;;;;;;;;;;;;
2024/06/18;1500 UTC;;;;;;;;;;;;;;;;;;
2024/06/18;1600 UTC;;;;;;;;;;;;;;;;;;
2024/06/18;1700 UTC;;;;;;;;;;;;;;;;;;
2024/06/18;1800 UTC;;;;;;;;;;;;;;;;;;
2024/06/18;1900 UTC;;;;;;;;;;;;;;;;;;
2024/06/18;2000 UTC;;;;;;;;;;;;;;;;;;
2024/06/18;2100 UTC;;;;;;;;;;;;;;;;;;
2024/06/18;2200 UTC;;;;;;;;;;;;;;;;;;
2024/06/18;2300 UTC;;;;;;;;;;;;;;;;;;
2024/06/19;0000 UTC;;;;;;;;;;;;;;;;;;
2024/06/19;0100 UTC;;;;;;;;;;;;;;;;;;
2024/06/19;0200 UTC;;;;;;;;;;;;;;;;;;
2024/06/19;0300 UTC;;;;;;;;;;;;;;;;;;
2024/06/19;0400 UTC;;;;;;;;;;;;;;;;;;
2024/06/19;0500 UTC;;;;;;;;;;;;;;;;;;
2024/06/19;0600 UTC;;;;;;;;;;;;;;;;;;
2024/06/19;0700 UTC;;;;;;;;;;;;;;;;;;
2024/06/19;0800 UTC;;;;;;;;;;;;;;;;;;
2024/06/19;0900 UTC;;;;;;;;;;;;;;;;;;
2024/06/19;1000 UTC;;;;;;;;;;;;;;;;;;
2024/06/19;1100 UTC;;;;;;;;;;;;;;;;;;
2024/06/19;1200 UTC;;;;;;;;;;;;;;;;;;
2024/06/19;1300 UTC;;;;;;;;;;;;;;;;;;
2024/06/19;1400 UTC;;;;;;;;;;;;;;;;;;
2024/06/19;1500 UTC;;;;;;;;;;;;;;;;;;
2024/06/19;1600 UTC;;;;;;;;;;;;;;;;;;
2024/06/19;1700 UTC;;;;;;;;;;;;;;;;;;
2024/06/19;1800 UTC;;;;;;;;;;;;;;;;;;
2024/06/19;1900 UTC;;;;;;;;;;;;;;;;;;
2024/06/19;2000 UTC;;;;;;;;;;;;;;;;;;
2024/06/19;2100 UTC;;;;;;;;;;;;;;;;;;
2024/06/19;2200 UTC;;;;;;;;;;;;;;;;;;
2024/06/19;2300 UTC;;;;;;;;;;;;;;;;;;
2024/06/20;0000 UTC;;;;;;;;;;;;;;;;;;
2024/06/20;0100 UTC;;;;;;;;;;;;;;;;;;
2024/06/20;0200 UTC;;;;;;;;;;;;;;;;;;
2024/06/20;0300 UTC;;;;;;;;;;;;;;;;;;
2024/06/20;0400 UTC;;;;;;;;;;;;;;;;;;
2024/06/20;0500 UTC;;;;;;;;;;;;;;;;;;
2024/06/20;0600 UTC;;;;;;;;;;;;;;;;;;
2024/06/20;0700 UTC;;;;;;;;;;;;;;;;;;
2024/06/20;0800 UTC;;;;;;;;;;;;;;;;;;
2024/06/20;0900 UTC;;;;;;;;;;;;;;;;;;
2024/06/20;1000 UTC;;;;;;;;;;;;;;;;;;
2024/06/20;1100 UTC;;;;;;;;;;;;;;;;;;
2024/06/20;1200 UTC;;;;;;;;;;;;;;;;;;
2024/06/20;1300 UTC;;;;;;;;;;;;;;;;;;
2024/06/20;1400 UTC;;;;;;;;;;;;;;;;;;
2024/06/20;1500 UTC;;;;;;;;;;;;;;;;;;
2024/06/20;1600 UTC;;;;;;;;;;;;;;;;;;
2024/06/20;1700 UTC;;;;;;;;;;;;;;;;;;
2024/06/20;1800 UTC;;;;;;;;;;;;;;;;;;
2024/06/20;1900 UTC;;;;;;;;;;;;;;;;;;
2024/06/20;2000 UTC;;;;;;;;;;;;;;;;;;
2024/06/20;2100 UTC;;;;;;;;;;;;;;;;;;
2024/06/20;2200 UTC;;;;;;;;;;;;;;;;;;
2024/06/20;2300 UTC;;;;;;;;;;;;;;;;;;
2024/06/21;0000 UTC;;;;;;;;;;;;;;;;;;
2024/06/21;0100 UTC;;;;;;;;;;;;;;;;;;
2024/06/21;0200 UTC;;;;;;;;;;;;;;;;;;
2024/06/21;0300 UTC;;;;;;;;;;;;;;;;;;
2024/06/21;0400 UTC;;;;;;;;;;;;;;;;;;
2024/06/21;0500 UTC;;;;;;;;;;;;;;;;;;
2024/06/21;0600 UTC;;;;;;;;;;;;;;;;;;
2024/06/21;0700 UTC;;;;;;;;;;;;;;;;;;
2024/06/21;0800 UTC;;;;;;;;;;;;;;;;;;
2024/06/21;0900 UTC;;;;;;;;;;;;;;;;;;
2024/06/21;1000 UTC;;;;;;;;;;;;;;;;;;
2024/06/21;1100 UTC;;;;;;;;;;;;;;;;;;
2024/06/21;1200 UTC;;;;;;;;;;;;;;;;;;
2024/06/21;1300 UTC;;;;;;;;;;;;;;;;;;
2024/06/21;1400 UTC;;;;;;;;;;;;;;;;;;
2024/06/21;1500 UTC;;;;;;;;;;;;;;;;;;
2024/06/21;1600 UTC;;;;;;;;;;;;;;;;;;
2024/06/21;1700 UTC;;;;;;;;;;;;;;;;;;
2024/06/21;1800 UTC;;;;;;;;;;;;;;;;;;
2024/06/21;1900 UTC;;;;;;;;;;;;;;;;;;
2024/06/21;2000 UTC;;;;;;;;;;;;;;;;;;
2024/06/21;2100 UTC;;;;;;;;;;;;;;;;;;
2024/06/21;2200 UTC;;;;;;;;;;;;;;;;;;
2024/06/21;2300 UTC;;;;;;;;;;;;;;;;;;
2024/06/22;0000 UTC;;;;;;;;;;;;;;;;;;
2024/06/22;0100 UTC;;;;;;;;;;;;;;;;;;
2024/06/22;0200 UTC;;;;;;;;;;;;;;;;;;
2024/06/22;0300 UTC;;;;;;;;;;;;;;;;;;
2024/06/22;0400 UTC;;;;;;;;;;;;;;;;;;
2024/06/22;0500 UTC;;;;;;;;;;;;;;;;;;
2024/06/22;0600 UTC;;;;;;;;;;;;;;;;;;
2024/06/22;0700 UTC;;;;;;;;;;;;;;;;;;
2024/06/22;0800 UTC;;;;;;;;;;;;;;;;;;
2024/06/22;0900 UTC;;;;;;;;;;;;;;;;;;
2024/06/22;1000 UTC;;;;;;;;;;;;;;;;;;
2024/06/22;1100 UTC;;;;;;;;;;;;;;;;;;
2024/06/22;1200 UTC;;;;;;;;;;;;;;;;;;
2024/06/22;1300 UTC;;;;;;;;;;;;;;;;;;
2024/06/22;1400 UTC;;;;;;;;;;;;;;;;;;
2024/06/22;1500 UTC;;;;;;;;;;;;;;;;;;
2024/06/22;1600 UTC;;;;;;;;;;;;;;;;;;
2024/06/22;1700 UTC;;;;;;;;;;;;;;;;;;
2024/06/22;1800 UTC;;;;;;;;;;;;;;;;;;
2024/06/22;1900 UTC;;;;;;;;;;;;;;;;;;
2024/06/22;2000 UTC;;;;;;;;;;;;;;;;;;
2024/06/22;2100 UTC;;;;;;;;;;;;;;;;;;
2024/06/22;2200 UTC;;;;;;;;;;;;;;;;;;
2024/06/22;2300 UTC;;;;;;;;;;;;;;;;;;
2024/06/23;0000 UTC;;;;;;;;;;;;;;;;;;
2024/06/23;0100 UTC;;;;;;;;;;;;;;;;;;
2024/06/23;0200 UTC;;;;;;;;;;;;;;;;;;
2024/06/23;0300 UTC;;;;;;;;;;;;;;;;;;
2024/06/23;0400 UTC;;;;;;;;;;;;;;;;;;
2024/06/23;0500 UTC;;;;;;;;;;;;;;;;;;
2024/06/23;0600 UTC;;;;;;;;;;;;;;;;;;
2024/06/23;0700 UTC;;;;;;;;;;;;;;;;;;
2024/06/23;0800 UTC;;;;;;;;;;;;;;;;;;
2024/06/23;0900 UTC;;;;;;;;;;;;;;;;;;
2024/06/23;1000 UTC;;;;;;;;;;;;;;;;;;
2024/06/23;1100 UTC;;;;;;;;;;;;;;;;;;
2024/06/23;1200 UTC;;;;;;;;;;;;;;;;;;
2024/06/23;1300 UTC;;;;;;;;;;;;;;;;;;
2024/06/23;1400 UTC;;;;;;;;;;;;;;;;;;
2024/06/23;1500 UTC;;;;;;;;;;;;;;;;;;
2024/06/23;1600 UTC;;;;;;;;;;;;;;;;;;
2024/06/23;1700 UTC;;;;;;;;;;;;;;;;;;
2024/06/23;1800 UTC;;;;;;;;;;;;;;;;;;
2024/06/23;1900 UTC;;;;;;;;;;;;;;;;;;
2024/06/23;2000 UTC;;;;;;;;;;;;;;;;;;
2024/06/23;2100 UTC;;;;;;;;;;;;;;;;;;
2024/06/23;2200 UTC;;;;;;;;;;;;;;;;;;
2024/06/23;2300 UTC;;;;;;;;;;;;;;;;;;
2024/06/24;0000 UTC;;;;;;;;;;;;;;;;;;
2024/06/24;0100 UTC;;;;;;;;;;;;;;;;;;
2024/06/24;0200 UTC;;;;;;;;;;;;;;;;;;
2024/06/24;0300 UTC;;;;;;;;;;;;;;;;;;
2024/06/24;0400 UTC;;;;;;;;;;;;;;;;;;
2024/06/24;0500 UTC;;;;;;;;;;;;;;;;;;
2024/06/24;0600 UTC;;;;;;;;;;;;;;;;;;
2024/06/24;0700 UTC;;;;;;;;;;;;;;;;;;
2024/06/24;0800 UTC;;;;;;;;;;;;;;;;;;
2024/06/24;0900 UTC;;;;;;;;;;;;;;;;;;
2024/06/24;1000 UTC;;;;;;;;;;;;;;;;;;
2024/06/24;1100 UTC;;;;;;;;;;;;;;;;;;
2024/06/24;1200 UTC;;;;;;;;;;;;;;;;;;
2024/06/24;1300 UTC;;;;;;;;;;;;;;;;;;
2024/06/24;1400 UTC;;;;;;;;;;;;;;;;;;
2024/06/24;1500 UTC;;;;;;;;;;;;;;;;;;
2024/06/24;1600 UTC;;;;;;;;;;;;;;;;;;
2024/06/24;1700 UTC;;;;;;;;;;;;;;;;;;
2024/06/24;1800 UTC;;;;;;;;;;;;;;;;;;
2024/06/24;1900 UTC;;;;;;;;;;;;;;;;;;
2024/06/24;2000 UTC;;;;;;;;;;;;;;;;;;
2024/06/24;2100 UTC;;;;;;;;;;;;;;;;;;
2024/06/24;2200 UTC;;;;;;;;;;;;;;;;;;
2024/06/24;2300 UTC;;;;;;;;;;;;;;;;;;
2024/06/25;0000 UTC;;;;;;;;;;;;;;;;;;
2024/06/25;0100 UTC;;;;;;;;;;;;;;;;;;
2024/06/25;0200 UTC;;;;;;;;;;;;;;;;;;
2024/06/25;0300 UTC;;;;;;;;;;;;;;;;;;
2024/06/25;0400 UTC;;;;;;;;;;;;;;;;;;
2024/06/25;0500 UTC;;;;;;;;;;;;;;;;;;
2024/06/25;0600 UTC;;;;;;;;;;;;;;;;;;
2024/06/25;0700 UTC;;;;;;;;;;;;;;;;;;
2024/06/25;0800 UTC;;;;;;;;;;;;;;;;;;
2024/06/25;0900 UTC;;;;;;;;;;;;;;;;;;
2024/06/25;1000 UTC;;;;;;;;;;;;;;;;;;
2024/06/25;1100 UTC;;;;;;;;;;;;;;;;;;
2024/06/25;1200 UTC;;;;;;;;;;;;;;;;;;
2024/06/25;1300 UTC;;;;;;;;;;;;;;;;;;
2024/06/25;1400 UTC;;;;;;;;;;;;;;;;;;
2024/06/25;1500 UTC;;;;;;;;;;;;;;;;;;
2024/06/25;1600 UTC;;;;;;;;;;;;;;;;;;
2024/06/25;1700 UTC;;;;;;;;;;;;;;;;;;
2024/06/25;1800 UTC;;;;;;;;;;;;;;;;;;
2024/06/25;1900 UTC;;;;;;;;;;;;;;;;;;
2024/06/25;2000 UTC;;;;;;;;;;;;;;;;;;
2024/06/25;2100 UTC;;;;;;;;;;;;;;;;;;
2024/06/25;2200 UTC;;;;;;;;;;;;;;;;;;
2024/06/25;2300 UTC;;;;;;;;;;;;;;;;;;
2024/06/26;0000 UTC;;;;;;;;;;;;;;;;;;
2024/06/26;0100 UTC;;;;;;;;;;;;;;;;;;
2024/06/26;0200 UTC;;;;;;;;;;;;;;;;;;
2024/06/26;0300 UTC;;;;;;;;;;;;;;;;;;
2024/06/26;0400 UTC;;;;;;;;;;;;;;;;;;
2024/06/26;0500 UTC;;;;;;;;;;;;;;;;;;
2024/06/26;0600 UTC;;;;;;;;;;;;;;;;;;
2024/06/26;0700 UTC;;;;;;;;;;;;;;;;;;
2024/06/26;0800 UTC;;;;;;;;;;;;;;;;;;
2024/06/26;0900 UTC;;;;;;;;;;;;;;;;;;
2024/06/26;1000 UTC;;;;;;;;;;;;;;;;;;
2024/06/26;1100 UTC;;;;;;;;;;;;;;;;;;
2024/06/26;1200 UTC;;;;;;;;;;;;;;;;;;
2024/06/26;1300 UTC;;;;;;;;;;;;;;;;;;
2024/06/26;1400 UTC;;;;;;;;;;;;;;;;;;
2024/06/26;1500 UTC;;;;;;;;;;;;;;;;;;
2024/06/26;1600 UTC;;;;;;;;;;;;;;;;;;
2024/06/26;1700 UTC;;;;;;;;;;;;;;;;;;
2024/06/26;1800 UTC;;;;;;;;;;;;;;;;;;
2024/06/26;1900 UTC;;;;;;;;;;;;;;;;;;
2024/06/26;2000 UTC;;;;;;;;;;;;;;;;;;
2024/06/26;2100 UTC;;;;;;;;;;;;;;;;;;
2024/06/26;2200 UTC;;;;;;;;;;;;;;;;;;
2024/06/26;2300 UTC;;;;;;;;;;;;;;;;;;
2024/06/27;0000 UTC;;;;;;;;;;;;;;;;;;
2024/06/27;0100 UTC;;;;;;;;;;;;;;;;;;
2024/06/27;0200 UTC;;;;;;;;;;;;;;;;;;
2024/06/27;0300 UTC;;;;;;;;;;;;;;;;;;
2024/06/27;0400 UTC;;;;;;;;;;;;;;;;;;
2024/06/27;0500 UTC;;;;;;;;;;;;;;;;;;
2024/06/27;0600 UTC;;;;;;;;;;;;;;;;;;
2024/06/27;0700 UTC;;;;;;;;;;;;;;;;;;
2024/06/27;0800 UTC;;;;;;;;;;;;;;;;;;
2024/06/27;0900 UTC;;;;;;;;;;;;;;;;;;
2024/06/27;1000 UTC;;;;;;;;;;;;;;;;;;
2024/06/27;1100 UTC;;;;;;;;;;;;;;;;;;
2024/06/27;1200 UTC;;;;;;;;;;;;;;;;;;
2024/06/27;1300 UTC;;;;;;;;;;;;;;;;;;
2024/06/27;1400 UTC;;;;;;;;;;;;;;;;;;
2024/06/27;1500 UTC;;;;;;;;;;;;;;;;;;
2024/06/27;1600 UTC;;;;;;;;;;;;;;;;;;
2024/06/27;1700 UTC;;;;;;;;;;;;;;;;;;
2024/06/27;1800 UTC;;;;;;;;;;;;;;;;;;
2024/06/27;1900 UTC;;;;;;;;;;;;;;;;;;
2024/06/27;2000 UTC;;;;;;;;;;;;;;;;;;
2024/06/27;2100 UTC;;;;;;;;;;;;;;;;;;
2024/06/27;2200 UTC;;;;;;;;;;;;;;;;;;
2024/06/27;2300 UTC;;;;;;;;;;;;;;;;;;
2024/06/28;0000 UTC;;;;;;;;;;;;;;;;;;
2024/06/28;0100 UTC;;;;;;;;;;;;;;;;;;
2024/06/28;0200 UTC;;;;;;;;;;;;;;;;;;
2024/06/28;0300 UTC;;;;;;;;;;;;;;;;;;
2024/06/28;0400 UTC;;;;;;;;;;;;;;;;;;
2024/06/28;0500 UTC;;;;;;;;;;;;;;;;;;
2024/06/28;0600 UTC;;;;;;;;;;;;;;;;;;
2024/06/28;0700 UTC;;;;;;;;;;;;;;;;;;
2024/06/28;0800 UTC;;;;;;;;;;;;;;;;;;
2024/06/28;0900 UTC;;;;;;;;;;;;;;;;;;
2024/06/28;1000 UTC;;;;;;;;;;;;;;;;;;
2024/06/28;1100 UTC;;;;;;;;;;;;;;;;;;
2024/06/28;1200 UTC;;;;;;;;;;;;;;;;;;
2024/06/28;1300 UTC;;;;;;;;;;;;;;;;;;
2024/06/28;1400 UTC;;;;;;;;;;;;;;;;;;
2024/06/28;1500 UTC;;;;;;;;;;;;;;;;;;
2024/06/28;1600 UTC;;;;;;;;;;;;;;;;;;
2024/06/28;1700 UTC;;;;;;;;;;;;;;;;;;
2024/06/28;1800 UTC;;;;;;;;;;;;;;;;;;
2024/06/28;1900 UTC;;;;;;;;;;;;;;;;;;
2024/06/28;2000 UTC;;;;;;;;;;;;;;;;;;
2024/06/28;2100 UTC;;;;;;;;;;;;;;;;;;
2024/06/28;2200 UTC;;;;;;;;;;;;;;;;;;
2024/06/28;2300 UTC;;;;;;;;;;;;;;;;;;
2024/06/29;0000 UTC;;;;;;;;;;;;;;;;;;
2024/06/29;0100 UTC;;;;;;;;;;;;;;;;;;
2024/06/29;0200 UTC;;;;;;;;;;;;;;;;;;
2024/06/29;0300 UTC;;;;;;;;;;;;;;;;;;
2024/06/29;0400 UTC;;;;;;;;;;;;;;;;;;
2024/06/29;0500 UTC;;;;;;;;;;;;;;;;;;
2024/06/29;0600 UTC;;;;;;;;;;;;;;;;;;
2024/06/29;0700 UTC;;;;;;;;;;;;;;;;;;
2024/06/29;0800 UTC;;;;;;;;;;;;;;;;;;
2024/06/29;0900 UTC;;;;;;;;;;;;;;;;;;
2024/06/29;1000 UTC;;;;;;;;;;;;;;;;;;
2024/06/29;1100 UTC;;;;;;;;;;;;;;;;;;
2024/06/29;1200 UTC;;;;;;;;;;;;;;;;;;
2024/06/29;1300 UTC;;;;;;;;;;;;;;;;;;
2024/06/29;1400 UTC;;;;;;;;;;;;;;;;;;
2024/06/29;1500 UTC;;;;;;;;;;;;;;;;;;
2024/06/29;1600 UTC;;;;;;;;;;;;;;;;;;
2024/06/29;1700 UTC;;;;;;;;;;;;;;;;;;
2024/06/29;1800 UTC;;;;;;;;;;;;;;;;;;
2024/06/29;1900 UTC;;;;;;;;;;;;;;;;;;
2024/06/29;2000 UTC;;;;;;;;;;;;;;;;;;
2024/06/29;2100 UTC;;;;;;;;;;;;;;;;;;
2024/06/29;2200 UTC;;;;;;;;;;;;;;;;;;
2024/06/29;2300 UTC;;;;;;;;;;;;;;;;;;
2024/06/30;0000 UTC;;;;;;;;;;;;;;;;;;
2024/06/30;0100 UTC;;;;;;;;;;;;;;;;;;
2024/06/30;0200 UTC;;;;;;;;;;;;;;;;;;
2024/06/30;0300 UTC;;;;;;;;;;;;;;;;;;
2024/06/30;0400 UTC;;;;;;;;;;;;;;;;;;
2024/06/30;0500 UTC;;;;;;;;;;;;;;;;;;
2024/06/30;0600 UTC;;;;;;;;;;;;;;;;;;
2024/06/30;0700 UTC;;;;;;;;;;;;;;;;;;
2024/06/30;0800 UTC;;;;;;;;;;;;;;;;;;
2024/06/30;0900 UTC;;;;;;;;;;;;;;;;;;
2024/06/30;1000 UTC;;;;;;;;;;;;;;;;;;
2024/06/30;1100 UTC;;;;;;;;;;;;;;;;;;
2024/06/30;1200 UTC;;;;;;;;;;;;;;;;;;
2024/06/30;1300 UTC;;;;;;;;;;;;;;;;;;
2024/06/30;1400 UTC;;;;;;;;;;;;;;;;;;
2024/06/30;1500 UTC;;;;;;;;;;;;;;;;;;
2024/06/30;1600 UTC;;;;;;;;;;;;;;;;;;
2024/06/30;1700 UTC;;;;;;;;;;;;;;;;;;
2024/06/30;1800 UTC;;;;;;;;;;;;;;;;;;
2024/06/30;1900 UTC;;;;;;;;;;;;;;;;;;
2024/06/30;2000 UTC;;;;;;;;;;;;;;;;;;
2024/06/30;2100 UTC;;;;;;;;;;;;;;;;;;
2024/06/30;2200 UTC;;;;;;;;;;;;;;;;;;
2024/06/30;2300 UTC;;;;;;;;;;;;;;;;;;
2024/07/01;0000 UTC;;;;;;;;;;;;;;;;;;
2024/07/01;0100 UTC;;;;;;;;;;;;;;;;;;
2024/07/01;0200 UTC;;;;;;;;;;;;;;;;;;
2024/07/01;0300 UTC;;;;;;;;;;;;;;;;;;
2024/07/01;0400 UTC;;;;;;;;;;;;;;;;;;
2024/07/01;0500 UTC;;;;;;;;;;;;;;;;;;
2024/07/01;0600 UTC;;;;;;;;;;;;;;;;;;
2024/07/01;0700 UTC;;;;;;;;;;;;;;;;;;
2024/07/01;0800 UTC;;;;;;;;;;;;;;;;;;
2024/07/01;0900 UTC;;;;;;;;;;;;;;;;;;
2024/07/01;1000 UTC;;;;;;;;;;;;;;;;;;
2024/07/01;1100 UTC;;;;;;;;;;;;;;;;;;
2024/07/01;1200 UTC;;;;;;;;;;;;;;;;;;
2024/07/01;1300 UTC;;;;;;;;;;;;;;;;;;
2024/07/01;1400 UTC;;;;;;;;;;;;;;;;;;
2024/07/01;1500 UTC;;;;;;;;;;;;;;;;;;
2024/07/01;1600 UTC;;;;;;;;;;;;;;;;;;
2024/07/01;1700 UTC;;;;;;;;;;;;;;;;;;
2024/07/01;1800 UTC;;;;;;;;;;;;;;;;;;
2024/07/01;1900 UTC;;;;;;;;;;;;;;;;;;
2024/07/01;2000 UTC;;;;;;;;;;;;;;;;;;
2024/07/01;2100 UTC;;;;;;;;;;;;;;;;;;
2024/07/01;2200 UTC;;;;;;;;;;;;;;;;;;
2024/07/01;2300 UTC;;;;;;;;;;;;;;;;;;
2024/07/02;0000 UTC;;;;;;;;;;;;;;;;;;
2024/07/02;0100 UTC;;;;;;;;;;;;;;;;;;
2024/07/02;0200 UTC;;;;;;;;;;;;;;;;;;
2024/07/02;0300 UTC;;;;;;;;;;;;;;;;;;
2024/07/02;0400 UTC;;;;;;;;;;;;;;;;;;
2024/07/02;0500 UTC;;;;;;;;;;;;;;;;;;
2024/07/02;0600 UTC;;;;;;;;;;;;;;;;;;
2024/07/02;0700 UTC;;;;;;;;;;;;;;;;;;
2024/07/02;0800 UTC;;;;;;;;;;;;;;;;;;
2024/07/02;0900 UTC;;;;;;;;;;;;;;;;;;
2024/07/02;1000 UTC;;;;;;;;;;;;;;;;;;
2024/07/02;1100 UTC;;;;;;;;;;;;;;;;;;
2024/07/02;1200 UTC;;;;;;;;;;;;;;;;;;
2024/07/02;1300 UTC;;;;;;;;;;;;;;;;;;
2024/07/02;1400 UTC;;;;;;;;;;;;;;;;;;
2024/07/02;1500 UTC;;;;;;;;;;;;;;;;;;
2024/07/02;1600 UTC;;;;;;;;;;;;;;;;;;
2024/07/02;1700 UTC;;;;;;;;;;;;;;;;;;
2024/07/02;1800 UTC;;;;;;;;;;;;;;;;;;
2024/07/02;1900 UTC;;;;;;;;;;;;;;;;;;
2024/07/02;2000 UTC;;;;;;;;;;;;;;;;;;
2024/07/02;2100 UTC;;;;;;;;;;;;;;;;;;
2024/07/02;2200 UTC;;;;;;;;;;;;;;;;;;
2024/07/02;2300 UTC;;;;;;;;;;;;;;;;;;
2024/07/03;0000 UTC;;;;;;;;;;;;;;;;;;
2024/07/03;0100 UTC;;;;;;;;;;;;;;;;;;
2024/07/03;0200 UTC;;;;;;;;;;;;;;;;;;
2024/07/03;0300 UTC;;;;;;;;;;;;;;;;;;
2024/07/03;0400 UTC;;;;;;;;;;;;;;;;;;
2024/07/03;0500 UTC;;;;;;;;;;;;;;;;;;
2024/07/03;0600 UTC;;;;;;;;;;;;;;;;;;
2024/07/03;0700 UTC;;;;;;;;;;;;;;;;;;
2024/07/03;0800 UTC;;;;;;;;;;;;;;;;;;
2024/07/03;0900 UTC;;;;;;;;;;;;;;;;;;
2024/07/03;1000 UTC;;;;;;;;;;;;;;;;;;
2024/07/03;1100 UTC;;;;;;;;;;;;;;;;;;
2024/07/03;1200 UTC;;;;;;;;;;;;;;;;;;
2024/07/03;1300 UTC;;;;;;;;;;;;;;;;;;
2024/07/03;1400 UTC;;;;;;;;;;;;;;;;;;
2024/07/03;1500 UTC;;;;;;;;;;;;;;;;;;
2024/07/03;1600 UTC;;;;;;;;;;;;;;;;;;
2024/07/03;1700 UTC;;;;;;;;;;;;;;;;;;
2024/07/03;1800 UTC;;;;;;;;;;;;;;;;;;
2024/07/03;1900 UTC;;;;;;;;;;;;;;;;;;
2024/07/03;2000 UTC;;;;;;;;;;;;;;;;;;
2024/07/03;2100 UTC;;;;;;;;;;;;;;;;;;
2024/07/03;2200 UTC;;;;;;;;;;;;;;;;;;
2024/07/03;2300 UTC;;;;;;;;;;;;;;;;;;
2024/07/04;0000 UTC;;;;;;;;;;;;;;;;;;
2024/07/04;0100 UTC;;;;;;;;;;;;;;;;;;
2024/07/04;0200 UTC;;;;;;;;;;;;;;;;;;
2024/07/04;0300 UTC;;;;;;;;;;;;;;;;;;
2024/07/04;0400 UTC;;;;;;;;;;;;;;;;;;
2024/07/04;0500 UTC;;;;;;;;;;;;;;;;;;
2024/07/04;0600 UTC;;;;;;;;;;;;;;;;;;
2024/07/04;0700 UTC;;;;;;;;;;;;;;;;;;
2024/07/04;0800 UTC;;;;;;;;;;;;;;;;;;
2024/07/04;0900 UTC;;;;;;;;;;;;;;;;;;
2024/07/04;1000 UTC;;;;;;;;;;;;;;;;;;
2024/07/04;1100 UTC;;;;;;;;;;;;;;;;;;
2024/07/04;1200 UTC;;;;;;;;;;;;;;;;;;
2024/07/04;1300 UTC;;;;;;;;;;;;;;;;;;
2024/07/04;1400 UTC;;;;;;;;;;;;;;;;;;
2024/07/04;1500 UTC;;;;;;;;;;;;;;;;;;
2024/07/04;1600 UTC;;;;;;;;;;;;;;;;;;
2024/07/04;1700 UTC;;;;;;;;;;;;;;;;;;
2024/07/04;1800 UTC;;;;;;;;;;;;;;;;;;
2024/07/04;1900 UTC;;;;;;;;;;;;;;;;;;
2024/07/04;2000 UTC;;;;;;;;;;;;;;;;;;
2024/07/04;2100 UTC;;;;;;;;;;;;;;;;;;
2024/07/04;2200 UTC;;;;;;;;;;;;;;;;;;
2024/07/04;2300 UTC;;;;;;;;;;;;;;;;;;
2024/07/05;0000 UTC;;;;;;;;;;;;;;;;;;
2024/07/05;0100 UTC;;;;;;;;;;;;;;;;;;
2024/07/05;0200 UTC;;;;;;;;;;;;;;;;;;
2024/07/05;0300 UTC;;;;;;;;;;;;;;;;;;
2024/07/05;0400 UTC;;;;;;;;;;;;;;;;;;
2024/07/05;0500 UTC;;;;;;;;;;;;;;;;;;
2024/07/05;0600 UTC;;;;;;;;;;;;;;;;;;
2024/07/05;0700 UTC;;;;;;;;;;;;;;;;;;
2024/07/05;0800 UTC;;;;;;;;;;;;;;;;;;
2024/07/05;0900 UTC;;;;;;;;;;;;;;;;;;
2024/07/05;1000 UTC;;;;;;;;;;;;;;;;;;
2024/07/05;1100 UTC;;;;;;;;;;;;;;;;;;
2024/07/05;1200 UTC;;;;;;;;;;;;;;;;;;
2024/07/05;1300 UTC;;;;;;;;;;;;;;;;;;
2024/07/05;1400 UTC;;;;;;;;;;;;;;;;;;
2024/07/05;1500 UTC;;;;;;;;;;;;;;;;;;
2024/07/05;1600 UTC;0;973,2;;;583,4;29,9;;;;;;;;;58;;3,1;
2024/07/05;1700 UTC;0;972,4;973,2;972,4;2094,8;30,8;;31,3;29,5;;;;;;16;5,8;3,3;
2024/07/05;1800 UTC;0;971,8;972,4;971,8;1927,1;31,7;;32;30,4;;;;;;346;5,5;3,4;
2024/07/05;1900 UTC;;;;;;;;;;;;;;;;;;
2024/07/05;2000 UTC;;;;;;;;;;;;;;;;;;
2024/07/05;2100 UTC;;;;;;;;;;;;;;;;;;
2024/07/05;2200 UTC;;;;;;;;;;;;;;;;;;
2024/07/05;2300 UTC;;;;;;;;;;;;;;;;;;
2024/07/06;0000 UTC;;;;;;;;;;;;;;;;;;
2024/07/06;0100 UTC;;;;;;;;;;;;;;;;;;
2024/07/06;0200 UTC;;;;;;;;;;;;;;;;;;
2024/07/06;0300 UTC;;;;;;;;;;;;;;;;;;
2024/07/06;0400 UTC;;;;;;;;;;;;;;;;;;
2024/07/06;0500 UTC;;;;;;;;;;;;;;;;;;
2024/07/06;0600 UTC;;;;;;;;;;;;;;;;;;
2024/07/06;0700 UTC;;;;;;;;;;;;;;;;;;
2024/07/06;0800 UTC;;;;;;;;;;;;;;;;;;
2024/07/06;0900 UTC;;;;;;;;;;;;;;;;;;
2024/07/06;1000 UTC;;;;;;;;;;;;;;;;;;
2024/07/06;1100 UTC;;;;;;;;;;;;;;;;;;
2024/07/06;1200 UTC;;;;;;;;;;;;;;;;;;
2024/07/06;1300 UTC;;;;;;;;;;;;;;;;;;
2024/07/06;1400 UTC;;;;;;;;;;;;;;;;;;
2024/07/06;1500 UTC;0;975;975,4;975;1764,2;28,3;;28,3;26,5;;;;;;31;;2,7;
2024/07/06;1600 UTC;0;974,1;975;974,1;2523,5;29,5;;29,9;28,1;;;;;;23;6,2;2,8;
2024/07/06;1700 UTC;;;;;;;;;;;;;;;;;;
2024/07/06;1800 UTC;;;;;;;;;;;;;;;;;;
2024/07/06;1900 UTC;;;;;;;;;;;;;;;;;;
2024/07/06;2000 UTC;;;;;;;;;;;;;;;;;;
2024/07/06;2100 UTC;;;;;;;;;;;;;;;;;;
2024/07/06;2200 UTC;;;;;;;;;;;;;;;;;;
2024/07/06;2300 UTC;;;;;;;;;;;;;;;;;;
2024/07/07;0000 UTC;;;;;;;;;;;;;;;;;;
2024/07/07;0100 UTC;;;;;;;;;;;;;;;;;;
2024/07/07;0200 UTC;;;;;;;;;;;;;;;;;;
2024/07/07;0300 UTC;;;;;;;;;;;;;;;;;;
2024/07/07;0400 UTC;;;;;;;;;;;;;;;;;;
2024/07/07;0500 UTC;;;;;;;;;;;;;;;;;;
2024/07/07;0600 UTC;;;;;;;;;;;;;;;;;;
2024/07/07;0700 UTC;;;;;;;;;;;;;;;;;;
2024/07/07;0800 UTC;;;;;;;;;;;;;;;;;;
2024/07/07;0900 UTC;;;;;;;;;;;;;;;;;;
2024/07/07;1000 UTC;;;;;;;;;;;;;;;;;;
2024/07/07;1100 UTC;;;;;;;;;;;;;;;;;;
2024/07/07;1200 UTC;;;;;;;;;;;;;;;;;;
2024/07/07;1300 UTC;;;;;;;;;;;;;;;;;;
2024/07/07;1400 UTC;0;973,3;;;235,9;25,7;;;;;;;;;;;;
2024/07/07;1500 UTC;0;972,6;;;882,2;27,3;;;;;;;;;18;;3;
2024/07/07;1600 UTC;;;;;;;;;;;;;;;;;;
2024/07/07;1700 UTC;;;;;;;;;;;;;;;;;;
2024/07/07;1800 UTC;;;;;;;;;;;;;;;;;;
2024/07/07;1900 UTC;;;;;;;;;;;;;;;;;;
2024/07/07;2000 UTC;;;;;;;;;;;;;;;;;;
2024/07/07;2100 UTC;;;;;;;;;;;;;;;;;;
2024/07/07;2200 UTC;;;;;;;;;;;;;;;;;;
2024/07/07;2300 UTC;;;;;;;;;;;;;;;;;;
2024/07/08;0000 UTC;;;;;;;;;;;;;;;;;;
2024/07/08;0100 UTC;;;;;;;;;;;;;;;;;;
2024/07/08;0200 UTC;;;;;;;;;;;;;;;;;;
2024/07/08;0300 UTC;;;;;;;;;;;;;;;;;;
2024/07/08;0400 UTC;;;;;;;;;;;;;;;;;;
2024/07/08;0500 UTC;;;;;;;;;;;;;;;;;;
2024/07/08;0600 UTC;;;;;;;;;;;;;;;;;;
2024/07/08;0700 UTC;;;;;;;;;;;;;;;;;;
2024/07/08;0800 UTC;;;;;;;;;;;;;;;;;;
2024/07/08;0900 UTC;;;;;;;;;;;;;;;;;;
2024/07/08;1000 UTC;;;;;;;;;;;;;;;;;;
2024/07/08;1100 UTC;;;;;;;;;;;;;;;;;;
2024/07/08;1200 UTC;;;;;;;;;;;;;;;;;;
2024/07/08;1300 UTC;;;;;;;;;;;;;;;;;;
2024/07/08;1400 UTC;;;;;;;;;;;;;;;;;;
2024/07/08;1500 UTC;;;;;;;;;;;;;;;;;;
2024/07/08;1600 UTC;;;;;;;;;;;;;;;;;;
2024/07/08;1700 UTC;;;;;;;;;;;;;;;;;;
2024/07/08;1800 UTC;;;;;;;;;;;;;;;;;;
2024/07/08;1900 UTC;;;;;;;;;;;;;;;;;;
2024/07/08;2000 UTC;;;;;;;;;;;;;;;;;;
2024/07/08;2100 UTC;;;;;;;;;;;;;;;;;;
2024/07/08;2200 UTC;;;;;;;;;;;;;;;;;;
2024/07/08;2300 UTC;;;;;;;;;;;;;;;;;;
2024/07/09;0000 UTC;;;;;;;;;;;;;;;;;;
2024/07/09;0100 UTC;;;;;;;;;;;;;;;;;;
2024/07/09;0200 UTC;;;;;;;;;;;;;;;;;;
2024/07/09;0300 UTC;;;;;;;;;;;;;;;;;;
2024/07/09;0400 UTC;;;;;;;;;;;;;;;;;;
2024/07/09;0500 UTC;;;;;;;;;;;;;;;;;;
2024/07/09;0600 UTC;;;;;;;;;;;;;;;;;;
2024/07/09;0700 UTC;;;;;;;;;;;;;;;;;;
2024/07/09;0800 UTC;;;;;;;;;;;;;;;;;;
2024/07/09;0900 UTC;;;;;;;;;;;;;;;;;;
2024/07/09;1000 UTC;;;;;;;;;;;;;;;;;;
2024/07/09;1100 UTC;;;;;;;;;;;;;;;;;;
2024/07/09;1200 UTC;;;;;;;;;;;;;;;;;;
2024/07/09;1300 UTC;;;;;;;;;;;;;;;;;;
2024/07/09;1400 UTC;;;;;;;;;;;;;;;;;;
2024/07/09;1500 UTC;;;;;;;;;;;;;;;;;;
2024/07/09;1600 UTC;;;;;;;;;;;;;;;;;;
2024/07/09;1700 UTC;;;;;;;;;;;;;;;;;;
2024/07/09;1800 UTC;;;;;;;;;;;;;;;;;;
2024/07/09;1900 UTC;;;;;;;;;;;;;;;;;;
2024/07/09;2000 UTC;;;;;;;;;;;;;;;;;;
2024/07/09;2100 UTC;;;;;;;;;;;;;;;;;;
2024/07/09;2200 UTC;;;;;;;;;;;;;;;;;;
2024/07/09;2300 UTC;;;;;;;;;;;;;;;;;;
2024/07/10;0000 UTC;;;;;;;;;;;;;;;;;;
2024/07/10;0100 UTC;;;;;;;;;;;;;;;;;;
2024/07/10;0200 UTC;;;;;;;;;;;;;;;;;;
2024/07/10;0300 UTC;;;;;;;;;;;;;;;;;;
2024/07/10;0400 UTC;;;;;;;;;;;;;;;;;;
2024/07/10;0500 UTC;;;;;;;;;;;;;;;;;;
2024/07/10;0600 UTC;;;;;;;;;;;;;;;;;;
2024/07/10;0700 UTC;;;;;;;;;;;;;;;;;;
2024/07/10;0800 UTC;;;;;;;;;;;;;;;;;;
2024/07/10;0900 UTC;;;;;;;;;;;;;;;;;;
2024/07/10;1000 UTC;;;;;;;;;;;;;;;;;;
2024/07/10;1100 UTC;;;;;;;;;;;;;;;;;;
2024/07/10;1200 UTC;;;;;;;;;;;;;;;;;;
2024/07/10;1300 UTC;;;;;;;;;;;;;;;;;;
2024/07/10;1400 UTC;;;;;;;;;;;;;;;;;;
2024/07/10;1500 UTC;;;;;;;;;;;;;;;;;;
2024/07/10;1600 UTC;;;;;;;;;;;;;;;;;;
2024/07/10;1700 UTC;;;;;;;;;;;;;;;;;;
2024/07/10;1800 UTC;;;;;;;;;;;;;;;;;;
2024/07/10;1900 UTC;;;;;;;;;;;;;;;;;;
2024/07/10;2000 UTC;;;;;;;;;;;;;;;;;;
2024/07/10;2100 UTC;;;;;;;;;;;;;;;;;;
2024/07/10;2200 UTC;;;;;;;;;;;;;;;;;;
2024/07/10;2300 UTC;;;;;;;;;;;;;;;;;;
2024/07/11;0000 UTC;;;;;;;;;;;;;;;;;;
2024/07/11;0100 UTC;;;;;;;;;;;;;;;;;;
2024/07/11;0200 UTC;;;;;;;;;;;;;;;;;;
2024/07/11;0300 UTC;;;;;;;;;;;;;;;;;;
2024/07/11;0400 UTC;;;;;;;;;;;;;;;;;;
2024/07/11;0500 UTC;;;;;;;;;;;;;;;;;;
2024/07/11;0600 UTC;;;;;;;;;;;;;;;;;;
2024/07/11;0700 UTC;;;;;;;;;;;;;;;;;;
2024/07/11;0800 UTC;;;;;;;;;;;;;;;;;;
2024/07/11;0900 UTC;;;;;;;;;;;;;;;;;;
2024/07/11;1000 UTC;;;;;;;;;;;;;;;;;;
2024/07/11;1100 UTC;;;;;;;;;;;;;;;;;;
2024/07/11;1200 UTC;;;;;;;;;;;;;;;;;;
2024/07/11;1300 UTC;;;;;;;;;;;;;;;;;;
2024/07/11;1400 UTC;;;;;;;;;;;;;;;;;;
2024/07/11;1500 UTC;;;;;;;;;;;;;;;;;;
2024/07/11;1600 UTC;;;;;;;;;;;;;;;;;;
2024/07/11;1700 UTC;;;;;;;;;;;;;;;;;;
2024/07/11;1800 UTC;;;;;;;;;;;;;;;;;;
2024/07/11;1900 UTC;;;;;;;;;;;;;;;;;;
2024/07/11;2000 UTC;;;;;;;;;;;;;;;;;;
2024/07/11;2100 UTC;;;;;;;;;;;;;;;;;;
2024/07/11;2200 UTC;;;;;;;;;;;;;;;;;;
2024/07/11;2300 UTC;;;;;;;;;;;;;;;;;;
2024/07/12;0000 UTC;;;;;;;;;;;;;;;;;;
2024/07/12;0100 UTC;;;;;;;;;;;;;;;;;;
2024/07/12;0200 UTC;;;;;;;;;;;;;;;;;;
2024/07/12;0300 UTC;;;;;;;;;;;;;;;;;;
2024/07/12;0400 UTC;;;;;;;;;;;;;;;;;;
2024/07/12;0500 UTC;;;;;;;;;;;;;;;;;;
2024/07/12;0600 UTC;;;;;;;;;;;;;;;;;;
2024/07/12;0700 UTC;;;;;;;;;;;;;;;;;;
2024/07/12;0800 UTC;;;;;;;;;;;;;;;;;;
2024/07/12;0900 UTC;;;;;;;;;;;;;;;;;;
2024/07/12;1000 UTC;;;;;;;;;;;;;;;;;;
2024/07/12;1100 UTC;;;;;;;;;;;;;;;;;;
2024/07/12;1200 UTC;;;;;;;;;;;;;;;;;;
2024/07/12;1300 UTC;;;;;;;;;;;;;;;;;;
2024/07/12;1400 UTC;;;;;;;;;;;;;;;;;;
2024/07/12;1500 UTC;;;;;;;;;;;;;;;;;;
2024/07/12;1600 UTC;;;;;;;;;;;;;;;;;;
2024/07/12;1700 UTC;;;;;;;;;;;;;;;;;;
2024/07/12;1800 UTC;;;;;;;;;;;;;;;;;;
2024/07/12;1900 UTC;;;;;;;;;;;;;;;;;;
2024/07/12;2000 UTC;;;;;;;;;;;;;;;;;;
2024/07/12;2100 UTC;;;;;;;;;;;;;;;;;;
2024/07/12;2200 UTC;;;;;;;;;;;;;;;;;;
2024/07/12;2300 UTC;;;;;;;;;;;;;;;;;;
2024/07/13;0000 UTC;;;;;;;;;;;;;;;;;;
2024/07/13;0100 UTC;;;;;;;;;;;;;;;;;;
2024/07/13;0200 UTC;;;;;;;;;;;;;;;;;;
2024/07/13;0300 UTC;;;;;;;;;;;;;;;;;;
2024/07/13;0400 UTC;;;;;;;;;;;;;;;;;;
2024/07/13;0500 UTC;;;;;;;;;;;;;;;;;;
2024/07/13;0600 UTC;;;;;;;;;;;;;;;;;;
2024/07/13;0700 UTC;;;;;;;;;;;;;;;;;;
2024/07/13;0800 UTC;;;;;;;;;;;;;;;;;;
2024/07/13;0900 UTC;;;;;;;;;;;;;;;;;;
2024/07/13;1000 UTC;;;;;;;;;;;;;;;;;;
2024/07/13;1100 UTC;;;;;;;;;;;;;;;;;;
2024/07/13;1200 UTC;;;;;;;;;;;;;;;;;;
2024/07/13;1300 UTC;;;;;;;;;;;;;;;;;;
2024/07/13;1400 UTC;;;;;;;;;;;;;;;;;;
2024/07/13;1500 UTC;;;;;;;;;;;;;;;;;;
2024/07/13;1600 UTC;;;;;;;;;;;;;;;;;;
2024/07/13;1700 UTC;;;;;;;;;;;;;;;;;;
2024/07/13;1800 UTC;;;;;;;;;;;;;;;;;;
2024/07/13;1900 UTC;;;;;;;;;;;;;;;;;;
2024/07/13;2000 UTC;;;;;;;;;;;;;;;;;;
2024/07/13;2100 UTC;;;;;;;;;;;;;;;;;;
2024/07/13;2200 UTC;;;;;;;;;;;;;;;;;;
2024/07/13;2300 UTC;;;;;;;;;;;;;;;;;;
2024/07/14;0000 UTC;;;;;;;;;;;;;;;;;;
2024/07/14;0100 UTC;;;;;;;;;;;;;;;;;;
2024/07/14;0200 UTC;;;;;;;;;;;;;;;;;;
2024/07/14;0300 UTC;;;;;;;;;;;;;;;;;;
2024/07/14;0400 UTC;;;;;;;;;;;;;;;;;;
2024/07/14;0500 UTC;;;;;;;;;;;;;;;;;;
2024/07/14;0600 UTC;;;;;;;;;;;;;;;;;;
2024/07/14;0700 UTC;;;;;;;;;;;;;;;;;;
2024/07/14;0800 UTC;;;;;;;;;;;;;;;;;;
2024/07/14;0900 UTC;;;;;;;;;;;;;;;;;;
2024/07/14;1000 UTC;;;;;;;;;;;;;;;;;;
2024/07/14;1100 UTC;;;;;;;;;;;;;;;;;;
2024/07/14;1200 UTC;;;;;;;;;;;;;;;;;;
2024/07/14;1300 UTC;;;;;;;;;;;;;;;;;;
2024/07/14;1400 UTC;;;;;;;;;;;;;;;;;;
2024/07/14;1500 UTC;;;;;;;;;;;;;;;;;;
2024/07/14;1600 UTC;;;;;;;;;;;;;;;;;;
2024/07/14;1700 UTC;;;;;;;;;;;;;;;;;;
2024/07/14;1800 UTC;;;;;;;;;;;;;;;;;;
2024/07/14;1900 UTC;;;;;;;;;;;;;;;;;;
2024/07/14;2000 UTC;;;;;;;;;;;;;;;;;;
2024/07/14;2100 UTC;;;;;;;;;;;;;;;;;;
2024/07/14;2200 UTC;;;;;;;;;;;;;;;;;;
2024/07/14;2300 UTC;;;;;;;;;;;;;;;;;;
2024/07/15;0000 UTC;;;;;;;;;;;;;;;;;;
2024/07/15;0100 UTC;;;;;;;;;;;;;;;;;;
2024/07/15;0200 UTC;;;;;;;;;;;;;;;;;;
2024/07/15;0300 UTC;;;;;;;;;;;;;;;;;;
2024/07/15;0400 UTC;;;;;;;;;;;;;;;;;;
2024/07/15;0500 UTC;;;;;;;;;;;;;;;;;;
2024/07/15;0600 UTC;;;;;;;;;;;;;;;;;;
2024/07/15;0700 UTC;;;;;;;;;;;;;;;;;;
2024/07/15;0800 UTC;;;;;;;;;;;;;;;;;;
2024/07/15;0900 UTC;;;;;;;;;;;;;;;;;;
2024/07/15;1000 UTC;;;;;;;;;;;;;;;;;;
2024/07/15;1100 UTC;;;;;;;;;;;;;;;;;;
2024/07/15;1200 UTC;;;;;;;;;;;;;;;;;;
2024/07/15;1300 UTC;;;;;;;;;;;;;;;;;;
2024/07/15;1400 UTC;;;;;;;;;;;;;;;;;;
2024/07/15;1500 UTC;;;;;;;;;;;;;;;;;;
2024/07/15;1600 UTC;;;;;;;;;;;;;;;;;;
2024/07/15;1700 UTC;;;;;;;;;;;;;;;;;;
2024/07/15;1800 UTC;;;;;;;;;;;;;;;;;;
2024/07/15;1900 UTC;;;;;;;;;;;;;;;;;;
2024/07/15;2000 UTC;;;;;;;;;;;;;;;;;;
2024/07/15;2100 UTC;;;;;;;;;;;;;;;;;;
2024/07/15;2200 UTC;;;;;;;;;;;;;;;;;;
2024/07/15;2300 UTC;;;;;;;;;;;;;;;;;;
2024/07/16;0000 UTC;;;;;;;;;;;;;;;;;;
2024/07/16;0100 UTC;;;;;;;;;;;;;;;;;;
2024/07/16;0200 UTC;;;;;;;;;;;;;;;;;;
2024/07/16;0300 UTC;;;;;;;;;;;;;;;;;;
2024/07/16;0400 UTC;;;;;;;;;;;;;;;;;;
2024/07/16;0500 UTC;;;;;;;;;;;;;;;;;;
2024/07/16;0600 UTC;;;;;;;;;;;;;;;;;;
2024/07/16;0700 UTC;;;;;;;;;;;;;;;;;;
2024/07/16;0800 UTC;;;;;;;;;;;;;;;;;;
2024/07/16;0900 UTC;;;;;;;;;;;;;;;;;;
2024/07/16;1000 UTC;;;;;;;;;;;;;;;;;;
2024/07/16;1100 UTC;;;;;;;;;;;;;;;;;;
2024/07/16;1200 UTC;;;;;;;;;;;;;;;;;;
2024/07/16;1300 UTC;;;;;;;;;;;;;;;;;;
2024/07/16;1400 UTC;;;;;;;;;;;;;;;;;;
2024/07/16;1500 UTC;;;;;;;;;;;;;;;;;;
2024/07/16;1600 UTC;;;;;;;;;;;;;;;;;;
2024/07/16;1700 UTC;;;;;;;;;;;;;;;;;;
2024/07/16;1800 UTC;;;;;;;;;;;;;;;;;;
2024/07/16;1900 UTC;;;;;;;;;;;;;;;;;;
2024/07/16;2000 UTC;;;;;;;;;;;;;;;;;;
2024/07/16;2100 UTC;;;;;;;;;;;;;;;;;;
2024/07/16;2200 UTC;;;;;;;;;;;;;;;;;;
2024/07/16;2300 UTC;;;;;;;;;;;;;;;;;;
2024/07/17;0000 UTC;;;;;;;;;;;;;;;;;;
2024/07/17;0100 UTC;;;;;;;;;;;;;;;;;;
2024/07/17;0200 UTC;;;;;;;;;;;;;;;;;;
2024/07/17;0300 UTC;;;;;;;;;;;;;;;;;;
2024/07/17;0400 UTC;;;;;;;;;;;;;;;;;;
2024/07/17;0500 UTC;;;;;;;;;;;;;;;;;;
2024/07/17;0600 UTC;;;;;;;;;;;;;;;;;;
2024/07/17;0700 UTC;;;;;;;;;;;;;;;;;;
2024/07/17;0800 UTC;;;;;;;;;;;;;;;;;;
2024/07/17;0900 UTC;;;;;;;;;;;;;;;;;;
2024/07/17;1000 UTC;;;;;;;;;;;;;;;;;;
2024/07/17;1100 UTC;;;;;;;;;;;;;;;;;;
2024/07/17;1200 UTC;;;;;;;;;;;;;;;;;;
2024/07/17;1300 UTC;;;;;;;;;;;;;;;;;;
2024/07/17;1400 UTC;;;;;;;;;;;;;;;;;;
2024/07/17;1500 UTC;;;;;;;;;;;;;;;;;;
2024/07/17;1600 UTC;;;;;;;;;;;;;;;;;;
2024/07/17;1700 UTC;;;;;;;;;;;;;;;;;;
2024/07/17;1800 UTC;;;;;;;;;;;;;;;;;;
2024/07/17;1900 UTC;;;;;;;;;;;;;;;;;;
2024/07/17;2000 UTC;;;;;;;;;;;;;;;;;;
2024/07/17;2100 UTC;;;;;;;;;;;;;;;;;;
2024/07/17;2200 UTC;;;;;;;;;;;;;;;;;;
2024/07/17;2300 UTC;;;;;;;;;;;;;;;;;;
2024/07/18;0000 UTC;;;;;;;;;;;;;;;;;;
2024/07/18;0100 UTC;;;;;;;;;;;;;;;;;;
2024/07/18;0200 UTC;;;;;;;;;;;;;;;;;;
2024/07/18;0300 UTC;;;;;;;;;;;;;;;;;;
2024/07/18;0400 UTC;;;;;;;;;;;;;;;;;;
2024/07/18;0500 UTC;;;;;;;;;;;;;;;;;;
2024/07/18;0600 UTC;;;;;;;;;;;;;;;;;;
2024/07/18;0700 UTC;;;;;;;;;;;;;;;;;;
2024/07/18;0800 UTC;;;;;;;;;;;;;;;;;;
2024/07/18;0900 UTC;;;;;;;;;;;;;;;;;;
2024/07/18;1000 UTC;;;;;;;;;;;;;;;;;;
2024/07/18;1100 UTC;;;;;;;;;;;;;;;;;;
2024/07/18;1200 UTC;;;;;;;;;;;;;;;;;;
2024/07/18;1300 UTC;;;;;;;;;;;;;;;;;;
2024/07/18;1400 UTC;;;;;;;;;;;;;;;;;;
2024/07/18;1500 UTC;;;;;;;;;;;;;;;;;;
2024/07/18;1600 UTC;;;;;;;;;;;;;;;;;;
2024/07/18;1700 UTC;;;;;;;;;;;;;;;;;;
2024/07/18;1800 UTC;;;;;;;;;;;;;;;;;;
2024/07/18;1900 UTC;;;;;;;;;;;;;;;;;;
2024/07/18;2000 UTC;;;;;;;;;;;;;;;;;;
2024/07/18;2100 UTC;;;;;;;;;;;;;;;;;;
2024/07/18;2200 UTC;;;;;;;;;;;;;;;;;;
2024/07/18;2300 UTC;;;;;;;;;;;;;;;;;;
2024/07/19;0000 UTC;;;;;;;;;;;;;;;;;;
2024/07/19;0100 UTC;;;;;;;;;;;;;;;;;;
2024/07/19;0200 UTC;;;;;;;;;;;;;;;;;;
2024/07/19;0300 UTC;;;;;;;;;;;;;;;;;;
2024/07/19;0400 UTC;;;;;;;;;;;;;;;;;;
2024/07/19;0500 UTC;;;;;;;;;;;;;;;;;;
2024/07/19;0600 UTC;;;;;;;;;;;;;;;;;;
2024/07/19;0700 UTC;;;;;;;;;;;;;;;;;;
2024/07/19;0800 UTC;;;;;;;;;;;;;;;;;;
2024/07/19;0900 UTC;;;;;;;;;;;;;;;;;;
2024/07/19;1000 UTC;;;;;;;;;;;;;;;;;;
2024/07/19;1100 UTC;;;;;;;;;;;;;;;;;;
2024/07/19;1200 UTC;;;;;;;;;;;;;;;;;;
2024/07/19;1300 UTC;;;;;;;;;;;;;;;;;;
2024/07/19;1400 UTC;0;979,7;;;356,1;26,3;;;;;;;;;93;;6;
2024/07/19;1500 UTC;;;;;;;;;;;;;;;;;;
2024/07/19;1600 UTC;0;978,3;;;1359,9;29,5;;;;;;;;;82;;3,5;
2024/07/19;1700 UTC;;;;;;;;;;;;;;;;;;
2024/07/19;1800 UTC;0;976,5;977,3;976,4;2167,6;30,6;;31,3;30;;;;;;116;5,9;1,7;
2024/07/19;1900 UTC;;;;;;;;;;;;;;;;;;
2024/07/19;2000 UTC;;;;;;;;;;;;;;;;;;
2024/07/19;2100 UTC;;;;;;;;;;;;;;;;;;
2024/07/19;2200 UTC;;;;;;;;;;;;;;;;;;
2024/07/19;2300 UTC;;;;;;;;;;;;;;;;;;
2024/07/20;0000 UTC;;;;;;;;;;;;;;;;;;
2024/07/20;0100 UTC;;;;;;;;;;;;;;;;;;
2024/07/20;0200 UTC;;;;;;;;;;;;;;;;;;
2024/07/20;0300 UTC;;;;;;;;;;;;;;;;;;
2024/07/20;0400 UTC;;;;;;;;;;;;;;;;;;
2024/07/20;0500 UTC;;;;;;;;;;;;;;;;;;
2024/07/20;0600 UTC;;;;;;;;;;;;;;;;;;
2024/07/20;0700 UTC;;;;;;;;;;;;;;;;;;
2024/07/20;0800 UTC;;;;;;;;;;;;;;;;;;
2024/07/20;0900 UTC;;;;;;;;;;;;;;;;;;
2024/07/20;1000 UTC;;;;;;;;;;;;;;;;;;
2024/07/20;1100 UTC;;;;;;;;;;;;;;;;;;
2024/07/20;1200 UTC;;;;;;;;;;;;;;;;;;
2024/07/20;1300 UTC;;;;;;;;;;;;;;;;;;
2024/07/20;1400 UTC;0;979;;;1141,3;25,6;;;;;;;;;95;;3,1;
2024/07/20;1500 UTC;0;978,4;979;978,4;2536,4;27,8;;27,8;25,4;;;;;;129;6,6;3,2;
2024/07/20;1600 UTC;0;977,2;978,4;977,2;2667,5;29;;29,3;27,4;;;;;;120;8,2;2,9;
2024/07/20;1700 UTC;0;976;977,2;976;2543,6;29,2;;30,1;28,4;;;;;;163;6,3;3,1;
2024/07/20;1800 UTC;0;975,2;976;975,2;2191;30;;30,4;29,2;;;;;;216;5,9;1,8;
2024/07/20;1900 UTC;;;;;;;;;;;;;;;;;;
2024/07/20;2000 UTC;;;;;;;;;;;;;;;;;;
2024/07/20;2100 UTC;;;;;;;;;;;;;;;;;;
2024/07/20;2200 UTC;;;;;;;;;;;;;;;;;;
2024/07/20;2300 UTC;;;;;;;;;;;;;;;;;;
2024/07/21;0000 UTC;;;;;;;;;;;;;;;;;;
2024/07/21;0100 UTC;;;;;;;;;;;;;;;;;;
2024/07/21;0200 UTC;;;;;;;;;;;;;;;;;;
2024/07/21;0300 UTC;;;;;;;;;;;;;;;;;;
2024/07/21;0400 UTC;;;;;;;;;;;;;;;;;;
2024/07/21;0500 UTC;;;;;;;;;;;;;;;;;;
2024/07/21;0600 UTC;;;;;;;;;;;;;;;;;;
2024/07/21;0700 UTC;;;;;;;;;;;;;;;;;;
2024/07/21;0800 UTC;;;;;;;;;;;;;;;;;;
2024/07/21;0900 UTC;;;;;;;;;;;;;;;;;;
2024/07/21;1000 UTC;;;;;;;;;;;;;;;;;;
2024/07/21;1100 UTC;;;;;;;;;;;;;;;;;;
2024/07/21;1200 UTC;;;;;;;;;;;;;;;;;;
2024/07/21;1300 UTC;;;;;;;;;;;;;;;;;;
2024/07/21;1400 UTC;;;;;;;;;;;;;;;;;;
2024/07/21;1500 UTC;0;976,5;977;976,5;2089,9;28;;28,2;26,6;;;;;;59;;3,8;
2024/07/21;1600 UTC;;;;;;;;;;;;;;;;;;
2024/07/21;1700 UTC;;;;;;;;;;;;;;;;;;
2024/07/21;1800 UTC;;;;;;;;;;;;;;;;;;
2024/07/21;1900 UTC;;;;;;;;;;;;;;;;;;
2024/07/21;2000 UTC;;;;;;;;;;;;;;;;;;
2024/07/21;2100 UTC;;;;;;;;;;;;;;;;;;
2024/07/21;2200 UTC;;;;;;;;;;;;;;;;;;
2024/07/21;2300 UTC;;;;;;;;;;;;;;;;;;
2024/07/22;0000 UTC;;;;;;;;;;;;;;;;;;
2024/07/22;0100 UTC;;;;;;;;;;;;;;;;;;
2024/07/22;0200 UTC;;;;;;;;;;;;;;;;;;
2024/07/22;0300 UTC;;;;;;;;;;;;;;;;;;
2024/07/22;0400 UTC;;;;;;;;;;;;;;;;;;
2024/07/22;0500 UTC;;;;;;;;;;;;;;;;;;
2024/07/22;0600 UTC;;;;;;;;;;;;;;;;;;
2024/07/22;0700 UTC;;;;;;;;;;;;;;;;;;
2024/07/22;0800 UTC;;;;;;;;;;;;;;;;;;
2024/07/22;0900 UTC;;;;;;;;;;;;;;;;;;
2024/07/22;1000 UTC;;;;;;;;;;;;;;;;;;
2024/07/22;1100 UTC;;;;;;;;;;;;;;;;;;
2024/07/22;1200 UTC;;;;;;;;;;;;;;;;;;
2024/07/22;1300 UTC;;;;;;;;;;;;;;;;;;
2024/07/22;1400 UTC;;;;;;;;;;;;;;;;;;
2024/07/22;1500 UTC;;;;;;;;;;;;;;;;;;
2024/07/22;1600 UTC;;;;;;;;;;;;;;;;;;
2024/07/22;1700 UTC;;;;;;;;;;;;;;;;;;
2024/07/22;1800 UTC;;;;;;;;;;;;;;;;;;
2024/07/22;1900 UTC;;;;;;;;;;;;;;;;;;
2024/07/22;2000 UTC;;;;;;;;;;;;;;;;;;
2024/07/22;2100 UTC;;;;;;;;;;;;;;;;;;
2024/07/22;2200 UTC;;;;;;;;;;;;;;;;;;
2024/07/22;2300 UTC;;;;;;;;;;;;;;;;;;
2024/07/23;0000 UTC;;;;;;;;;;;;;;;;;;
2024/07/23;0100 UTC;;;;;;;;;;;;;;;;;;
2024/07/23;0200 UTC;;;;;;;;;;;;;;;;;;
2024/07/23;0300 UTC;;;;;;;;;;;;;;;;;;
2024/07/23;0400 UTC;;;;;;;;;;;;;;;;;;
2024/07/23;0500 UTC;;;;;;;;;;;;;;;;;;
2024/07/23;0600 UTC;;;;;;;;;;;;;;;;;;
2024/07/23;0700 UTC;;;;;;;;;;;;;;;;;;
2024/07/23;0800 UTC;;;;;;;;;;;;;;;;;;
2024/07/23;0900 UTC;;;;;;;;;;;;;;;;;;
2024/07/23;1000 UTC;;;;;;;;;;;;;;;;;;
2024/07/23;1100 UTC;;;;;;;;;;;;;;;;;;
2024/07/23;1200 UTC;;;;;;;;;;;;;;;;;;
2024/07/23;1300 UTC;;;;;;;;;;;;;;;;;;
2024/07/23;1400 UTC;0;978,6;;;117,1;26,8;;;;;;;;;;;;
2024/07/23;1500 UTC;;;;;;;;;;;;;;;;;;
2024/07/23;1600 UTC;;;;;;;;;;;;;;;;;;
2024/07/23;1700 UTC;;;;;;;;;;;;;;;;;;
2024/07/23;1800 UTC;;;;;;;;;;;;;;;;;;
2024/07/23;1900 UTC;;;;;;;;;;;;;;;;;;
2024/07/23;2000 UTC;;;;;;;;;;;;;;;;;;
2024/07/23;2100 UTC;;;;;;;;;;;;;;;;;;
2024/07/23;2200 UTC;;;;;;;;;;;;;;;;;;
2024/07/23;2300 UTC;;;;;;;;;;;;;;;;;;
2024/07/24;0000 UTC;;;;;;;;;;;;;;;;;;
2024/07/24;0100 UTC;;;;;;;;;;;;;;;;;;
2024/07/24;0200 UTC;;;;;;;;;;;;;;;;;;
2024/07/24;0300 UTC;;;;;;;;;;;;;;;;;;
2024/07/24;0400 UTC;;;;;;;;;;;;;;;;;;
2024/07/24;0500 UTC;;;;;;;;;;;;;;;;;;
2024/07/24;0600 UTC;;;;;;;;;;;;;;;;;;
2024/07/24;0700 UTC;;;;;;;;;;;;;;;;;;
2024/07/24;0800 UTC;;;;;;;;;;;;;;;;;;
2024/07/24;0900 UTC;;;;;;;;;;;;;;;;;;
2024/07/24;1000 UTC;;;;;;;;;;;;;;;;;;
2024/07/24;1100 UTC;;;;;;;;;;;;;;;;;;
2024/07/24;1200 UTC;;;;;;;;;;;;;;;;;;
2024/07/24;1300 UTC;;;;;;;;;;;;;;;;;;
2024/07/24;1400 UTC;0;978,2;;;708,3;26,6;;;;;;;;;61;;4;
2024/07/24;1500 UTC;0;977,6;978,2;977,6;2563,4;29;;29;26,4;;;;;;48;7,8;4,2;
2024/07/24;1600 UTC;0;976,5;977,6;976,5;2658,1;30,9;;31,1;29;;;;;;42;8,1;3,3;
2024/07/24;1700 UTC;;;;;;;;;;;;;;;;;;
2024/07/24;1800 UTC;;;;;;;;;;;;;;;;;;
2024/07/24;1900 UTC;;;;;;;;;;;;;;;;;;
2024/07/24;2000 UTC;;;;;;;;;;;;;;;;;;
2024/07/24;2100 UTC;;;;;;;;;;;;;;;;;;
2024/07/24;2200 UTC;;;;;;;;;;;;;;;;;;
2024/07/24;2300 UTC;;;;;;;;;;;;;;;;;;
2024/07/25;0000 UTC;;;;;;;;;;;;;;;;;;
2024/07/25;0100 UTC;;;;;;;;;;;;;;;;;;
2024/07/25;0200 UTC;;;;;;;;;;;;;;;;;;
2024/07/25;0300 UTC;;;;;;;;;;;;;;;;;;
2024/07/25;0400 UTC;;;;;;;;;;;;;;;;;;
2024/07/25;0500 UTC;;;;;;;;;;;;;;;;;;
2024/07/25;0600 UTC;;;;;;;;;;;;;;;;;;
2024/07/25;0700 UTC;;;;;;;;;;;;;;;;;;
2024/07/25;0800 UTC;;;;;;;;;;;;;;;;;;
2024/07/25;0900 UTC;;;;;;;;;;;;;;;;;;
2024/07/25;1000 UTC;;;;;;;;;;;;;;;;;;
2024/07/25;1100 UTC;;;;;;;;;;;;;;;;;;
2024/07/25;1200 UTC;;;;;;;;;;;;;;;;;;
2024/07/25;1300 UTC;;;;;;;;;;;;;;;;;;
2024/07/25;1400 UTC;;;;;;;;;;;;;;;;;;
2024/07/25;1500 UTC;;;;;;;;;;;;;;;;;;
2024/07/25;1600 UTC;;;;;;;;;;;;;;;;;;
2024/07/25;1700 UTC;;;;;;;;;;;;;;;;;;
2024/07/25;1800 UTC;;;;;;;;;;;;;;;;;;
2024/07/25;1900 UTC;;;;;;;;;;;;;;;;;;
2024/07/25;2000 UTC;;;;;;;;;;;;;;;;;;
2024/07/25;2100 UTC;;;;;;;;;;;;;;;;;;
2024/07/25;2200 UTC;;;;;;;;;;;;;;;;;;
2024/07/25;2300 UTC;;;;;;;;;;;;;;;;;;
2024/07/26;0000 UTC;;;;;;;;;;;;;;;;;;
2024/07/26;0100 UTC;;;;;;;;;;;;;;;;;;
2024/07/26;0200 UTC;;;;;;;;;;;;;;;;;;
2024/07/26;0300 UTC;;;;;;;;;;;;;;;;;;
2024/07/26;0400 UTC;;;;;;;;;;;;;;;;;;
2024/07/26;0500 UTC;;;;;;;;;;;;;;;;;;
2024/07/26;0600 UTC;;;;;;;;;;;;;;;;;;
2024/07/26;0700 UTC;;;;;;;;;;;;;;;;;;
2024/07/26;0800 UTC;;;;;;;;;;;;;;;;;;
2024/07/26;0900 UTC;;;;;;;;;;;;;;;;;;
2024/07/26;1000 UTC;;;;;;;;;;;;;;;;;;
2024/07/26;1100 UTC;;;;;;;;;;;;;;;;;;
2024/07/26;1200 UTC;;;;;;;;;;;;;;;;;;
2024/07/26;1300 UTC;;;;;;;;;;;;;;;;;;
2024/07/26;1400 UTC;;;;;;;;;;;;;;;;;;
2024/07/26;1500 UTC;;;;;;;;;;;;;;;;;;
2024/07/26;1600 UTC;;;;;;;;;;;;;;;;;;
2024/07/26;1700 UTC;;;;;;;;;;;;;;;;;;
2024/07/26;1800 UTC;;;;;;;;;;;;;;;;;;
2024/07/26;1900 UTC;;;;;;;;;;;;;;;;;;
2024/07/26;2000 UTC;;;;;;;;;;;;;;;;;;
2024/07/26;2100 UTC;;;;;;;;;;;;;;;;;;
2024/07/26;2200 UTC;;;;;;;;;;;;;;;;;;
2024/07/26;2300 UTC;;;;;;;;;;;;;;;;;;
2024/07/27;0000 UTC;;;;;;;;;;;;;;;;;;
2024/07/27;0100 UTC;;;;;;;;;;;;;;;;;;
2024/07/27;0200 UTC;;;;;;;;;;;;;;;;;;
2024/07/27;0300 UTC;;;;;;;;;;;;;;;;;;
2024/07/27;0400 UTC;;;;;;;;;;;;;;;;;;
2024/07/27;0500 UTC;;;;;;;;;;;;;;;;;;
2024/07/27;0600 UTC;;;;;;;;;;;;;;;;;;
2024/07/27;0700 UTC;;;;;;;;;;;;;;;;;;
2024/07/27;0800 UTC;;;;;;;;;;;;;;;;;;
2024/07/27;0900 UTC;;;;;;;;;;;;;;;;;;
2024/07/27;1000 UTC;;;;;;;;;;;;;;;;;;
2024/07/27;1100 UTC;;;;;;;;;;;;;;;;;;
2024/07/27;1200 UTC;;;;;;;;;;;;;;;;;;
2024/07/27;1300 UTC;;;;;;;;;;;;;;;;;;
2024/07/27;1400 UTC;;;;;;;;;;;;;;;;;;
2024/07/27;1500 UTC;;;;;;;;;;;;;;;;;;
2024/07/27;1600 UTC;;;;;;;;;;;;;;;;;;
2024/07/27;1700 UTC;;;;;;;;;;;;;;;;;;
2024/07/27;1800 UTC;;;;;;;;;;;;;;;;;;
2024/07/27;1900 UTC;;;;;;;;;;;;;;;;;;
2024/07/27;2000 UTC;;;;;;;;;;;;;;;;;;
2024/07/27;2100 UTC;;;;;;;;;;;;;;;;;;
2024/07/27;2200 UTC;;;;;;;;;;;;;;;;;;
2024/07/27;2300 UTC;;;;;;;;;;;;;;;;;;
2024/07/28;0000 UTC;;;;;;;;;;;;;;;;;;
2024/07/28;0100 UTC;;;;;;;;;;;;;;;;;;
2024/07/28;0200 UTC;;;;;;;;;;;;;;;;;;
2024/07/28;0300 UTC;;;;;;;;;;;;;;;;;;
2024/07/28;0400 UTC;;;;;;;;;;;;;;;;;;
2024/07/28;0500 UTC;;;;;;;;;;;;;;;;;;
2024/07/28;0600 UTC;;;;;;;;;;;;;;;;;;
2024/07/28;0700 UTC;;;;;;;;;;;;;;;;;;
2024/07/28;0800 UTC;;;;;;;;;;;;;;;;;;
2024/07/28;0900 UTC;;;;;;;;;;;;;;;;;;
2024/07/28;1000 UTC;;;;;;;;;;;;;;;;;;
2024/07/28;1100 UTC;;;;;;;;;;;;;;;;;;
2024/07/28;1200 UTC;;;;;;;;;;;;;;;;;;
2024/07/28;1300 UTC;;;;;;;;;;;;;;;;;;
2024/07/28;1400 UTC;;;;;;;;;;;;;;;;;;
2024/07/28;1500 UTC;;;;;;;;;;;;;;;;;;
2024/07/28;1600 UTC;;;;;;;;;;;;;;;;;;
2024/07/28;1700 UTC;;;;;;;;;;;;;;;;;;
2024/07/28;1800 UTC;;;;;;;;;;;;;;;;;;
2024/07/28;1900 UTC;;;;;;;;;;;;;;;;;;
2024/07/28;2000 UTC;;;;;;;;;;;;;;;;;;
2024/07/28;2100 UTC;;;;;;;;;;;;;;;;;;
2024/07/28;2200 UTC;;;;;;;;;;;;;;;;;;
2024/07/28;2300 UTC;;;;;;;;;;;;;;;;;;
2024/07/29;0000 UTC;;;;;;;;;;;;;;;;;;
2024/07/29;0100 UTC;;;;;;;;;;;;;;;;;;
2024/07/29;0200 UTC;;;;;;;;;;;;;;;;;;
2024/07/29;0300 UTC;;;;;;;;;;;;;;;;;;
2024/07/29;0400 UTC;;;;;;;;;;;;;;;;;;
2024/07/29;0500 UTC;;;;;;;;;;;;;;;;;;
2024/07/29;0600 UTC;;;;;;;;;;;;;;;;;;
2024/07/29;0700 UTC;;;;;;;;;;;;;;;;;;
2024/07/29;0800 UTC;;;;;;;;;;;;;;;;;;
2024/07/29;0900 UTC;;;;;;;;;;;;;;;;;;
2024/07/29;1000 UTC;;;;;;;;;;;;;;;;;;
2024/07/29;1100 UTC;;;;;;;;;;;;;;;;;;
2024/07/29;1200 UTC;;;;;;;;;;;;;;;;;;
2024/07/29;1300 UTC;;;;;;;;;;;;;;;;;;
2024/07/29;1400 UTC;;;;;;;;;;;;;;;;;;
2024/07/29;1500 UTC;;;;;;;;;;;;;;;;;;
2024/07/29;1600 UTC;;;;;;;;;;;;;;;;;;
2024/07/29;1700 UTC;;;;;;;;;;;;;;;;;;
2024/07/29;1800 UTC;;;;;;;;;;;;;;;;;;
2024/07/29;1900 UTC;;;;;;;;;;;;;;;;;;
2024/07/29;2000 UTC;;;;;;;;;;;;;;;;;;
2024/07/29;2100 UTC;;;;;;;;;;;;;;;;;;
2024/07/29;2200 UTC;;;;;;;;;;;;;;;;;;
2024/07/29;2300 UTC;;;;;;;;;;;;;;;;;;
2024/07/30;0000 UTC;;;;;;;;;;;;;;;;;;
2024/07/30;0100 UTC;;;;;;;;;;;;;;;;;;
2024/07/30;0200 UTC;;;;;;;;;;;;;;;;;;
2024/07/30;0300 UTC;;;;;;;;;;;;;;;;;;
2024/07/30;0400 UTC;;;;;;;;;;;;;;;;;;
2024/07/30;0500 UTC;;;;;;;;;;;;;;;;;;
2024/07/30;0600 UTC;;;;;;;;;;;;;;;;;;
2024/07/30;0700 UTC;;;;;;;;;;;;;;;;;;
2024/07/30;0800 UTC;;;;;;;;;;;;;;;;;;
2024/07/30;0900 UTC;;;;;;;;;;;;;;;;;;
2024/07/30;1000 UTC;;;;;;;;;;;;;;;;;;
2024/07/30;1100 UTC;;;;;;;;;;;;;;;;;;
2024/07/30;1200 UTC;;;;;;;;;;;;;;;;;;
2024/07/30;1300 UTC;;;;;;;;;;;;;;;;;;
2024/07/30;1400 UTC;;;;;;;;;;;;;;;;;;
2024/07/30;1500 UTC;;;;;;;;;;;;;;;;;;
2024/07/30;1600 UTC;;;;;;;;;;;;;;;;;;
2024/07/30;1700 UTC;;;;;;;;;;;;;;;;;;
2024/07/30;1800 UTC;;;;;;;;;;;;;;;;;;
2024/07/30;1900 UTC;;;;;;;;;;;;;;;;;;
2024/07/30;2000 UTC;;;;;;;;;;;;;;;;;;
2024/07/30;2100 UTC;;;;;;;;;;;;;;;;;;
2024/07/30;2200 UTC;;;;;;;;;;;;;;;;;;
2024/07/30;2300 UTC;;;;;;;;;;;;;;;;;;
2024/07/31;0000 UTC;;;;;;;;;;;;;;;;;;
2024/07/31;0100 UTC;;;;;;;;;;;;;;;;;;
2024/07/31;0200 UTC;;;;;;;;;;;;;;;;;;
2024/07/31;0300 UTC;;;;;;;;;;;;;;;;;;
2024/07/31;0400 UTC;;;;;;;;;;;;;;;;;;
2024/07/31;0500 UTC;;;;;;;;;;;;;;;;;;
2024/07/31;0600 UTC;;;;;;;;;;;;;;;;;;
2024/07/31;0700 UTC;;;;;;;;;;;;;;;;;;
2024/07/31;0800 UTC;;;;;;;;;;;;;;;;;;
2024/07/31;0900 UTC;;;;;;;;;;;;;;;;;;
2024/07/31;1000 UTC;;;;;;;;;;;;;;;;;;
2024/07/31;1100 UTC;;;;;;;;;;;;;;;;;;
2024/07/31;1200 UTC;;;;;;;;;;;;;;;;;;
2024/07/31;1300 UTC;;;;;;;;;;;;;;;;;;
2024/07/31;1400 UTC;;;;;;;;;;;;;;;;;;
2024/07/31;1500 UTC;;;;;;;;;;;;;;;;;;
2024/07/31;1600 UTC;;;;;;;;;;;;;;;;;;
2024/07/31;1700 UTC;;;;;;;;;;;;;;;;;;
2024/07/31;1800 UTC;;;;;;;;;;;;;;;;;;
2024/07/31;1900 UTC;;;;;;;;;;;;;;;;;;
2024/07/31;2000 UTC;;;;;;;;;;;;;;;;;;
2024/07/31;2100 UTC;;;;;;;;;;;;;;;;;;
2024/07/31;2200 UTC;;;;;;;;;;;;;;;;;;
2024/07/31;2300 UTC;;;;;;;;;;;;;;;;;;
2024/08/01;0000 UTC;;;;;;;;;;;;;;;;;;
2024/08/01;0100 UTC;;;;;;;;;;;;;;;;;;
2024/08/01;0200 UTC;;;;;;;;;;;;;;;;;;
2024/08/01;0300 UTC;;;;;;;;;;;;;;;;;;
2024/08/01;0400 UTC;;;;;;;;;;;;;;;;;;
2024/08/01;0500 UTC;;;;;;;;;;;;;;;;;;
2024/08/01;0600 UTC;;;;;;;;;;;;;;;;;;
2024/08/01;0700 UTC;;;;;;;;;;;;;;;;;;
2024/08/01;0800 UTC;;;;;;;;;;;;;;;;;;
2024/08/01;0900 UTC;;;;;;;;;;;;;;;;;;
2024/08/01;1000 UTC;;;;;;;;;;;;;;;;;;
2024/08/01;1100 UTC;;;;;;;;;;;;;;;;;;
2024/08/01;1200 UTC;;;;;;;;;;;;;;;;;;
2024/08/01;1300 UTC;;;;;;;;;;;;;;;;;;
2024/08/01;1400 UTC;;;;;;;;;;;;;;;;;;
2024/08/01;1500 UTC;;;;;;;;;;;;;;;;;;
2024/08/01;1600 UTC;;;;;;;;;;;;;;;;;;
2024/08/01;1700 UTC;;;;;;;;;;;;;;;;;;
2024/08/01;1800 UTC;;;;;;;;;;;;;;;;;;
2024/08/01;1900 UTC;;;;;;;;;;;;;;;;;;
2024/08/01;2000 UTC;;;;;;;;;;;;;;;;;;
2024/08/01;2100 UTC;;;;;;;;;;;;;;;;;;
2024/08/01;2200 UTC;;;;;;;;;;;;;;;;;;
2024/08/01;2300 UTC;;;;;;;;;;;;;;;;;;
2024/08/02;0000 UTC;;;;;;;;;;;;;;;;;;
2024/08/02;0100 UTC;;;;;;;;;;;;;;;;;;
2024/08/02;0200 UTC;;;;;;;;;;;;;;;;;;
2024/08/02;0300 UTC;;;;;;;;;;;;;;;;;;
2024/08/02;0400 UTC;;;;;;;;;;;;;;;;;;
2024/08/02;0500 UTC;;;;;;;;;;;;;;;;;;
2024/08/02;0600 UTC;;;;;;;;;;;;;;;;;;
2024/08/02;0700 UTC;;;;;;;;;;;;;;;;;;
2024/08/02;0800 UTC;;;;;;;;;;;;;;;;;;
2024/08/02;0900 UTC;;;;;;;;;;;;;;;;;;
2024/08/02;1000 UTC;;;;;;;;;;;;;;;;;;
2024/08/02;1100 UTC;;;;;;;;;;;;;;;;;;
2024/08/02;1200 UTC;;;;;;;;;;;;;;;;;;
2024/08/02;1300 UTC;;;;;;;;;;;;;;;;;;
2024/08/02;1400 UTC;;;;;;;;;;;;;;;;;;
2024/08/02;1500 UTC;;;;;;;;;;;;;;;;;;
2024/08/02;1600 UTC;;;;;;;;;;;;;;;;;;
2024/08/02;1700 UTC;;;;;;;;;;;;;;;;;;
2024/08/02;1800 UTC;;;;;;;;;;;;;;;;;;
2024/08/02;1900 UTC;;;;;;;;;;;;;;;;;;
2024/08/02;2000 UTC;;;;;;;;;;;;;;;;;;
2024/08/02;2100 UTC;;;;;;;;;;;;;;;;;;
2024/08/02;2200 UTC;;;;;;;;;;;;;;;;;;
2024/08/02;2300 UTC;;;;;;;;;;;;;;;;;;
2024/08/03;0000 UTC;;;;;;;;;;;;;;;;;;
2024/08/03;0100 UTC;;;;;;;;;;;;;;;;;;
2024/08/03;0200 UTC;;;;;;;;;;;;;;;;;;
2024/08/03;0300 UTC;;;;;;;;;;;;;;;;;;
2024/08/03;0400 UTC;;;;;;;;;;;;;;;;;;
2024/08/03;0500 UTC;;;;;;;;;;;;;;;;;;
2024/08/03;0600 UTC;;;;;;;;;;;;;;;;;;
2024/08/03;0700 UTC;;;;;;;;;;;;;;;;;;
2024/08/03;0800 UTC;;;;;;;;;;;;;;;;;;
2024/08/03;0900 UTC;;;;;;;;;;;;;;;;;;
2024/08/03;1000 UTC;;;;;;;;;;;;;;;;;;
2024/08/03;1100 UTC;;;;;;;;;;;;;;;;;;
2024/08/03;1200 UTC;;;;;;;;;;;;;;;;;;
2024/08/03;1300 UTC;;;;;;;;;;;;;;;;;;
2024/08/03;1400 UTC;;;;;;;;;;;;;;;;;;
2024/08/03;1500 UTC;;;;;;;;;;;;;;;;;;
2024/08/03;1600 UTC;0;972,8;;;176,2;32,1;;;;;;;;;;;;
2024/08/03;1700 UTC;;;;;;;;;;;;;;;;;;
2024/08/03;1800 UTC;;;;;;;;;;;;;;;;;;
2024/08/03;1900 UTC;;;;;;;;;;;;;;;;;;
2024/08/03;2000 UTC;;;;;;;;;;;;;;;;;;
2024/08/03;2100 UTC;;;;;;;;;;;;;;;;;;
2024/08/03;2200 UTC;;;;;;;;;;;;;;;;;;
2024/08/03;2300 UTC;;;;;;;;;;;;;;;;;;
2024/08/04;0000 UTC;;;;;;;;;;;;;;;;;;
2024/08/04;0100 UTC;;;;;;;;;;;;;;;;;;
2024/08/04;0200 UTC;;;;;;;;;;;;;;;;;;
2024/08/04;0300 UTC;;;;;;;;;;;;;;;;;;
2024/08/04;0400 UTC;;;;;;;;;;;;;;;;;;
2024/08/04;0500 UTC;;;;;;;;;;;;;;;;;;
2024/08/04;0600 UTC;;;;;;;;;;;;;;;;;;
2024/08/04;0700 UTC;;;;;;;;;;;;;;;;;;
2024/08/04;0800 UTC;;;;;;;;;;;;;;;;;;
2024/08/04;0900 UTC;;;;;;;;;;;;;;;;;;
2024/08/04;1000 UTC;;;;;;;;;;;;;;;;;;
2024/08/04;1100 UTC;;;;;;;;;;;;;;;;;;
2024/08/04;1200 UTC;;;;;;;;;;;;;;;;;;
2024/08/04;1300 UTC;;;;;;;;;;;;;;;;;;
2024/08/04;1400 UTC;;;;;;;;;;;;;;;;;;
2024/08/04;1500 UTC;;;;;;;;;;;;;;;;;;
2024/08/04;1600 UTC;;;;;;;;;;;;;;;;;;
2024/08/04;1700 UTC;0;972,7;;;452;32,3;;;;;;;;;37;;6;
2024/08/04;1800 UTC;0;972,1;;;416,9;32,5;;;;;;;;;34;;4,7;
2024/08/04;1900 UTC;0;971,8;;;306,6;31,9;;;;;;;;;30;;3,9;
2024/08/04;2000 UTC;;;;;;;;;;;;;;;;;;
2024/08/04;2100 UTC;;;;;;;;;;;;;;;;;;
2024/08/04;2200 UTC;;;;;;;;;;;;;;;;;;
2024/08/04;2300 UTC;;;;;;;;;;;;;;;;;;
2024/08/05;0000 UTC;;;;;;;;;;;;;;;;;;
2024/08/05;0100 UTC;;;;;;;;;;;;;;;;;;
2024/08/05;0200 UTC;;;;;;;;;;;;;;;;;;
2024/08/05;0300 UTC;;;;;;;;;;;;;;;;;;
2024/08/05;0400 UTC;;;;;;;;;;;;;;;;;;
2024/08/05;0500 UTC;;;;;;;;;;;;;;;;;;
2024/08/05;0600 UTC;;;;;;;;;;;;;;;;;;
2024/08/05;0700 UTC;;;;;;;;;;;;;;;;;;
2024/08/05;0800 UTC;;;;;;;;;;;;;;;;;;
2024/08/05;0900 UTC;;;;;;;;;;;;;;;;;;
2024/08/05;1000 UTC;;;;;;;;;;;;;;;;;;
2024/08/05;1100 UTC;;;;;;;;;;;;;;;;;;
2024/08/05;1200 UTC;;;;;;;;;;;;;;;;;;
2024/08/05;1300 UTC;;;;;;;;;;;;;;;;;;
2024/08/05;1400 UTC;0;975,6;;;548;29,7;;;;;;;;;38;;6,4;
2024/08/05;1500 UTC;;;;;;;;;;;;;;;;;;
2024/08/05;1600 UTC;0;973,8;;;487,2;32,1;;;;;;;;;22;;5,9;
2024/08/05;1700 UTC;;;;;;;;;;;;;;;;;;
2024/08/05;1800 UTC;;;;;;;;;;;;;;;;;;
2024/08/05;1900 UTC;;;;;;;;;;;;;;;;;;
2024/08/05;2000 UTC;;;;;;;;;;;;;;;;;;
2024/08/05;2100 UTC;;;;;;;;;;;;;;;;;;
2024/08/05;2200 UTC;;;;;;;;;;;;;;;;;;
2024/08/05;2300 UTC;;;;;;;;;;;;;;;;;;
2024/08/06;0000 UTC;;;;;;;;;;;;;;;;;;
2024/08/06;0100 UTC;;;;;;;;;;;;;;;;;;
2024/08/06;0200 UTC;;;;;;;;;;;;;;;;;;
2024/08/06;0300 UTC;;;;;;;;;;;;;;;;;;
2024/08/06;0400 UTC;;;;;;;;;;;;;;;;;;
2024/08/06;0500 UTC;;;;;;;;;;;;;;;;;;
2024/08/06;0600 UTC;;;;;;;;;;;;;;;;;;
2024/08/06;0700 UTC;;;;;;;;;;;;;;;;;;
2024/08/06;0800 UTC;;;;;;;;;;;;;;;;;;
2024/08/06;0900 UTC;;;;;;;;;;;;;;;;;;
2024/08/06;1000 UTC;;;;;;;;;;;;;;;;;;
2024/08/06;1100 UTC;;;;;;;;;;;;;;;;;;
2024/08/06;1200 UTC;;;;;;;;;;;;;;;;;;
2024/08/06;1300 UTC;;;;;;;;;;;;;;;;;;
2024/08/06;1400 UTC;;;;;;;;;;;;;;;;;;
2024/08/06;1500 UTC;;;;;;;;;;;;;;;;;;
2024/08/06;1600 UTC;0;971,6;;;142,7;33;;;;;;;;;;;;
2024/08/06;1700 UTC;;;;;;;;;;;;;;;;;;
2024/08/06;1800 UTC;;;;;;;;;;;;;;;;;;
2024/08/06;1900 UTC;;;;;;;;;;;;;;;;;;
2024/08/06;2000 UTC;;;;;;;;;;;;;;;;;;
2024/08/06;2100 UTC;;;;;;;;;;;;;;;;;;
2024/08/06;2200 UTC;;;;;;;;;;;;;;;;;;
2024/08/06;2300 UTC;;;;;;;;;;;;;;;;;;
2024/08/07;0000 UTC;;;;;;;;;;;;;;;;;;
2024/08/07;0100 UTC;;;;;;;;;;;;;;;;;;
2024/08/07;0200 UTC;;;;;;;;;;;;;;;;;;
2024/08/07;0300 UTC;;;;;;;;;;;;;;;;;;
2024/08/07;0400 UTC;;;;;;;;;;;;;;;;;;
2024/08/07;0500 UTC;;;;;;;;;;;;;;;;;;
2024/08/07;0600 UTC;;;;;;;;;;;;;;;;;;
2024/08/07;0700 UTC;;;;;;;;;;;;;;;;;;
2024/08/07;0800 UTC;;;;;;;;;;;;;;;;;;
2024/08/07;0900 UTC;;;;;;;;;;;;;;;;;;
2024/08/07;1000 UTC;;;;;;;;;;;;;;;;;;
2024/08/07;1100 UTC;;;;;;;;;;;;;;;;;;
2024/08/07;1200 UTC;;;;;;;;;;;;;;;;;;
2024/08/07;1300 UTC;;;;;;;;;;;;;;;;;;
2024/08/07;1400 UTC;;;;;;;;;;;;;;;;;;
2024/08/07;1500 UTC;;;;;;;;;;;;;;;;;;
2024/08/07;1600 UTC;;;;;;;;;;;;;;;;;;
2024/08/07;1700 UTC;;;;;;;;;;;;;;;;;;
2024/08/07;1800 UTC;;;;;;;;;;;;;;;;;;
2024/08/07;1900 UTC;;;;;;;;;;;;;;;;;;
2024/08/07;2000 UTC;;;;;;;;;;;;;;;;;;
2024/08/07;2100 UTC;;;;;;;;;;;;;;;;;;
2024/08/07;2200 UTC;;;;;;;;;;;;;;;;;;
2024/08/07;2300 UTC;;;;;;;;;;;;;;;;;;
2024/08/08;0000 UTC;;;;;;;;;;;;;;;;;;
2024/08/08;0100 UTC;;;;;;;;;;;;;;;;;;
2024/08/08;0200 UTC;;;;;;;;;;;;;;;;;;
2024/08/08;0300 UTC;;;;;;;;;;;;;;;;;;
2024/08/08;0400 UTC;;;;;;;;;;;;;;;;;;
2024/08/08;0500 UTC;;;;;;;;;;;;;;;;;;
2024/08/08;0600 UTC;;;;;;;;;;;;;;;;;;
2024/08/08;0700 UTC;;;;;;;;;;;;;;;;;;
2024/08/08;0800 UTC;;;;;;;;;;;;;;;;;;
2024/08/08;0900 UTC;;;;;;;;;;;;;;;;;;
2024/08/08;1000 UTC;;;;;;;;;;;;;;;;;;
2024/08/08;1100 UTC;;;;;;;;;;;;;;;;;;
2024/08/08;1200 UTC;;;;;;;;;;;;;;;;;;
2024/08/08;1300 UTC;;;;;;;;;;;;;;;;;;
2024/08/08;1400 UTC;;;;;;;;;;;;;;;;;;
2024/08/08;1500 UTC;0;970,1;;;126,5;29,1;;;;;;;;;;;;
2024/08/08;1600 UTC;;;;;;;;;;;;;;;;;;
2024/08/08;1700 UTC;;;;;;;;;;;;;;;;;;
2024/08/08;1800 UTC;;;;;;;;;;;;;;;;;;
2024/08/08;1900 UTC;;;;;;;;;;;;;;;;;;
2024/08/08;2000 UTC;;;;;;;;;;;;;;;;;;
2024/08/08;2100 UTC;;;;;;;;;;;;;;;;;;
2024/08/08;2200 UTC;;;;;;;;;;;;;;;;;;
2024/08/08;2300 UTC;;;;;;;;;;;;;;;;;;
2024/08/09;0000 UTC;;;;;;;;;;;;;;;;;;
2024/08/09;0100 UTC;;;;;;;;;;;;;;;;;;
2024/08/09;0200 UTC;;;;;;;;;;;;;;;;;;
2024/08/09;0300 UTC;;;;;;;;;;;;;;;;;;
2024/08/09;0400 UTC;;;;;;;;;;;;;;;;;;
2024/08/09;0500 UTC;;;;;;;;;;;;;;;;;;
2024/08/09;0600 UTC;;;;;;;;;;;;;;;;;;
2024/08/09;0700 UTC;;;;;;;;;;;;;;;;;;
2024/08/09;0800 UTC;;;;;;;;;;;;;;;;;;
2024/08/09;0900 UTC;;;;;;;;;;;;;;;;;;
2024/08/09;1000 UTC;;;;;;;;;;;;;;;;;;
2024/08/09;1100 UTC;;;;;;;;;;;;;;;;;;
2024/08/09;1200 UTC;;;;;;;;;;;;;;;;;;
2024/08/09;1300 UTC;;;;;;;;;;;;;;;;;;
2024/08/09;1400 UTC;;;;;;;;;;;;;;;;;;
2024/08/09;1500 UTC;;;;;;;;;;;;;;;;;;
2024/08/09;1600 UTC;;;;;;;;;;;;;;;;;;
2024/08/09;1700 UTC;;;;;;;;;;;;;;;;;;
2024/08/09;1800 UTC;;;;;;;;;;;;;;;;;;
2024/08/09;1900 UTC;;;;;;;;;;;;;;;;;;
2024/08/09;2000 UTC;;;;;;;;;;;;;;;;;;
2024/08/09;2100 UTC;;;;;;;;;;;;;;;;;;
2024/08/09;2200 UTC;;;;;;;;;;;;;;;;;;
2024/08/09;2300 UTC;;;;;;;;;;;;;;;;;;
2024/08/10;0000 UTC;;;;;;;;;;;;;;;;;;
2024/08/10;0100 UTC;;;;;;;;;;;;;;;;;;
2024/08/10;0200 UTC;;;;;;;;;;;;;;;;;;
2024/08/10;0300 UTC;;;;;;;;;;;;;;;;;;
2024/08/10;0400 UTC;;;;;;;;;;;;;;;;;;
2024/08/10;0500 UTC;;;;;;;;;;;;;;;;;;
2024/08/10;0600 UTC;;;;;;;;;;;;;;;;;;
2024/08/10;0700 UTC;;;;;;;;;;;;;;;;;;
2024/08/10;0800 UTC;;;;;;;;;;;;;;;;;;
2024/08/10;0900 UTC;;;;;;;;;;;;;;;;;;
2024/08/10;1000 UTC;;;;;;;;;;;;;;;;;;
2024/08/10;1100 UTC;;;;;;;;;;;;;;;;;;
2024/08/10;1200 UTC;;;;;;;;;;;;;;;;;;
2024/08/10;1300 UTC;0;978,7;;;412,5;10,7;;;;;;;;;204;;2,6;
2024/08/10;1400 UTC;;;;;;;;;;;;;;;;;;
2024/08/10;1500 UTC;;;;;;;;;;;;;;;;;;
2024/08/10;1600 UTC;;;;;;;;;;;;;;;;;;
2024/08/10;1700 UTC;;;;;;;;;;;;;;;;;;
2024/08/10;1800 UTC;;;;;;;;;;;;;;;;;;
2024/08/10;1900 UTC;0;974,6;;;521,3;19,7;;;;;;;;;199;;2;
2024/08/10;2000 UTC;;;;;;;;;;;;;;;;;;
2024/08/10;2100 UTC;;;;;;;;;;;;;;;;;;
2024/08/10;2200 UTC;;;;;;;;;;;;;;;;;;
2024/08/10;2300 UTC;;;;;;;;;;;;;;;;;;
2024/08/11;0000 UTC;;;;;;;;;;;;;;;;;;
2024/08/11;0100 UTC;;;;;;;;;;;;;;;;;;
2024/08/11;0200 UTC;;;;;;;;;;;;;;;;;;
2024/08/11;0300 UTC;;;;;;;;;;;;;;;;;;
2024/08/11;0400 UTC;;;;;;;;;;;;;;;;;;
2024/08/11;0500 UTC;;;;;;;;;;;;;;;;;;
2024/08/11;0600 UTC;;;;;;;;;;;;;;;;;;
2024/08/11;0700 UTC;;;;;;;;;;;;;;;;;;
2024/08/11;0800 UTC;;;;;;;;;;;;;;;;;;
2024/08/11;0900 UTC;;;;;;;;;;;;;;;;;;
2024/08/11;1000 UTC;;;;;;;;;;;;;;;;;;
2024/08/11;1100 UTC;;;;;;;;;;;;;;;;;;
2024/08/11;1200 UTC;;;;;;;;;;;;;;;;;;
2024/08/11;1300 UTC;;;;;;;;;;;;;;;;;;
2024/08/11;1400 UTC;;;;;;;;;;;;;;;;;;
2024/08/11;1500 UTC;;;;;;;;;;;;;;;;;;
2024/08/11;1600 UTC;;;;;;;;;;;;;;;;;;
2024/08/11;1700 UTC;;;;;;;;;;;;;;;;;;
2024/08/11;1800 UTC;;;;;;;;;;;;;;;;;;
2024/08/11;1900 UTC;;;;;;;;;;;;;;;;;;
2024/08/11;2000 UTC;;;;;;;;;;;;;;;;;;
2024/08/11;2100 UTC;;;;;;;;;;;;;;;;;;
2024/08/11;2200 UTC;;;;;;;;;;;;;;;;;;
2024/08/11;2300 UTC;;;;;;;;;;;;;;;;;;
2024/08/12;0000 UTC;;;;;;;;;;;;;;;;;;
2024/08/12;0100 UTC;;;;;;;;;;;;;;;;;;
2024/08/12;0200 UTC;;;;;;;;;;;;;;;;;;
2024/08/12;0300 UTC;;;;;;;;;;;;;;;;;;
2024/08/12;0400 UTC;;;;;;;;;;;;;;;;;;
2024/08/12;0500 UTC;;;;;;;;;;;;;;;;;;
2024/08/12;0600 UTC;;;;;;;;;;;;;;;;;;
2024/08/12;0700 UTC;;;;;;;;;;;;;;;;;;
2024/08/12;0800 UTC;;;;;;;;;;;;;;;;;;
2024/08/12;0900 UTC;;;;;;;;;;;;;;;;;;
2024/08/12;1000 UTC;;;;;;;;;;;;;;;;;;
2024/08/12;1100 UTC;;;;;;;;;;;;;;;;;;
2024/08/12;1200 UTC;;;;;;;;;;;;;;;;;;
2024/08/12;1300 UTC;;;;;;;;;;;;;;;;;;
2024/08/12;1400 UTC;;;;;;;;;;;;;;;;;;
2024/08/12;1500 UTC;0;978,2;;;145,3;19,5;;;;;;;;;;;;
2024/08/12;1600 UTC;;;;;;;;;;;;;;;;;;
2024/08/12;1700 UTC;;;;;;;;;;;;;;;;;;
2024/08/12;1800 UTC;;;;;;;;;;;;;;;;;;
2024/08/12;1900 UTC;;;;;;;;;;;;;;;;;;
2024/08/12;2000 UTC;;;;;;;;;;;;;;;;;;
2024/08/12;2100 UTC;;;;;;;;;;;;;;;;;;
2024/08/12;2200 UTC;;;;;;;;;;;;;;;;;;
2024/08/12;2300 UTC;;;;;;;;;;;;;;;;;;
2024/08/13;0000 UTC;;;;;;;;;;;;;;;;;;
2024/08/13;0100 UTC;;;;;;;;;;;;;;;;;;
2024/08/13;0200 UTC;;;;;;;;;;;;;;;;;;
2024/08/13;0300 UTC;;;;;;;;;;;;;;;;;;
2024/08/13;0400 UTC;;;;;;;;;;;;;;;;;;
2024/08/13;0500 UTC;;;;;;;;;;;;;;;;;;
2024/08/13;0600 UTC;;;;;;;;;;;;;;;;;;
2024/08/13;0700 UTC;;;;;;;;;;;;;;;;;;
2024/08/13;0800 UTC;;;;;;;;;;;;;;;;;;
2024/08/13;0900 UTC;;;;;;;;;;;;;;;;;;
2024/08/13;1000 UTC;;;;;;;;;;;;;;;;;;
2024/08/13;1100 UTC;;;;;;;;;;;;;;;;;;
2024/08/13;1200 UTC;;;;;;;;;;;;;;;;;;
2024/08/13;1300 UTC;;;;;;;;;;;;;;;;;;
2024/08/13;1400 UTC;;;;;;;;;;;;;;;;;;
2024/08/13;1500 UTC;;;;;;;;;;;;;;;;;;
2024/08/13;1600 UTC;;;;;;;;;;;;;;;;;;
2024/08/13;1700 UTC;;;;;;;;;;;;;;;;;;
2024/08/13;1800 UTC;;;;;;;;;;;;;;;;;;
2024/08/13;1900 UTC;;;;;;;;;;;;;;;;;;
2024/08/13;2000 UTC;;;;;;;;;;;;;;;;;;
2024/08/13;2100 UTC;;;;;;;;;;;;;;;;;;
2024/08/13;2200 UTC;;;;;;;;;;;;;;;;;;
2024/08/13;2300 UTC;;;;;;;;;;;;;;;;;;
2024/08/14;0000 UTC;;;;;;;;;;;;;;;;;;
2024/08/14;0100 UTC;;;;;;;;;;;;;;;;;;
2024/08/14;0200 UTC;;;;;;;;;;;;;;;;;;
2024/08/14;0300 UTC;;;;;;;;;;;;;;;;;;
2024/08/14;0400 UTC;;;;;;;;;;;;;;;;;;
2024/08/14;0500 UTC;;;;;;;;;;;;;;;;;;
2024/08/14;0600 UTC;;;;;;;;;;;;;;;;;;
2024/08/14;0700 UTC;;;;;;;;;;;;;;;;;;
2024/08/14;0800 UTC;;;;;;;;;;;;;;;;;;
2024/08/14;0900 UTC;;;;;;;;;;;;;;;;;;
2024/08/14;1000 UTC;;;;;;;;;;;;;;;;;;
2024/08/14;1100 UTC;;;;;;;;;;;;;;;;;;
2024/08/14;1200 UTC;;;;;;;;;;;;;;;;;;
2024/08/14;1300 UTC;;;;;;;;;;;;;;;;;;
2024/08/14;1400 UTC;;;;;;;;;;;;;;;;;;
2024/08/14;1500 UTC;;;;;;;;;;;;;;;;;;
2024/08/14;1600 UTC;;;;;;;;;;;;;;;;;;
2024/08/14;1700 UTC;;;;;;;;;;;;;;;;;;
2024/08/14;1800 UTC;0;972,6;;;352,1;27,8;;;;;;;;;9;;2,1;
2024/08/14;1900 UTC;0;972,2;;;494,6;27,9;;;;;;;;;135;;1,1;
2024/08/14;2000 UTC;;;;;;;;;;;;;;;;;;
2024/08/14;2100 UTC;;;;;;;;;;;;;;;;;;
2024/08/14;2200 UTC;;;;;;;;;;;;;;;;;;
2024/08/14;2300 UTC;;;;;;;;;;;;;;;;;;
2024/08/15;0000 UTC;;;;;;;;;;;;;;;;;;
2024/08/15;0100 UTC;;;;;;;;;;;;;;;;;;
2024/08/15;0200 UTC;;;;;;;;;;;;;;;;;;
2024/08/15;0300 UTC;;;;;;;;;;;;;;;;;;
2024/08/15;0400 UTC;;;;;;;;;;;;;;;;;;
2024/08/15;0500 UTC;;;;;;;;;;;;;;;;;;
2024/08/15;0600 UTC;;;;;;;;;;;;;;;;;;
2024/08/15;0700 UTC;;;;;;;;;;;;;;;;;;
2024/08/15;0800 UTC;;;;;;;;;;;;;;;;;;
2024/08/15;0900 UTC;;;;;;;;;;;;;;;;;;
2024/08/15;1000 UTC;;;;;;;;;;;;;;;;;;
2024/08/15;1100 UTC;;;;;;;;;;;;;;;;;;
2024/08/15;1200 UTC;0;974,7;;;163,1;21,5;;;;;;;;;;;;
2024/08/15;1300 UTC;;;;;;;;;;;;;;;;;;
2024/08/15;1400 UTC;;;;;;;;;;;;;;;;;;
2024/08/15;1500 UTC;;;;;;;;;;;;;;;;;;
2024/08/15;1600 UTC;;;;;;;;;;;;;;;;;;
2024/08/15;1700 UTC;;;;;;;;;;;;;;;;;;
2024/08/15;1800 UTC;;;;;;;;;;;;;;;;;;
2024/08/15;1900 UTC;;;;;;;;;;;;;;;;;;
2024/08/15;2000 UTC;;;;;;;;;;;;;;;;;;
2024/08/15;2100 UTC;;;;;;;;;;;;;;;;;;
2024/08/15;2200 UTC;;;;;;;;;;;;;;;;;;
2024/08/15;2300 UTC;;;;;;;;;;;;;;;;;;
2024/08/16;0000 UTC;;;;;;;;;;;;;;;;;;
2024/08/16;0100 UTC;;;;;;;;;;;;;;;;;;
2024/08/16;0200 UTC;;;;;;;;;;;;;;;;;;
2024/08/16;0300 UTC;;;;;;;;;;;;;;;;;;
2024/08/16;0400 UTC;;;;;;;;;;;;;;;;;;
2024/08/16;0500 UTC;;;;;;;;;;;;;;;;;;
2024/08/16;0600 UTC;;;;;;;;;;;;;;;;;;
2024/08/16;0700 UTC;;;;;;;;;;;;;;;;;;
2024/08/16;0800 UTC;;;;;;;;;;;;;;;;;;
2024/08/16;0900 UTC;;;;;;;;;;;;;;;;;;
2024/08/16;1000 UTC;;;;;;;;;;;;;;;;;;
2024/08/16;1100 UTC;;;;;;;;;;;;;;;;;;
2024/08/16;1200 UTC;;;;;;;;;;;;;;;;;;
2024/08/16;1300 UTC;;;;;;;;;;;;;;;;;;
2024/08/16;1400 UTC;;;;;;;;;;;;;;;;;;
2024/08/16;1500 UTC;;;;;;;;;;;;;;;;;;
2024/08/16;1600 UTC;0;973,3;;;283,6;33,5;;;;;;;;;;;;
2024/08/16;1700 UTC;0;972,1;973,3;972,1;2667;34,8;;34,8;33,2;;;;;;23;6,1;2,8;
2024/08/16;1800 UTC;0;971,2;972,1;971,1;2345,4;35;;35,6;34,3;;;;;;20;5,4;2,9;
2024/08/16;1900 UTC;0;970,8;971,2;970,8;1763,6;35,5;;35,7;34,6;;;;;;360;5,2;1,3;
2024/08/16;2000 UTC;0;970,8;970,8;970,7;1027,5;34,8;;35,5;34,8;;;;;;38;3,6;,9;
2024/08/16;2100 UTC;;;;;;;;;;;;;;;;;;
2024/08/16;2200 UTC;;;;;;;;;;;;;;;;;;
2024/08/16;2300 UTC;;;;;;;;;;;;;;;;;;
2024/08/17;0000 UTC;;;;;;;;;;;;;;;;;;
2024/08/17;0100 UTC;;;;;;;;;;;;;;;;;;
2024/08/17;0200 UTC;;;;;;;;;;;;;;;;;;
2024/08/17;0300 UTC;;;;;;;;;;;;;;;;;;
2024/08/17;0400 UTC;;;;;;;;;;;;;;;;;;
2024/08/17;0500 UTC;;;;;;;;;;;;;;;;;;
2024/08/17;0600 UTC;;;;;;;;;;;;;;;;;;
2024/08/17;0700 UTC;;;;;;;;;;;;;;;;;;
2024/08/17;0800 UTC;;;;;;;;;;;;;;;;;;
2024/08/17;0900 UTC;;;;;;;;;;;;;;;;;;
2024/08/17;1000 UTC;;;;;;;;;;;;;;;;;;
2024/08/17;1100 UTC;;;;;;;;;;;;;;;;;;
2024/08/17;1200 UTC;0;973,8;;;115,1;25,3;;;;;;;;;;;;
2024/08/17;1300 UTC;0;974;;;1186,5;28,7;;;;;;;;;79;;5,2;
2024/08/17;1400 UTC;0;973,8;974;973,8;2382,9;31,3;;31,5;28,4;;;;;;69;7,6;4,3;
2024/08/17;1500 UTC;0;973,2;973,8;973,2;2775,3;33,7;;34,1;31,3;;;;;;66;7,7;4,4;
2024/08/17;1600 UTC;0;972,3;;;241,7;35;;;;;;;;;;;;
2024/08/17;1700 UTC;0;971,4;972,3;971,4;2771,4;36;;36,1;34,8;;;;;;57;5,7;2;
2024/08/17;1800 UTC;0;970,6;971,4;970,6;2404,4;36,1;;36,3;35,6;;;;;;4;5;1;
2024/08/17;1900 UTC;0;970,1;970,6;970,1;1784,3;35,7;;36,4;35,7;;;;;;89;5,2;2,5;
2024/08/17;2000 UTC;0;970,2;970,2;970,1;1026,2;35,3;;35,8;35,1;;;;;;90;4,5;1;
2024/08/17;2100 UTC;;;;;;;;;;;;;;;;;;
2024/08/17;2200 UTC;;;;;;;;;;;;;;;;;;
2024/08/17;2300 UTC;;;;;;;;;;;;;;;;;;
2024/08/18;0000 UTC;;;;;;;;;;;;;;;;;;
2024/08/18;0100 UTC;;;;;;;;;;;;;;;;;;
2024/08/18;0200 UTC;;;;;;;;;;;;;;;;;;
2024/08/18;0300 UTC;;;;;;;;;;;;;;;;;;
2024/08/18;0400 UTC;;;;;;;;;;;;;;;;;;
2024/08/18;0500 UTC;;;;;;;;;;;;;;;;;;
2024/08/18;0600 UTC;;;;;;;;;;;;;;;;;;
2024/08/18;0700 UTC;;;;;;;;;;;;;;;;;;
2024/08/18;0800 UTC;;;;;;;;;;;;;;;;;;
2024/08/18;0900 UTC;;;;;;;;;;;;;;;;;;
2024/08/18;1000 UTC;;;;;;;;;;;;;;;;;;
2024/08/18;1100 UTC;;;;;;;;;;;;;;;;;;
2024/08/18;1200 UTC;;;;;;;;;;;;;;;;;;
2024/08/18;1300 UTC;;;;;;;;;;;;;;;;;;
2024/08/18;1400 UTC;;;;;;;;;;;;;;;;;;
2024/08/18;1500 UTC;;;;;;;;;;;;;;;;;;
2024/08/18;1600 UTC;;;;;;;;;;;;;;;;;;
2024/08/18;1700 UTC;;;;;;;;;;;;;;;;;;
2024/08/18;1800 UTC;;;;;;;;;;;;;;;;;;
2024/08/18;1900 UTC;;;;;;;;;;;;;;;;;;
2024/08/18;2000 UTC;;;;;;;;;;;;;;;;;;
2024/08/18;2100 UTC;;;;;;;;;;;;;;;;;;
2024/08/18;2200 UTC;;;;;;;;;;;;;;;;;;
2024/08/18;2300 UTC;;;;;;;;;;;;;;;;;;
2024/08/19;0000 UTC;;;;;;;;;;;;;;;;;;
2024/08/19;0100 UTC;;;;;;;;;;;;;;;;;;
2024/08/19;0200 UTC;;;;;;;;;;;;;;;;;;
2024/08/19;0300 UTC;;;;;;;;;;;;;;;;;;
2024/08/19;0400 UTC;;;;;;;;;;;;;;;;;;
2024/08/19;0500 UTC;;;;;;;;;;;;;;;;;;
2024/08/19;0600 UTC;;;;;;;;;;;;;;;;;;
2024/08/19;0700 UTC;;;;;;;;;;;;;;;;;;
2024/08/19;0800 UTC;;;;;;;;;;;;;;;;;;
2024/08/19;0900 UTC;;;;;;;;;;;;;;;;;;
2024/08/19;1000 UTC;;;;;;;;;;;;;;;;;;
2024/08/19;1100 UTC;;;;;;;;;;;;;;;;;;
2024/08/19;1200 UTC;;;;;;;;;;;;;;;;;;
2024/08/19;1300 UTC;;;;;;;;;;;;;;;;;;
2024/08/19;1400 UTC;0;973,1;;;391,1;31,4;;;;;;;;;41;;3,3;
2024/08/19;1500 UTC;0;972,6;;;147,3;33,2;;;;;;;;;;;;
2024/08/19;1600 UTC;0;971,6;;;1027,9;34,8;;;;;;;;;351;;3,7;
2024/08/19;1700 UTC;;;;;;;;;;;;;;;;;;
2024/08/19;1800 UTC;0;969,6;970,3;969,6;2176,6;35,9;;36,4;35,5;;;;;;46;6,2;2,4;
2024/08/19;1900 UTC;0;969,2;969,6;969,2;1838,2;36,1;;36,6;35,8;;;;;;163;5,5;2,1;
2024/08/19;2000 UTC;;;;;;;;;;;;;;;;;;
2024/08/19;2100 UTC;;;;;;;;;;;;;;;;;;
2024/08/19;2200 UTC;;;;;;;;;;;;;;;;;;
2024/08/19;2300 UTC;;;;;;;;;;;;;;;;;;
2024/08/20;0000 UTC;;;;;;;;;;;;;;;;;;
2024/08/20;0100 UTC;;;;;;;;;;;;;;;;;;
2024/08/20;0200 UTC;;;;;;;;;;;;;;;;;;
2024/08/20;0300 UTC;;;;;;;;;;;;;;;;;;
2024/08/20;0400 UTC;;;;;;;;;;;;;;;;;;
2024/08/20;0500 UTC;;;;;;;;;;;;;;;;;;
2024/08/20;0600 UTC;;;;;;;;;;;;;;;;;;
2024/08/20;0700 UTC;;;;;;;;;;;;;;;;;;
2024/08/20;0800 UTC;;;;;;;;;;;;;;;;;;
2024/08/20;0900 UTC;;;;;;;;;;;;;;;;;;
2024/08/20;1000 UTC;;;;;;;;;;;;;;;;;;
2024/08/20;1100 UTC;;;;;;;;;;;;;;;;;;
2024/08/20;1200 UTC;0;974,1;974,2;973,2;1022;24,4;;25,4;22,4;;;;;;81;6,1;3,6;
2024/08/20;1300 UTC;0;974,5;974,5;974,1;1858,2;28,6;;28,7;24,3;;;;;;65;6,1;2,7;
2024/08/20;1400 UTC;0;974,1;974,5;974,1;2445,6;32,4;;32,5;28,7;;;;;;37;4,5;2,1;
2024/08/20;1500 UTC;0;973,3;974,1;973,3;2850,3;33,9;;34,3;31,9;;;;;;10;7,1;3,1;
2024/08/20;1600 UTC;0;972,4;973,3;972,4;2953,7;35;;35,6;33,9;;;;;;39;7,1;3,3;
2024/08/20;1700 UTC;0;971,1;972,4;971,1;2817,4;35,7;;36,3;34,7;;;;;;4;6,1;3,1;
2024/08/20;1800 UTC;0;970,2;971,1;970,2;2429;36,1;;36,3;35,2;;;;;;359;6,5;1,7;
2024/08/20;1900 UTC;0;969,5;970,2;969,5;1830,9;35,9;;36,5;35,6;;;;;;23;4,5;2,5;
2024/08/20;2000 UTC;0;969,3;969,5;969,3;1098,5;35;;36;35;;;;;;41;4,8;2,5;
2024/08/20;2100 UTC;;;;;;;;;;;;;;;;;;
2024/08/20;2200 UTC;;;;;;;;;;;;;;;;;;
2024/08/20;2300 UTC;;;;;;;;;;;;;;;;;;
2024/08/21;0000 UTC;;;;;;;;;;;;;;;;;;
2024/08/21;0100 UTC;;;;;;;;;;;;;;;;;;
2024/08/21;0200 UTC;;;;;;;;;;;;;;;;;;
2024/08/21;0300 UTC;;;;;;;;;;;;;;;;;;
2024/08/21;0400 UTC;;;;;;;;;;;;;;;;;;
2024/08/21;0500 UTC;;;;;;;;;;;;;;;;;;
2024/08/21;0600 UTC;;;;;;;;;;;;;;;;;;
2024/08/21;0700 UTC;;;;;;;;;;;;;;;;;;
2024/08/21;0800 UTC;;;;;;;;;;;;;;;;;;
2024/08/21;0900 UTC;;;;;;;;;;;;;;;;;;
2024/08/21;1000 UTC;;;;;;;;;;;;;;;;;;
2024/08/21;1100 UTC;;;;;;;;;;;;;;;;;;
2024/08/21;1200 UTC;0;973,4;973,4;972,6;825,3;23,5;;23,9;22,1;;;;;;84;;4;
2024/08/21;1300 UTC;0;973,8;973,9;973,4;1857;26,4;;26,4;23,6;;;;;;58;8,7;3,9;
2024/08/21;1400 UTC;0;973,5;973,9;973,5;2436,1;28,6;;28,6;26,4;;;;;;58;6,9;3,4;
2024/08/21;1500 UTC;0;972,3;973,5;972,3;2817,3;31,8;;31,8;28,5;;;;;;36;9,2;5,3;
2024/08/21;1600 UTC;0;971,1;972,3;971,1;2964,4;33,6;;33,8;31,7;;;;;;17;9,5;5,8;
2024/08/21;1700 UTC;0;970;971,2;970;2828,8;34,9;;35,4;33,4;;;;;;9;10,3;5,9;
2024/08/21;1800 UTC;0;969;970;969;2456,3;35,1;;35,3;34,5;;;;;;35;10,3;5;
2024/08/21;1900 UTC;0;968,4;969;968,4;1885,4;34,8;;35,6;34,7;;;;;;21;10;5,1;
2024/08/21;2000 UTC;0;968,1;968,4;968,1;1137,3;34,4;;35,4;34,4;;;;;;16;7,9;4,1;
2024/08/21;2100 UTC;;;;;;;;;;;;;;;;;;
2024/08/21;2200 UTC;;;;;;;;;;;;;;;;;;
2024/08/21;2300 UTC;;;;;;;;;;;;;;;;;;
2024/08/22;0000 UTC;;;;;;;;;;;;;;;;;;
2024/08/22;0100 UTC;;;;;;;;;;;;;;;;;;
2024/08/22;0200 UTC;;;;;;;;;;;;;;;;;;
2024/08/22;0300 UTC;;;;;;;;;;;;;;;;;;
2024/08/22;0400 UTC;;;;;;;;;;;;;;;;;;
2024/08/22;0500 UTC;;;;;;;;;;;;;;;;;;
2024/08/22;0600 UTC;;;;;;;;;;;;;;;;;;
2024/08/22;0700 UTC;;;;;;;;;;;;;;;;;;
2024/08/22;0800 UTC;;;;;;;;;;;;;;;;;;
2024/08/22;0900 UTC;;;;;;;;;;;;;;;;;;
2024/08/22;1000 UTC;;;;;;;;;;;;;;;;;;
2024/08/22;1100 UTC;;;;;;;;;;;;;;;;;;
2024/08/22;1200 UTC;;;;;;;;;;;;;;;;;;
2024/08/22;1300 UTC;;;;;;;;;;;;;;;;;;
2024/08/22;1400 UTC;0;970,8;;;1010;32,3;;;;;;;;;22;;4,8;
2024/08/22;1500 UTC;;;;;;;;;;;;;;;;;;
2024/08/22;1600 UTC;;;;;;;;;;;;;;;;;;
2024/08/22;1700 UTC;;;;;;;;;;;;;;;;;;
2024/08/22;1800 UTC;;;;;;;;;;;;;;;;;;
2024/08/22;1900 UTC;;;;;;;;;;;;;;;;;;
2024/08/22;2000 UTC;;;;;;;;;;;;;;;;;;
2024/08/22;2100 UTC;;;;;;;;;;;;;;;;;;
2024/08/22;2200 UTC;;;;;;;;;;;;;;;;;;
2024/08/22;2300 UTC;;;;;;;;;;;;;;;;;;
2024/08/23;0000 UTC;;;;;;;;;;;;;;;;;;
2024/08/23;0100 UTC;;;;;;;;;;;;;;;;;;
2024/08/23;0200 UTC;;;;;;;;;;;;;;;;;;
2024/08/23;0300 UTC;;;;;;;;;;;;;;;;;;
2024/08/23;0400 UTC;;;;;;;;;;;;;;;;;;
2024/08/23;0500 UTC;;;;;;;;;;;;;;;;;;
2024/08/23;0600 UTC;;;;;;;;;;;;;;;;;;
2024/08/23;0700 UTC;;;;;;;;;;;;;;;;;;
2024/08/23;0800 UTC;;;;;;;;;;;;;;;;;;
2024/08/23;0900 UTC;;;;;;;;;;;;;;;;;;
2024/08/23;1000 UTC;;;;;;;;;;;;;;;;;;
2024/08/23;1100 UTC;;;;;;;;;;;;;;;;;;
2024/08/23;1200 UTC;;;;;;;;;;;;;;;;;;
2024/08/23;1300 UTC;;;;;;;;;;;;;;;;;;
2024/08/23;1400 UTC;0;967,6;967,8;967,5;2009,4;32,7;;32,9;29,7;;;;;;4;12,2;7,3;
2024/08/23;1500 UTC;0;966,8;967,6;966,8;2607,8;33,9;;34;32,4;;;;;;354;15,4;9,1;
2024/08/23;1600 UTC;0;965,9;;;714,7;35,5;;;;;;;;;334;;8,5;
2024/08/23;1700 UTC;0;965,9;966;965,5;2594,3;32,6;;36,5;32,2;;;;;;241;13,7;5,5;
2024/08/23;1800 UTC;0;966,3;966,3;965,7;1977,8;28,6;;32,7;28,6;;;;;;238;11,8;6,2;
2024/08/23;1900 UTC;0;966,5;966,5;966,2;1436,1;26,8;;28,6;26,8;;;;;;237;13,1;6,2;
2024/08/23;2000 UTC;;;;;;;;;;;;;;;;;;
2024/08/23;2100 UTC;;;;;;;;;;;;;;;;;;
2024/08/23;2200 UTC;;;;;;;;;;;;;;;;;;
2024/08/23;2300 UTC;;;;;;;;;;;;;;;;;;
2024/08/24;0000 UTC;;;;;;;;;;;;;;;;;;
2024/08/24;0100 UTC;;;;;;;;;;;;;;;;;;
2024/08/24;0200 UTC;;;;;;;;;;;;;;;;;;
2024/08/24;0300 UTC;;;;;;;;;;;;;;;;;;
2024/08/24;0400 UTC;;;;;;;;;;;;;;;;;;
2024/08/24;0500 UTC;;;;;;;;;;;;;;;;;;
2024/08/24;0600 UTC;;;;;;;;;;;;;;;;;;
2024/08/24;0700 UTC;;;;;;;;;;;;;;;;;;
2024/08/24;0800 UTC;;;;;;;;;;;;;;;;;;
2024/08/24;0900 UTC;;;;;;;;;;;;;;;;;;
2024/08/24;1000 UTC;;;;;;;;;;;;;;;;;;
2024/08/24;1100 UTC;;;;;;;;;;;;;;;;;;
2024/08/24;1200 UTC;;;;;;;;;;;;;;;;;;
2024/08/24;1300 UTC;;;;;;;;;;;;;;;;;;
2024/08/24;1400 UTC;;;;;;;;;;;;;;;;;;
2024/08/24;1500 UTC;;;;;;;;;;;;;;;;;;
2024/08/24;1600 UTC;;;;;;;;;;;;;;;;;;
2024/08/24;1700 UTC;;;;;;;;;;;;;;;;;;
2024/08/24;1800 UTC;;;;;;;;;;;;;;;;;;
2024/08/24;1900 UTC;;;;;;;;;;;;;;;;;;
2024/08/24;2000 UTC;;;;;;;;;;;;;;;;;;
2024/08/24;2100 UTC;;;;;;;;;;;;;;;;;;
2024/08/24;2200 UTC;;;;;;;;;;;;;;;;;;
2024/08/24;2300 UTC;;;;;;;;;;;;;;;;;;
2024/08/25;0000 UTC;;;;;;;;;;;;;;;;;;
2024/08/25;0100 UTC;;;;;;;;;;;;;;;;;;
2024/08/25;0200 UTC;;;;;;;;;;;;;;;;;;
2024/08/25;0300 UTC;;;;;;;;;;;;;;;;;;
2024/08/25;0400 UTC;;;;;;;;;;;;;;;;;;
2024/08/25;0500 UTC;;;;;;;;;;;;;;;;;;
2024/08/25;0600 UTC;;;;;;;;;;;;;;;;;;
2024/08/25;0700 UTC;;;;;;;;;;;;;;;;;;
2024/08/25;0800 UTC;;;;;;;;;;;;;;;;;;
2024/08/25;0900 UTC;;;;;;;;;;;;;;;;;;
2024/08/25;1000 UTC;;;;;;;;;;;;;;;;;;
2024/08/25;1100 UTC;;;;;;;;;;;;;;;;;;
2024/08/25;1200 UTC;;;;;;;;;;;;;;;;;;
2024/08/25;1300 UTC;;;;;;;;;;;;;;;;;;
2024/08/25;1400 UTC;;;;;;;;;;;;;;;;;;
2024/08/25;1500 UTC;;;;;;;;;;;;;;;;;;
2024/08/25;1600 UTC;;;;;;;;;;;;;;;;;;
2024/08/25;1700 UTC;;;;;;;;;;;;;;;;;;
2024/08/25;1800 UTC;;;;;;;;;;;;;;;;;;
2024/08/25;1900 UTC;;;;;;;;;;;;;;;;;;
2024/08/25;2000 UTC;;;;;;;;;;;;;;;;;;
2024/08/25;2100 UTC;;;;;;;;;;;;;;;;;;
2024/08/25;2200 UTC;;;;;;;;;;;;;;;;;;
2024/08/25;2300 UTC;;;;;;;;;;;;;;;;;;
2024/08/26;0000 UTC;;;;;;;;;;;;;;;;;;
2024/08/26;0100 UTC;;;;;;;;;;;;;;;;;;
2024/08/26;0200 UTC;;;;;;;;;;;;;;;;;;
2024/08/26;0300 UTC;;;;;;;;;;;;;;;;;;
2024/08/26;0400 UTC;;;;;;;;;;;;;;;;;;
2024/08/26;0500 UTC;;;;;;;;;;;;;;;;;;
2024/08/26;0600 UTC;;;;;;;;;;;;;;;;;;
2024/08/26;0700 UTC;;;;;;;;;;;;;;;;;;
2024/08/26;0800 UTC;;;;;;;;;;;;;;;;;;
2024/08/26;0900 UTC;;;;;;;;;;;;;;;;;;
2024/08/26;1000 UTC;;;;;;;;;;;;;;;;;;
2024/08/26;1100 UTC;;;;;;;;;;;;;;;;;;
2024/08/26;1200 UTC;0;980,1;;;118,8;11,8;;;;;;;;;;;;
2024/08/26;1300 UTC;;;;;;;;;;;;;;;;;;
2024/08/26;1400 UTC;;;;;;;;;;;;;;;;;;
2024/08/26;1500 UTC;;;;;;;;;;;;;;;;;;
2024/08/26;1600 UTC;;;;;;;;;;;;;;;;;;
2024/08/26;1700 UTC;;;;;;;;;;;;;;;;;;
2024/08/26;1800 UTC;;;;;;;;;;;;;;;;;;
2024/08/26;1900 UTC;;;;;;;;;;;;;;;;;;
2024/08/26;2000 UTC;;;;;;;;;;;;;;;;;;
2024/08/26;2100 UTC;;;;;;;;;;;;;;;;;;
2024/08/26;2200 UTC;;;;;;;;;;;;;;;;;;
2024/08/26;2300 UTC;;;;;;;;;;;;;;;;;;
2024/08/27;0000 UTC;;;;;;;;;;;;;;;;;;
2024/08/27;0100 UTC;;;;;;;;;;;;;;;;;;
2024/08/27;0200 UTC;;;;;;;;;;;;;;;;;;
2024/08/27;0300 UTC;;;;;;;;;;;;;;;;;;
2024/08/27;0400 UTC;;;;;;;;;;;;;;;;;;
2024/08/27;0500 UTC;;;;;;;;;;;;;;;;;;
2024/08/27;0600 UTC;;;;;;;;;;;;;;;;;;
2024/08/27;0700 UTC;;;;;;;;;;;;;;;;;;
2024/08/27;0800 UTC;;;;;;;;;;;;;;;;;;
2024/08/27;0900 UTC;;;;;;;;;;;;;;;;;;
2024/08/27;1000 UTC;;;;;;;;;;;;;;;;;;
2024/08/27;1100 UTC;0;978,5;;;107,2;13,9;;;;;;;;;;;;
2024/08/27;1200 UTC;0;978,9;978,9;978,5;1409,5;16,2;;16,2;13,9;;;;;;109;11,1;6,2;
2024/08/27;1300 UTC;;;;;;;;;;;;;;;;;;
2024/08/27;1400 UTC;;;;;;;;;;;;;;;;;;
2024/08/27;1500 UTC;,6;977,9;978,6;977,9;2826,6;22,5;-4,5;25,3;21,2;-3,5;;19;8;16;89;;4,3;
2024/08/27;1600 UTC;0;976,9;977,9;976,9;3354,6;24,7;-2,6;24,9;22,5;-2;-4,8;18;15;16;117;6,8;3,6;
2024/08/27;1700 UTC;0;975,8;976,9;975,8;3217,4;25,5;-5,2;26,5;24,3;-2;-5,7;17;12;13;147;6,6;2,6;
2024/08/27;1800 UTC;0;975,1;975,8;975,1;2799,7;27,1;-4,2;27,1;25,5;-3,3;-6,2;15;11;13;131;6,1;2,5;
2024/08/27;1900 UTC;0;974,6;975,1;974,5;2145,2;27,1;-6,5;27,7;26,5;-3,5;-6,9;13;10;11;148;6,3;2,7;
2024/08/27;2000 UTC;0;974,5;974,6;974,5;1331,6;26,7;-4;27,5;26,7;-2,9;-7,5;14;9;13;166;7,6;2,9;
2024/08/27;2100 UTC;0;974,6;974,6;974,5;283,6;24,5;-3,2;26,8;24,5;-3;-5,1;16;12;16;154;5,4;2,1;
2024/08/27;2200 UTC;0;974,8;974,8;974,6;3,1;22,6;-4,3;24,5;22;-2,9;-4,4;17;16;16;151;3,6;1,8;
2024/08/27;2300 UTC;0;975,4;975,4;974,8;;21,5;-3,1;22,6;18,5;-1,7;-4,3;24;16;19;164;4,5;3,2;
2024/08/28;0000 UTC;0;976;976;975,4;;21,6;-2,4;22;21,2;-2,4;-3,4;20;18;20;154;6,9;4,4;
2024/08/28;0100 UTC;0;976,4;976,4;976;;19,8;-,9;21,6;19,8;-,9;-2,4;25;20;25;149;8,6;4,9;
2024/08/28;0200 UTC;0;976,8;976,8;976,4;;18,1;0;19,8;18,1;0;-,9;29;25;29;137;7,8;4;
2024/08/28;0300 UTC;0;976,9;977;976,8;;17,2;,6;18,3;17,2;,6;0;33;29;33;132;7,5;3,7;
2024/08/28;0400 UTC;0;976,8;977;976,8;;15,8;1,2;17,2;15,8;1,2;,6;37;33;37;129;6,2;3,3;
2024/08/28;0500 UTC;0;976,1;976,8;976,1;;14,9;2,1;15,8;14,9;2,1;1,2;42;37;42;121;6,6;3,5;
2024/08/28;0600 UTC;0;975,8;976,1;975,8;;14,6;2,5;15;14,5;2,5;2,1;44;42;44;106;4,9;2,6;
2024/08/28;0700 UTC;0;975,6;975,8;975,6;;13,9;3,4;14,9;13,9;3,4;2,5;49;44;49;106;5,2;2,2;
2024/08/28;0800 UTC;0;975,6;975,6;975,5;;13,5;4,7;14,1;13,4;4,7;3,4;55;49;55;97;5,9;3,6;
2024/08/28;0900 UTC;0;976,2;976,2;975,5;;12,5;5,6;13,5;12,5;5,6;4,7;63;56;63;94;5,7;2,9;
2024/08/28;1000 UTC;0;976,9;976,9;976,2;21;12,7;6,2;12,7;12,4;6,2;5,7;65;63;65;106;5,8;3,2;
2024/08/28;1100 UTC;0;977,6;977,6;976,9;475,1;14,2;6,3;14,2;12,7;6,5;6,1;65;59;59;115;6,1;3,5;
2024/08/28;1200 UTC;0;977,8;977,9;977,6;1279,3;16,9;6,6;17;14;6,9;6;59;51;51;99;9,9;5,4;
2024/08/28;1300 UTC;0;978,2;978,2;977,8;2052,4;20,9;8,2;20,9;16,7;8,2;6,6;51;44;44;94;9,4;3,9;
2024/08/28;1400 UTC;0;977,8;978,2;977,8;2646,6;22,7;7,9;23,1;20,3;8,6;7,3;44;38;39;106;7,5;4,1;
2024/08/28;1500 UTC;0;977;977,8;977;3017,4;25,3;8,4;25,7;22,5;9;7,9;40;34;34;74;6,9;3,1;
2024/08/28;1600 UTC;0;976,2;977;976,2;3120,5;26,7;8,1;27,3;25,2;9,7;7,7;36;29;31;65;5,7;2,6;
2024/08/28;1700 UTC;0;974,9;976,2;974,9;2985,1;29,4;5,6;29,5;26,8;9,1;5,2;32;22;22;137;5,6;2;
2024/08/28;1800 UTC;0;974;974,9;974;2578,2;30,6;5,2;30,9;29;7;5;25;20;20;141;4,6;2,1;
2024/08/28;1900 UTC;0;973,7;974;973,6;1940,1;31;3;31,2;30,3;5,3;2,3;20;16;17;127;5,5;2,3;
2024/08/28;2000 UTC;0;973,7;973,7;973,6;1159,4;30,6;4;31,1;30,5;4,4;2,6;19;17;18;119;5,5;1,6;
2024/08/28;2100 UTC;0;973,9;973,9;973,7;294,1;28,4;3,2;30,6;28,4;4,2;2,7;20;17;20;138;4,1;1,7;
2024/08/28;2200 UTC;0;974;974;973,8;5,2;26,5;4;28,3;26,5;4;3,1;24;20;24;139;2,4;1,9;
2024/08/28;2300 UTC;0;974,5;974,5;974;;24;5,2;26,5;23,5;5,3;3,8;30;23;30;135;3,1;2,3;
2024/08/29;0000 UTC;0;974,9;974,9;974,5;;25;5,6;25,3;23,6;5,6;4,9;30;27;29;137;3,6;2,7;
2024/08/29;0100 UTC;0;975,2;975,2;974,9;;24,3;7,6;25,1;24,2;7,7;5,6;35;29;34;128;5,4;3,9;
2024/08/29;0200 UTC;0;975,2;975,4;975,2;;21,7;8,9;24,3;21,7;8,9;7,6;44;34;44;99;6,5;2,2;
2024/08/29;0300 UTC;0;975,1;975,2;975,1;;21,3;10,1;21,9;21,1;10,1;8,9;49;44;49;105;4,3;2,3;
2024/08/29;0400 UTC;0;974,9;975,1;974,9;;21,3;10,3;21,8;20,9;10,3;10,1;50;47;49;107;5,1;3,3;
2024/08/29;0500 UTC;0;974,5;974,9;974,5;;20,7;10,6;21,3;20,5;10,6;10,2;52;49;52;102;6,8;4,5;
2024/08/29;0600 UTC;0;974,3;974,6;974,3;;20,1;11,3;20,8;20;11,3;10,6;57;52;57;105;7,9;4,5;
2024/08/29;0700 UTC;0;974,2;974,3;974,1;;19,3;11,4;20,1;19,3;11,5;11,3;61;57;61;100;7,8;4,5;
2024/08/29;0800 UTC;0;974,5;974,5;974,1;;18,4;11,6;19,3;18,4;11,7;11,5;65;61;65;107;7,7;4,5;
2024/08/29;0900 UTC;0;975,1;975,1;974,5;;17,2;11,6;18,4;17,2;11,7;11,5;70;65;70;108;8,3;4,6;
2024/08/29;1000 UTC;0;976,2;976,2;975,1;19,8;16,1;11,8;17,2;16,1;11,9;11,6;76;70;76;127;7,7;3,7;
2024/08/29;1100 UTC;0;976,8;976,8;976,2;450,8;18,1;12,3;18,1;16;12,3;11,8;77;69;69;111;7,8;4,7;
2024/08/29;1200 UTC;0;977,7;977,7;976,8;1235,4;21,3;12,8;21,3;18,1;12,9;12,3;69;58;58;102;9,7;5,3;
2024/08/29;1300 UTC;0;978;978;977,7;2004,5;24,6;12,5;24,6;21,3;13;12,3;58;47;47;86;9,6;5,3;
2024/08/29;1400 UTC;0;977,7;978;977,7;2617,5;28,1;12,8;28,3;24,4;13,3;12,2;48;39;39;80;8,8;4,3;
2024/08/29;1500 UTC;0;977,3;977,7;977,3;2989,7;29,2;12,9;30,2;28;13,7;12,6;40;35;37;65;8,5;4,5;
2024/08/29;1600 UTC;0;976,2;977,3;976,2;3083,2;31,5;13,5;31,8;29,1;14,2;13,1;38;33;33;66;8,6;4,6;
2024/08/29;1700 UTC;0;975;976,2;975;2937,1;33,1;11,3;33,7;31,4;14,1;10,8;34;25;27;55;8;2,6;
2024/08/29;1800 UTC;0;974,2;975;974,2;2511,3;33,9;11;34,1;33;12,4;10,8;28;25;25;49;7,8;2,4;
2024/08/29;1900 UTC;0;973,8;974,2;973,7;1840,2;33,8;10,4;34,4;33,2;11,2;9,8;26;23;24;42;4,9;2,2;
2024/08/29;2000 UTC;0;973,7;973,8;973,7;1095,8;33,6;9,5;34,1;33,5;10,8;9,5;25;23;23;139;5,8;1,4;
2024/08/29;2100 UTC;0;974;974;973,7;304,6;31,1;10,8;33,6;31,1;11;9,5;29;23;29;118;3,1;1,6;
2024/08/29;2200 UTC;0;974,1;974,1;974;5,1;29,7;10,8;31,1;29,4;10,8;10,6;32;29;31;137;2,9;2,3;
2024/08/29;2300 UTC;0;974,7;974,7;974,1;;28,1;10,2;29,8;27,5;11;10,2;35;31;33;136;3,9;3,2;
2024/08/30;0000 UTC;0;975,2;975,2;974,7;;26,5;10,5;28,6;24,8;11;10,1;41;32;37;131;4,1;2,7;
2024/08/30;0100 UTC;0;975,7;975,7;975,2;;26;10;26,7;25,9;10,4;9,9;38;36;36;137;3,8;2,6;
2024/08/30;0200 UTC;0;975,8;975,8;975,7;;26;10,1;26,3;23,4;11,1;10;45;36;37;141;4,8;3,3;
2024/08/30;0300 UTC;0;975,9;976;975,8;;24,4;10,2;27,1;24,4;10,3;10;41;34;41;130;7,1;3,3;
2024/08/30;0400 UTC;0;975,4;975,9;975,4;;24,3;10,7;24,9;24,1;10,7;10,2;42;40;42;140;5,8;3,6;
2024/08/30;0500 UTC;0;975;975,4;975;;23,7;10,9;25,1;23,7;11;10,6;45;40;45;141;6,6;4,2;
2024/08/30;0600 UTC;0;974,5;975;974,5;;23,2;10,9;24,2;22,9;11;10,7;47;43;46;141;6,4;4;
2024/08/30;0700 UTC;0;974,3;974,6;974,2;;23,3;10,8;23,6;21,8;11,1;10,7;50;45;45;134;6,1;3,8;
2024/08/30;0800 UTC;0;974,6;974,7;974,2;;20,4;10,8;23,3;20,4;11;10,8;54;45;54;106;6,1;2,5;
2024/08/30;0900 UTC;0;975,1;975,1;974,5;;21,9;10,6;22;20;10,9;10,6;56;49;49;95;6,6;3,8;
2024/08/30;1000 UTC;0;976;976;975,1;19,8;20,6;10,8;22;20,6;10,8;10,6;53;48;53;83;6,6;2;
2024/08/30;1100 UTC;0;976,4;976,4;976,1;441,9;23,5;10,8;23,5;20,6;11,1;10,8;53;45;45;92;6,1;4,3;
2024/08/30;1200 UTC;0;976,9;976,9;976,4;1226,3;25,8;10,9;25,8;23,5;11,3;10,8;45;39;39;73;8,1;4,4;
2024/08/30;1300 UTC;0;977,2;977,3;976,9;1993,5;27,9;11,2;27,9;25,8;11,4;10,7;39;35;35;62;8,1;4,2;
2024/08/30;1400 UTC;0;976,8;977,2;976,8;2600,5;30;11,4;30,4;27,9;12,1;10,8;35;31;32;38;8;4,7;
2024/08/30;1500 UTC;0;975,9;976,8;975,9;2979,2;32,9;11,3;33;29,9;12,4;10,9;33;27;27;43;8,2;4;
2024/08/30;1600 UTC;0;974,5;975,9;974,5;3099,7;33,5;10,2;34,1;32,5;11,8;10,2;27;24;24;22;7,9;3,6;
2024/08/30;1700 UTC;0;973,1;974,5;973,1;2965,5;33,9;10,1;34,9;33,1;11,2;9,4;24;22;23;8;6,5;3,9;
2024/08/30;1800 UTC;0;972;973,1;972;2534,6;34,4;9,4;34,5;33,7;10,8;8,6;24;21;22;46;7;2,4;
2024/08/30;1900 UTC;0;971,3;972;971,3;1925,4;34,1;8,9;34,5;33,8;10,3;8,1;23;20;21;38;6,4;1,9;
2024/08/30;2000 UTC;0;971;971,2;971;1181,2;33,7;9,3;34,5;33,7;9,9;8,7;23;21;22;37;6,2;2;
2024/08/30;2100 UTC;0;971,1;971,1;971;385,3;30,6;9,1;33,7;30,6;9,5;8,3;26;22;26;40;4,9;1,9;
2024/08/30;2200 UTC;0;971,2;971,3;971,1;4,6;28,2;8,7;30,6;28;9,1;8,6;30;26;29;69;3;1,4;
2024/08/30;2300 UTC;0;971,6;971,6;971,2;;26,3;8,5;28,2;26;9;8,5;34;29;32;78;3,2;1,7;
2024/08/31;0000 UTC;0;972,1;972,1;971,6;;23,8;8,9;26,8;23,8;9;8,1;39;31;39;116;2,6;1,6;
2024/08/31;0100 UTC;0;972,3;972,4;972;;23,3;8,7;26,7;21,8;9,3;8,2;44;31;39;109;3,4;2,3;
2024/08/31;0200 UTC;0;972,7;972,7;972,3;;20,5;9,6;25,3;20,3;9,8;8,5;51;35;50;69;4,2;,8;
2024/08/31;0300 UTC;0;972,6;972,7;972,6;;22,5;8,7;23;20,5;9,5;8,6;50;40;41;115;3;2,3;
2024/08/31;0400 UTC;0;972,2;972,7;972,2;;22,8;8,9;23,1;21,9;9;8,7;43;40;41;90;4,3;2,8;
2024/08/31;0500 UTC;0;972,1;972,2;972;;21,7;9,1;22,8;21,7;9,1;8,9;45;41;45;89;4,4;2,4;
2024/08/31;0600 UTC;0;971,8;972,1;971,8;;21,2;9,3;22,7;21,2;9,3;9,1;46;42;46;98;4,7;2,4;
2024/08/31;0700 UTC;0;972,2;972,2;971,8;;19,4;9,5;21,8;19;9,5;9,2;53;45;52;266;3,5;1;
2024/08/31;0800 UTC;0;972,5;972,5;972,2;;19,4;9,9;19,5;16,6;9,9;9,1;63;52;54;112;2;1,4;
2024/08/31;0900 UTC;0;973,5;973,5;972,5;;19,4;9,7;20,8;17,5;10;9,2;59;49;54;121;3,2;2,3;
2024/08/31;1000 UTC;0;974,6;974,6;973,5;24,5;20,4;9,4;20,4;19,4;9,7;9,4;54;49;49;110;3,8;2,4;
2024/08/31;1100 UTC;0;975,2;975,2;974,6;491,7;23,7;10,5;23,7;20,4;10,6;9,4;50;43;43;130;3,1;1,3;
2024/08/31;1200 UTC;0;975,7;975,7;975,2;1304,7;26,8;10,2;26,8;23,7;11,2;9,9;43;35;35;87;5,1;3,1;
2024/08/31;1300 UTC;0;975,8;975,8;975,7;2100,2;29,6;10,7;29,6;26,8;10,8;9,8;36;30;31;90;6,4;3,4;
2024/08/31;1400 UTC;0;975,5;975,8;975,5;2714,1;32;10,2;32,3;29,2;10,8;9,7;31;26;26;64;7,3;4,2;
2024/08/31;1500 UTC;0;974,9;975,5;974,8;3070,7;33,4;9;33,7;31,9;10,2;8;26;21;22;62;7,3;3,4;
2024/08/31;1600 UTC;0;973,5;974,9;973,5;3146,4;34,7;7,9;34,8;33,1;9,3;7,4;22;19;19;59;8,2;2,8;
2024/08/31;1700 UTC;0;972,5;973,5;972,5;3035,6;34,7;7,2;35,3;34;8,5;7,2;20;18;18;126;8,6;2,2;
2024/08/31;1800 UTC;0;971,6;972,5;971,6;2614,1;34,7;7,3;35,5;34,5;8,4;6,4;20;17;19;113;5,7;2,9;
2024/08/31;1900 UTC;0;970,9;971,6;970,9;1968,7;34,7;7,1;35,7;34,6;8,4;6,6;19;17;18;106;5,7;1,8;
2024/08/31;2000 UTC;0;970,8;970,9;970,7;1194,1;34,7;6,6;35,3;34,7;7,5;6,4;19;17;18;210;5,3;1,5;
2024/08/31;2100 UTC;0;971;971;970,7;393,8;32,6;7,3;34,7;32,6;7,8;6,3;21;17;21;80;3;,6;
2024/08/31;2200 UTC;0;971,1;971,2;971;5;28,1;7,6;32,6;26,8;7,9;7,1;30;21;27;98;2,3;1,8;
2024/08/31;2300 UTC;0;971,6;971,6;971,1;;28;7,1;29,9;23,7;8,9;6,8;38;24;27;103;2,8;1,9;
2024/09/01;0000 UTC;0;972,3;972,3;971,6;;25,7;7,1;28;24,5;8,4;6,9;35;26;31;102;2,9;2,2;
2024/09/01;0100 UTC;0;972,8;972,8;972,3;;23,6;7,1;25,8;20;9,6;7,1;51;30;35;145;3;,4;
2024/09/01;0200 UTC;0;973,1;973,1;972,8;;23,7;6,7;24,5;22,2;7,6;6,6;38;32;33;108;2;1,6;
2024/09/01;0300 UTC;0;972,9;973,1;972,9;;22,7;6,9;25;22,1;7,5;6,6;37;31;36;181;2;,5;
2024/09/01;0400 UTC;0;972,5;972,9;972,5;;22,9;6,8;23,8;20,8;7,5;6,3;42;33;35;92;3,1;2,1;
2024/09/01;0500 UTC;0;972,1;972,5;972,1;;23,3;6,1;23,7;21,9;7,1;6,1;38;33;33;112;4,6;3,1;
2024/09/01;0600 UTC;0;971,7;972,1;971,7;;23,1;6,3;23,6;22,8;6,3;6,1;34;33;34;98;4,1;2,7;
2024/09/01;0700 UTC;0;971,5;971,7;971,4;;22;6,4;23,1;22;6,5;6,3;37;34;36;92;4,1;2,2;
2024/09/01;0800 UTC;0;971,5;971,5;971,4;;21,3;6,5;22,3;21,3;6,6;6,3;38;36;38;90;4,1;2,5;
2024/09/01;0900 UTC;0;971,8;971,8;971,5;;21;6,7;21,6;20,9;6,7;6,5;40;38;39;97;4,5;3;
2024/09/01;1000 UTC;0;972,5;972,5;971,8;19,7;20,3;7;21,1;20,2;7;6,7;42;39;42;99;5;3,2;
2024/09/01;1100 UTC;0;973,3;973,3;972,5;422,6;21,9;7,8;21,9;20,3;8,1;7;42;39;40;66;5,7;1,7;
2024/09/01;1200 UTC;0;974,3;974,4;973,3;1175,9;24,7;8;25;21,9;8,4;7,5;41;34;35;87;4;1;
2024/09/01;1300 UTC;0;974,5;974,7;974,3;1984,3;27,4;9,5;27,4;24,5;9,9;8;37;30;33;322;4,5;1,6;
2024/09/01;1400 UTC;0;974,5;974,7;974,5;2576,9;29,9;8,6;30;27,4;9,9;7,9;33;26;27;292;4,5;1,6;
2024/09/01;1500 UTC;0;973,8;974,5;973,8;2922,6;32,4;10,2;32,4;29,8;10,2;7,8;28;23;26;319;4,9;2,3;
2024/09/01;1600 UTC;0;972,9;973,8;972,9;3026,6;33,5;9,4;33,9;32,2;10,1;8,7;26;22;23;325;6;2,7;
2024/09/01;1700 UTC;0;971,8;972,9;971,8;2841,7;34,6;9,7;35,4;33,5;10,5;8,6;23;20;22;321;6,7;3,4;
2024/09/01;1800 UTC;0;970,9;971,8;970,9;2519,3;34,8;9;35,8;34,1;9,8;8,3;22;20;21;308;6,3;2,7;
2024/09/01;1900 UTC;0;970,6;970,9;970,5;1814,2;35,1;8,7;35,8;34,6;9,5;7,7;21;18;20;286;5,9;3,2;
2024/09/01;2000 UTC;0;970,5;970,6;970,5;1002,8;33,7;11,8;35,3;33,2;12,2;8,5;27;20;26;246;6;2,6;
2024/09/01;2100 UTC;0;970,7;970,7;970,5;351,8;30,7;11,9;33,8;30,7;12;11,1;32;26;32;246;5;1,5;
2024/09/01;2200 UTC;0;971;971;970,7;9,6;27,6;13,1;30,7;27,5;13,1;11,9;41;32;41;229;3,7;1,6;
2024/09/01;2300 UTC;0;971,6;971,6;971;;27,1;13,5;27,7;26,5;13,6;13;44;41;43;226;5,5;3,3;
2024/09/02;0000 UTC;0;972,3;972,3;971,6;;25,2;13,3;27,2;25,2;13,6;13,2;48;43;48;215;5,9;3,1;
2024/09/02;0100 UTC;0;972,4;972,4;972,3;;24;13,1;25,2;24;13,5;13,1;51;48;51;222;5,7;1,7;
2024/09/02;0200 UTC;0;972,5;972,5;972,3;;22,9;13,3;24,3;22,8;13,3;13;55;50;55;226;4,6;1,9;
2024/09/02;0300 UTC;0;972,2;972,5;972,1;;21,4;13,4;23;21,4;13,5;13,2;60;54;60;226;4,2;1,8;
2024/09/02;0400 UTC;0;971,9;972,2;971,9;;20,2;13,3;21,6;20,2;13,5;13,3;65;60;65;228;3,9;1,5;
2024/09/02;0500 UTC;0;971;971,9;971;;19,5;13,4;20,3;19,4;13,5;12,4;68;62;68;226;3,7;1,6;
2024/09/02;0600 UTC;0;970,5;971;970,5;;18,8;13,2;19,5;18,7;13,4;13,1;70;68;70;221;4,6;1,8;
2024/09/02;0700 UTC;0;970,1;970,5;970,1;;17,2;12,7;18,8;17,2;13,3;12,7;74;70;74;261;4,3;1,6;
2024/09/02;0800 UTC;0;970,3;970,3;970;;15,6;12,9;17,2;15,6;12,9;12,5;84;75;84;256;3,2;,6;
2024/09/02;0900 UTC;0;970,7;970,7;970,2;;14,9;14,5;15,7;14,8;14,5;12,6;97;83;97;279;1,6;,7;
2024/09/02;1000 UTC;0;971,2;971,2;970,7;22,7;14,6;14,5;14,9;14;14,8;13,1;100;93;99;329;1,4;,4;
2024/09/02;1100 UTC;0;971,6;971,6;971,2;376,7;17,1;13,4;17,1;14,6;14,5;13,2;99;79;79;285;1,4;1;
2024/09/02;1200 UTC;0;972,2;972,2;971,6;1080,5;19,9;13,5;19,9;17,1;13,7;12,8;80;67;67;279;2,7;1,2;
2024/09/02;1300 UTC;0;972,3;972,4;972,2;1806;23,7;13,8;23,7;19,9;13,8;12,8;67;53;54;305;3,1;1,2;
2024/09/02;1400 UTC;0;972,3;972,5;972,3;2426;27,6;13,4;27,9;23,6;14,2;13,2;54;41;42;101;3,2;1,2;
2024/09/02;1500 UTC;0;971,5;972,3;971,5;2805,3;30,1;12,8;30,1;27,5;14,7;12,8;44;35;35;306;3,1;1,1;
2024/09/02;1600 UTC;0;970,6;971,5;970,6;2899,3;31,5;12,2;32,2;30,1;13,9;11,8;35;30;31;220;3,8;1,7;
2024/09/02;1700 UTC;0;969,3;970,6;969,3;2754,2;33,7;12,1;33,9;31,5;13,1;11,3;32;26;27;334;5,3;1,8;
2024/09/02;1800 UTC;0;968,2;969,3;968,2;2448,8;34,1;11,5;34,6;33,3;12,7;10,8;28;24;25;13;5,5;1,5;
2024/09/02;1900 UTC;0;967,6;968,2;967,6;1861,2;35;11,6;35,2;33,8;12,1;10,6;26;23;24;270;4,8;1,6;
2024/09/02;2000 UTC;0;967,5;967,6;967,4;1115;34;11,3;34,9;34;12,2;10,3;26;23;25;291;4,3;1,3;
2024/09/02;2100 UTC;0;967,6;967,6;967,5;362,7;31;12;34,2;31;12,7;11;31;24;31;260;2,9;1,5;
2024/09/02;2200 UTC;0;968;968;967,5;6,4;27,1;12,5;31;27,1;12,6;11,9;40;31;40;193;2,5;1,1;
2024/09/02;2300 UTC;0;968,5;968,5;968;;23,6;12,3;27,1;23,6;12,8;12,2;49;40;49;118;2;1;
2024/09/03;0000 UTC;0;969;969;968,5;;25,2;11,5;25,2;23,5;12,4;11,5;49;42;42;132;2,7;1,3;
2024/09/03;0100 UTC;0;969,2;969,2;969;;23,1;11,4;25,2;22,8;11,8;11,2;49;42;48;149;2,5;,4;
2024/09/03;0200 UTC;0;969,4;969,4;969,2;;23,1;10,9;24,8;21,8;11,5;10,3;52;40;46;136;2,5;,8;
2024/09/03;0300 UTC;0;969,2;969,4;969,1;;23,4;10,6;24,3;21,5;10,9;10,2;51;42;44;125;2,6;2,2;
2024/09/03;0400 UTC;0;968,6;969,2;968,6;;25,3;10,8;26;21,3;11,1;10,6;51;38;40;132;4,8;3,3;
2024/09/03;0500 UTC;0;968,1;968,6;968;;25,3;10,7;25,5;24,1;11;10,7;43;40;40;132;4,3;3,1;
2024/09/03;0600 UTC;0;967,5;968,1;967,5;;25;10,8;25,3;24,4;10,9;10,6;43;40;41;139;5;2,8;
2024/09/03;0700 UTC;0;967,2;967,5;967,2;;23,7;10,9;25,3;23,3;10,9;10,7;46;40;45;129;4,7;3;
2024/09/03;0800 UTC;0;967,5;967,5;967,2;;20,6;11;23,7;20,6;11,1;10,9;54;45;54;93;4,3;1,9;
2024/09/03;0900 UTC;0;967,8;967,8;967,5;;20,7;11,1;21,2;20,4;11,2;10,9;55;52;54;118;3,9;1,9;
2024/09/03;1000 UTC;0;968,9;968,9;967,8;32,4;21;11,3;21,4;20,6;11,3;11,1;54;52;54;86;3,7;1,4;
2024/09/03;1100 UTC;0;969,7;969,7;968,9;505,9;24,7;11,8;24,7;20,9;12,2;11,3;55;45;45;98;5,4;3,1;
2024/09/03;1200 UTC;0;970,4;970,5;969,7;1343,6;27,1;12,5;27,1;24,7;12,9;11,9;45;40;41;79;9;5,5;
2024/09/03;1300 UTC;0;970,8;970,8;970,4;2108,6;30,7;12,3;30,7;27;12,9;12;41;32;32;81;9,9;6,2;
2024/09/03;1400 UTC;0;970,7;970,9;970,6;2728,9;33,5;12,3;33,5;30,6;12,5;11,6;32;27;28;60;9,8;5,2;
2024/09/03;1500 UTC;0;970;970,7;970;3067,1;35,8;11,8;35,8;33,2;12,3;11,1;28;23;24;25;9,3;5,7;
2024/09/03;1600 UTC;0;969,2;970;969,2;3124,5;37,6;4,9;37,7;35,5;12,1;4,9;24;13;13;26;10;4,9;
2024/09/03;1700 UTC;0;968,4;969,3;968,4;2987,5;37,5;3,7;38,1;36,8;5,6;,3;15;10;12;333;10;3,5;
2024/09/03;1800 UTC;0;967,6;968,4;967,6;2540,2;37,4;3,1;38,1;37;5,3;2,6;14;12;12;323;8;3,1;
2024/09/03;1900 UTC;0;967,3;967,7;967,3;1969,2;37,7;2,2;38,1;37,2;3,9;1,6;13;11;11;266;6,6;2,2;
2024/09/03;2000 UTC;0;967,3;967,4;967,3;1196;36,7;2,7;37,9;36,7;4,2;1,5;13;11;12;335;5,1;2,5;
2024/09/03;2100 UTC;0;967,8;967,8;967,3;377,3;34,1;4;36,7;34,1;4,8;2,2;15;12;15;332;3,6;,8;
2024/09/03;2200 UTC;0;968,2;968,2;967,8;5,4;30,6;3,5;34,1;30,5;4,1;3,3;19;15;18;109;1,3;,6;
2024/09/03;2300 UTC;0;968,9;968,9;968,2;;27,9;4;30,5;25,4;5,5;3,6;28;18;22;124;3,3;1,7;
2024/09/04;0000 UTC;0;969,5;969,5;968,9;;27,4;4;28,7;24,9;5,9;3,5;29;20;22;122;2,1;1,4;
2024/09/04;0100 UTC;0;969,8;969,8;969,5;;26,3;4,2;28,2;22,1;6,5;4,1;36;22;24;155;2,1;,3;
2024/09/04;0200 UTC;0;969,7;969,8;969,6;;24,3;4,8;28;22,5;5,7;3,8;33;21;28;112;3,4;1,6;
2024/09/04;0300 UTC;0;969,5;969,8;969,4;;26,2;4,2;26,9;23;5,4;4,1;32;23;24;122;3,5;2,8;
2024/09/04;0400 UTC;0;969,2;969,5;969,2;;27,1;4,1;27,3;24,9;4,8;4;27;23;23;119;4,1;3;
2024/09/04;0500 UTC;0;968,5;969,2;968,5;;26,6;3,6;27,8;26,3;4,3;3,6;24;21;23;117;4,2;3;
2024/09/04;0600 UTC;0;968;968,5;968;;25,5;3,8;27;25,4;3,8;3,5;25;22;25;109;4,5;2,7;
2024/09/04;0700 UTC;0;967,8;968;967,8;;24,9;4,4;25,8;24,7;4,4;3,7;27;24;27;107;4,6;2,6;
2024/09/04;0800 UTC;0;968,1;968,1;967,7;;24,2;4,7;24,9;22,9;5,3;4,4;32;27;28;80;5,5;3,7;
2024/09/04;0900 UTC;0;968,8;968,9;968,1;;22,1;5,2;24,3;22,1;5,2;4,7;33;28;33;75;6,8;4,5;
2024/09/04;1000 UTC;0;969,6;969,6;968,8;26,7;21;5,8;22,1;20,8;5,8;5,1;38;33;37;73;6,8;4;
2024/09/04;1100 UTC;0;970,3;970,3;969,6;444,9;23,2;7,1;23,2;21;7,1;5,9;37;35;35;78;7;4,2;
2024/09/04;1200 UTC;0;970,7;970,7;970,3;1236,5;27,4;7,5;27,4;23,2;7,8;7;35;29;29;72;7,7;4,9;
2024/09/04;1300 UTC;0;970,8;970,9;970,7;2023,2;32;7,5;32;27,3;7,8;7;29;22;22;58;7,8;4,3;
2024/09/04;1400 UTC;0;970,6;970,9;970,6;2611,4;34,2;7,1;34,5;31,5;7,7;6,6;23;18;19;49;9,7;5,9;
2024/09/04;1500 UTC;0;969,9;970,6;969,8;2920,1;36,6;5,2;37;34,1;7,8;5,2;19;14;14;40;10,4;4,9;
2024/09/04;1600 UTC;0;969;969,9;969;2970,6;38,1;4,6;38,3;36,6;5,8;4,2;15;13;13;1;10,1;3,9;
2024/09/04;1700 UTC;0;968,1;969;968,1;2828,1;38,4;5,2;38,4;37,4;5,6;4;14;13;13;329;10,8;3,5;
2024/09/04;1800 UTC;0;967,2;968,1;967,2;2424,7;37,6;4,2;38,8;37,6;5,4;3,6;13;12;13;21;10,8;4,9;
2024/09/04;1900 UTC;0;967;967,2;966,9;1691,2;37,8;4,8;38,6;37,5;5,7;3,6;14;12;13;322;7,5;3,3;
2024/09/04;2000 UTC;0;967,1;967,2;966,9;1012,3;36,8;4,4;37,9;36,8;4,6;3,1;14;12;14;339;6,6;2,4;
2024/09/04;2100 UTC;0;967,5;967,5;967,1;318,6;32,8;4,8;36,8;32,8;6,5;3,3;17;13;17;25;5;1,9;
2024/09/04;2200 UTC;0;967,9;967,9;967,5;5;31,2;3,5;32,8;31,2;4,7;3,3;17;17;17;96;2,8;1,8;
2024/09/04;2300 UTC;0;968,2;968,2;967,9;;29,4;3,5;31,1;28,7;4,1;3,5;21;17;19;96;2,8;2,2;
2024/09/05;0000 UTC;0;968,6;968,6;968,2;;28,7;3;29,5;28,4;3,5;2,9;20;19;19;94;2,9;2,2;
2024/09/05;0100 UTC;0;969,1;969,1;968,6;;28,2;2,1;28,8;28,2;2,9;2,1;19;18;19;94;2,9;1,9;
2024/09/05;0200 UTC;0;969,4;969,4;969,1;;28,4;1,3;28,4;27,4;2,1;1,3;19;17;17;100;2,8;1,7;
2024/09/05;0300 UTC;0;969,4;969,4;969,3;;26,1;,9;28,4;26,1;1,6;,9;20;17;19;102;2,2;1,2;
2024/09/05;0400 UTC;0;969,5;969,7;969,3;;21,8;4,1;26,8;19,8;5;,9;38;19;31;305;5,1;1,6;
2024/09/05;0500 UTC;0;968,5;969,5;968,5;;23,6;2,5;23,8;21,8;4,1;2,4;31;25;25;113;3,7;2,5;
2024/09/05;0600 UTC;0;967,9;968,5;967,9;;25,8;1,9;26,2;23,6;2,3;1,6;25;20;21;87;3,5;2,1;
2024/09/05;0700 UTC;0;968,4;968,6;967,9;;21,9;5,7;25,9;21,6;5,8;1,8;35;21;35;288;7,4;,9;
2024/09/05;0800 UTC;0;969,1;969,1;968,4;;22;11,3;22,7;21;11,6;5,6;52;35;51;253;5,9;2,7;
2024/09/05;0900 UTC;0;969,8;969,8;969,1;;20;11,4;22,5;19,7;11,4;11;58;49;57;271;5,5;1,5;
2024/09/05;1000 UTC;0;970,9;970,9;969,8;23;19,7;11,8;20,1;18,9;11,8;11,1;63;57;60;256;3,8;2,3;
2024/09/05;1100 UTC;0;971,6;971,6;970,8;351;22,3;13,2;22,3;19,7;13,3;11,8;62;56;56;254;5,8;3,3;
2024/09/05;1200 UTC;0;972,6;972,6;971,6;931;23,9;14,8;24,1;22,3;15,2;13,2;59;55;57;249;7,6;3,3;
2024/09/05;1300 UTC;0;972,8;972,8;972,6;1455,5;25,7;15,3;25,7;23,6;15,7;14,6;59;53;53;225;7,3;2,5;
2024/09/05;1400 UTC;0;973;973,1;972,8;1926,2;27,1;15,7;27,7;25,5;15,8;14,4;53;46;50;250;7,6;3,9;
2024/09/05;1500 UTC;0;972,7;973,1;972,7;2116,9;27,9;15,2;28,2;26;16,6;14,5;54;43;46;232;8,6;3,6;
2024/09/05;1600 UTC;0;972,1;972,7;972,1;2043,7;26,8;17,4;28,5;25,8;17,7;14,9;59;45;56;267;8,1;3,6;
2024/09/05;1700 UTC;0;971,5;972,2;971,5;1860,7;26,9;16,6;27,3;26,1;17,5;16,4;57;52;53;240;8,7;3,9;
2024/09/05;1800 UTC;0;971,1;971,5;971,1;1618,7;24,9;16,4;27;24,7;17,1;16,2;60;53;60;258;9,8;5,7;
2024/09/05;1900 UTC;0;970,7;971,1;970,7;1049,4;23,1;15,8;24,9;23,1;16,5;15,8;64;59;64;240;9,8;5,1;
2024/09/05;2000 UTC;0;970,9;970,9;970,6;582,1;21,8;15,5;23,1;21,8;15,9;15,4;68;63;67;239;9,6;4,5;
2024/09/05;2100 UTC;0;971,2;971,2;970,9;189,7;20,4;15,3;21,8;20,4;15,5;15,2;72;67;72;239;8,9;3,7;
2024/09/05;2200 UTC;0;971,4;971,4;971,1;4,4;19,3;15;20,4;19,3;15,3;15;76;72;76;243;6,6;3,2;
2024/09/05;2300 UTC;0;971,7;971,7;971,4;;18,5;15,1;19,3;18,5;15,2;15;81;77;81;236;6,4;2,6;
2024/09/06;0000 UTC;0;972,3;972,3;971,7;;18;15,4;18,6;18;15,4;14,6;84;78;84;241;6,1;2,1;
2024/09/06;0100 UTC;0;972,5;972,6;972,3;;17,5;16,8;18,1;17,5;16,9;15,3;96;84;96;252;4,6;1,7;
2024/09/06;0200 UTC;0;972;972,5;972;;16,8;16,8;17,5;16,8;17,3;16,7;100;95;100;265;3,5;1;
2024/09/06;0300 UTC;0;971,8;972,1;971,8;;16,5;16,5;16,8;16,3;16,8;16,3;100;100;100;259;2,3;1,1;
2024/09/06;0400 UTC;;;;;;;;;;;;;;;;;;
2024/09/06;0500 UTC;;;;;;;;;;;;;;;;;;
2024/09/06;0600 UTC;;;;;;;;;;;;;;;;;;
2024/09/06;0700 UTC;;;;;;;;;;;;;;;;;;
2024/09/06;0800 UTC;;;;;;;;;;;;;;;;;;
2024/09/06;0900 UTC;;;;;;;;;;;;;;;;;;
2024/09/06;1000 UTC;;;;;;;;;;;;;;;;;;
2024/09/06;1100 UTC;;;;;;;;;;;;;;;;;;
2024/09/06;1200 UTC;;;;;;;;;;;;;;;;;;
2024/09/06;1300 UTC;;;;;;;;;;;;;;;;;;
2024/09/06;1400 UTC;;;;;;;;;;;;;;;;;;
2024/09/06;1500 UTC;;;;;;;;;;;;;;;;;;
2024/09/06;1600 UTC;;;;;;;;;;;;;;;;;;
2024/09/06;1700 UTC;;;;;;;;;;;;;;;;;;
2024/09/06;1800 UTC;;;;;;;;;;;;;;;;;;
2024/09/06;1900 UTC;;;;;;;;;;;;;;;;;;
2024/09/06;2000 UTC;;;;;;;;;;;;;;;;;;
2024/09/06;2100 UTC;;;;;;;;;;;;;;;;;;
2024/09/06;2200 UTC;;;;;;;;;;;;;;;;;;
2024/09/06;2300 UTC;;;;;;;;;;;;;;;;;;
2024/09/07;0000 UTC;;;;;;;;;;;;;;;;;;
2024/09/07;0100 UTC;;;;;;;;;;;;;;;;;;
2024/09/07;0200 UTC;;;;;;;;;;;;;;;;;;
2024/09/07;0300 UTC;;;;;;;;;;;;;;;;;;
2024/09/07;0400 UTC;;;;;;;;;;;;;;;;;;
2024/09/07;0500 UTC;;;;;;;;;;;;;;;;;;
2024/09/07;0600 UTC;;;;;;;;;;;;;;;;;;
2024/09/07;0700 UTC;;;;;;;;;;;;;;;;;;
2024/09/07;0800 UTC;;;;;;;;;;;;;;;;;;
2024/09/07;0900 UTC;;;;;;;;;;;;;;;;;;
2024/09/07;1000 UTC;;;;;;;;;;;;;;;;;;
2024/09/07;1100 UTC;;;;;;;;;;;;;;;;;;
2024/09/07;1200 UTC;;;;;;;;;;;;;;;;;;
2024/09/07;1300 UTC;;;;;;;;;;;;;;;;;;
2024/09/07;1400 UTC;;;;;;;;;;;;;;;;;;
2024/09/07;1500 UTC;;;;;;;;;;;;;;;;;;
2024/09/07;1600 UTC;;;;;;;;;;;;;;;;;;
2024/09/07;1700 UTC;;;;;;;;;;;;;;;;;;
2024/09/07;1800 UTC;;;;;;;;;;;;;;;;;;
2024/09/07;1900 UTC;;;;;;;;;;;;;;;;;;
2024/09/07;2000 UTC;;;;;;;;;;;;;;;;;;
2024/09/07;2100 UTC;;;;;;;;;;;;;;;;;;
2024/09/07;2200 UTC;;;;;;;;;;;;;;;;;;
2024/09/07;2300 UTC;;;;;;;;;;;;;;;;;;
2024/09/08;0000 UTC;;;;;;;;;;;;;;;;;;
2024/09/08;0100 UTC;;;;;;;;;;;;;;;;;;
2024/09/08;0200 UTC;;;;;;;;;;;;;;;;;;
2024/09/08;0300 UTC;;;;;;;;;;;;;;;;;;
2024/09/08;0400 UTC;;;;;;;;;;;;;;;;;;
2024/09/08;0500 UTC;;;;;;;;;;;;;;;;;;
2024/09/08;0600 UTC;;;;;;;;;;;;;;;;;;
2024/09/08;0700 UTC;;;;;;;;;;;;;;;;;;
2024/09/08;0800 UTC;;;;;;;;;;;;;;;;;;
2024/09/08;0900 UTC;;;;;;;;;;;;;;;;;;
2024/09/08;1000 UTC;;;;;;;;;;;;;;;;;;
2024/09/08;1100 UTC;;;;;;;;;;;;;;;;;;
2024/09/08;1200 UTC;;;;;;;;;;;;;;;;;;
2024/09/08;1300 UTC;;;;;;;;;;;;;;;;;;
2024/09/08;1400 UTC;;;;;;;;;;;;;;;;;;
2024/09/08;1500 UTC;;;;;;;;;;;;;;;;;;
2024/09/08;1600 UTC;;;;;;;;;;;;;;;;;;
2024/09/08;1700 UTC;;;;;;;;;;;;;;;;;;
2024/09/08;1800 UTC;;;;;;;;;;;;;;;;;;
2024/09/08;1900 UTC;;;;;;;;;;;;;;;;;;
2024/09/08;2000 UTC;;;;;;;;;;;;;;;;;;
2024/09/08;2100 UTC;;;;;;;;;;;;;;;;;;
2024/09/08;2200 UTC;;;;;;;;;;;;;;;;;;
2024/09/08;2300 UTC;;;;;;;;;;;;;;;;;;
2024/09/09;0000 UTC;;;;;;;;;;;;;;;;;;
2024/09/09;0100 UTC;;;;;;;;;;;;;;;;;;
2024/09/09;0200 UTC;;;;;;;;;;;;;;;;;;
2024/09/09;0300 UTC;;;;;;;;;;;;;;;;;;
2024/09/09;0400 UTC;;;;;;;;;;;;;;;;;;
2024/09/09;0500 UTC;;;;;;;;;;;;;;;;;;
2024/09/09;0600 UTC;;;;;;;;;;;;;;;;;;
2024/09/09;0700 UTC;;;;;;;;;;;;;;;;;;
2024/09/09;0800 UTC;;;;;;;;;;;;;;;;;;
2024/09/09;0900 UTC;;;;;;;;;;;;;;;;;;
2024/09/09;1000 UTC;;;;;;;;;;;;;;;;;;
2024/09/09;1100 UTC;;;;;;;;;;;;;;;;;;
2024/09/09;1200 UTC;;;;;;;;;;;;;;;;;;
2024/09/09;1300 UTC;;;;;;;;;;;;;;;;;;
2024/09/09;1400 UTC;;;;;;;;;;;;;;;;;;
2024/09/09;1500 UTC;;;;;;;;;;;;;;;;;;
2024/09/09;1600 UTC;;;;;;;;;;;;;;;;;;
2024/09/09;1700 UTC;;;;;;;;;;;;;;;;;;
2024/09/09;1800 UTC;;;;;;;;;;;;;;;;;;
2024/09/09;1900 UTC;;;;;;;;;;;;;;;;;;
2024/09/09;2000 UTC;;;;;;;;;;;;;;;;;;
2024/09/09;2100 UTC;;;;;;;;;;;;;;;;;;
2024/09/09;2200 UTC;;;;;;;;;;;;;;;;;;
2024/09/09;2300 UTC;;;;;;;;;;;;;;;;;;
2024/09/10;0000 UTC;;;;;;;;;;;;;;;;;;
2024/09/10;0100 UTC;;;;;;;;;;;;;;;;;;
2024/09/10;0200 UTC;;;;;;;;;;;;;;;;;;
2024/09/10;0300 UTC;;;;;;;;;;;;;;;;;;
2024/09/10;0400 UTC;;;;;;;;;;;;;;;;;;
2024/09/10;0500 UTC;;;;;;;;;;;;;;;;;;
2024/09/10;0600 UTC;;;;;;;;;;;;;;;;;;
2024/09/10;0700 UTC;;;;;;;;;;;;;;;;;;
2024/09/10;0800 UTC;;;;;;;;;;;;;;;;;;
2024/09/10;0900 UTC;;;;;;;;;;;;;;;;;;
2024/09/10;1000 UTC;;;;;;;;;;;;;;;;;;
2024/09/10;1100 UTC;;;;;;;;;;;;;;;;;;
2024/09/10;1200 UTC;;;;;;;;;;;;;;;;;;
2024/09/10;1300 UTC;;;;;;;;;;;;;;;;;;
2024/09/10;1400 UTC;;;;;;;;;;;;;;;;;;
2024/09/10;1500 UTC;;;;;;;;;;;;;;;;;;
2024/09/10;1600 UTC;;;;;;;;;;;;;;;;;;
2024/09/10;1700 UTC;;;;;;;;;;;;;;;;;;
2024/09/10;1800 UTC;;;;;;;;;;;;;;;;;;
2024/09/10;1900 UTC;;;;;;;;;;;;;;;;;;
2024/09/10;2000 UTC;;;;;;;;;;;;;;;;;;
2024/09/10;2100 UTC;;;;;;;;;;;;;;;;;;
2024/09/10;2200 UTC;;;;;;;;;;;;;;;;;;
2024/09/10;2300 UTC;;;;;;;;;;;;;;;;;;
2024/09/11;0000 UTC;;;;;;;;;;;;;;;;;;
2024/09/11;0100 UTC;;;;;;;;;;;;;;;;;;
2024/09/11;0200 UTC;;;;;;;;;;;;;;;;;;
2024/09/11;0300 UTC;;;;;;;;;;;;;;;;;;
2024/09/11;0400 UTC;;;;;;;;;;;;;;;;;;
2024/09/11;0500 UTC;;;;;;;;;;;;;;;;;;
2024/09/11;0600 UTC;;;;;;;;;;;;;;;;;;
2024/09/11;0700 UTC;;;;;;;;;;;;;;;;;;
2024/09/11;0800 UTC;;;;;;;;;;;;;;;;;;
2024/09/11;0900 UTC;;;;;;;;;;;;;;;;;;
2024/09/11;1000 UTC;;;;;;;;;;;;;;;;;;
2024/09/11;1100 UTC;;;;;;;;;;;;;;;;;;
2024/09/11;1200 UTC;;;;;;;;;;;;;;;;;;
2024/09/11;1300 UTC;;;;;;;;;;;;;;;;;;
2024/09/11;1400 UTC;;;;;;;;;;;;;;;;;;
2024/09/11;1500 UTC;;;;;;;;;;;;;;;;;;
2024/09/11;1600 UTC;;;;;;;;;;;;;;;;;;
2024/09/11;1700 UTC;;;;;;;;;;;;;;;;;;
2024/09/11;1800 UTC;;;;;;;;;;;;;;;;;;
2024/09/11;1900 UTC;;;;;;;;;;;;;;;;;;
2024/09/11;2000 UTC;;;;;;;;;;;;;;;;;;
2024/09/11;2100 UTC;;;;;;;;;;;;;;;;;;
2024/09/11;2200 UTC;;;;;;;;;;;;;;;;;;
2024/09/11;2300 UTC;;;;;;;;;;;;;;;;;;
2024/09/12;0000 UTC;;;;;;;;;;;;;;;;;;
2024/09/12;0100 UTC;;;;;;;;;;;;;;;;;;
2024/09/12;0200 UTC;;;;;;;;;;;;;;;;;;
2024/09/12;0300 UTC;;;;;;;;;;;;;;;;;;
2024/09/12;0400 UTC;;;;;;;;;;;;;;;;;;
2024/09/12;0500 UTC;;;;;;;;;;;;;;;;;;
2024/09/12;0600 UTC;;;;;;;;;;;;;;;;;;
2024/09/12;0700 UTC;;;;;;;;;;;;;;;;;;
2024/09/12;0800 UTC;;;;;;;;;;;;;;;;;;
2024/09/12;0900 UTC;;;;;;;;;;;;;;;;;;
2024/09/12;1000 UTC;;;;;;;;;;;;;;;;;;
2024/09/12;1100 UTC;;;;;;;;;;;;;;;;;;
2024/09/12;1200 UTC;;;;;;;;;;;;;;;;;;
2024/09/12;1300 UTC;;;;;;;;;;;;;;;;;;
2024/09/12;1400 UTC;;;;;;;;;;;;;;;;;;
2024/09/12;1500 UTC;;;;;;;;;;;;;;;;;;
2024/09/12;1600 UTC;;;;;;;;;;;;;;;;;;
2024/09/12;1700 UTC;;;;;;;;;;;;;;;;;;
2024/09/12;1800 UTC;;;;;;;;;;;;;;;;;;
2024/09/12;1900 UTC;;;;;;;;;;;;;;;;;;
2024/09/12;2000 UTC;;;;;;;;;;;;;;;;;;
2024/09/12;2100 UTC;;;;;;;;;;;;;;;;;;
2024/09/12;2200 UTC;;;;;;;;;;;;;;;;;;
2024/09/12;2300 UTC;;;;;;;;;;;;;;;;;;
2024/09/13;0000 UTC;;;;;;;;;;;;;;;;;;
2024/09/13;0100 UTC;;;;;;;;;;;;;;;;;;
2024/09/13;0200 UTC;;;;;;;;;;;;;;;;;;
2024/09/13;0300 UTC;;;;;;;;;;;;;;;;;;
2024/09/13;0400 UTC;;;;;;;;;;;;;;;;;;
2024/09/13;0500 UTC;;;;;;;;;;;;;;;;;;
2024/09/13;0600 UTC;;;;;;;;;;;;;;;;;;
2024/09/13;0700 UTC;;;;;;;;;;;;;;;;;;
2024/09/13;0800 UTC;;;;;;;;;;;;;;;;;;
2024/09/13;0900 UTC;;;;;;;;;;;;;;;;;;
2024/09/13;1000 UTC;;;;;;;;;;;;;;;;;;
2024/09/13;1100 UTC;;;;;;;;;;;;;;;;;;
2024/09/13;1200 UTC;;;;;;;;;;;;;;;;;;
2024/09/13;1300 UTC;;;;;;;;;;;;;;;;;;
2024/09/13;1400 UTC;;;;;;;;;;;;;;;;;;
2024/09/13;1500 UTC;;;;;;;;;;;;;;;;;;
2024/09/13;1600 UTC;;;;;;;;;;;;;;;;;;
2024/09/13;1700 UTC;;;;;;;;;;;;;;;;;;
2024/09/13;1800 UTC;;;;;;;;;;;;;;;;;;
2024/09/13;1900 UTC;;;;;;;;;;;;;;;;;;
2024/09/13;2000 UTC;;;;;;;;;;;;;;;;;;
2024/09/13;2100 UTC;;;;;;;;;;;;;;;;;;
2024/09/13;2200 UTC;;;;;;;;;;;;;;;;;;
2024/09/13;2300 UTC;;;;;;;;;;;;;;;;;;
2024/09/14;0000 UTC;;;;;;;;;;;;;;;;;;
2024/09/14;0100 UTC;;;;;;;;;;;;;;;;;;
2024/09/14;0200 UTC;;;;;;;;;;;;;;;;;;
2024/09/14;0300 UTC;;;;;;;;;;;;;;;;;;
2024/09/14;0400 UTC;;;;;;;;;;;;;;;;;;
2024/09/14;0500 UTC;;;;;;;;;;;;;;;;;;
2024/09/14;0600 UTC;;;;;;;;;;;;;;;;;;
2024/09/14;0700 UTC;;;;;;;;;;;;;;;;;;
2024/09/14;0800 UTC;;;;;;;;;;;;;;;;;;
2024/09/14;0900 UTC;;;;;;;;;;;;;;;;;;
2024/09/14;1000 UTC;;;;;;;;;;;;;;;;;;
2024/09/14;1100 UTC;;;;;;;;;;;;;;;;;;
2024/09/14;1200 UTC;;;;;;;;;;;;;;;;;;
2024/09/14;1300 UTC;;;;;;;;;;;;;;;;;;
2024/09/14;1400 UTC;;;;;;;;;;;;;;;;;;
2024/09/14;1500 UTC;;;;;;;;;;;;;;;;;;
2024/09/14;1600 UTC;;;;;;;;;;;;;;;;;;
2024/09/14;1700 UTC;;;;;;;;;;;;;;;;;;
2024/09/14;1800 UTC;;;;;;;;;;;;;;;;;;
2024/09/14;1900 UTC;;;;;;;;;;;;;;;;;;
2024/09/14;2000 UTC;;;;;;;;;;;;;;;;;;
2024/09/14;2100 UTC;;;;;;;;;;;;;;;;;;
2024/09/14;2200 UTC;;;;;;;;;;;;;;;;;;
2024/09/14;2300 UTC;;;;;;;;;;;;;;;;;;
2024/09/15;0000 UTC;;;;;;;;;;;;;;;;;;
2024/09/15;0100 UTC;;;;;;;;;;;;;;;;;;
2024/09/15;0200 UTC;;;;;;;;;;;;;;;;;;
2024/09/15;0300 UTC;;;;;;;;;;;;;;;;;;
2024/09/15;0400 UTC;;;;;;;;;;;;;;;;;;
2024/09/15;0500 UTC;;;;;;;;;;;;;;;;;;
2024/09/15;0600 UTC;;;;;;;;;;;;;;;;;;
2024/09/15;0700 UTC;;;;;;;;;;;;;;;;;;
2024/09/15;0800 UTC;;;;;;;;;;;;;;;;;;
2024/09/15;0900 UTC;;;;;;;;;;;;;;;;;;
2024/09/15;1000 UTC;;;;;;;;;;;;;;;;;;
2024/09/15;1100 UTC;;;;;;;;;;;;;;;;;;
2024/09/15;1200 UTC;;;;;;;;;;;;;;;;;;
2024/09/15;1300 UTC;;;;;;;;;;;;;;;;;;
2024/09/15;1400 UTC;;;;;;;;;;;;;;;;;;
2024/09/15;1500 UTC;;;;;;;;;;;;;;;;;;
2024/09/15;1600 UTC;;;;;;;;;;;;;;;;;;
2024/09/15;1700 UTC;;;;;;;;;;;;;;;;;;
2024/09/15;1800 UTC;;;;;;;;;;;;;;;;;;
2024/09/15;1900 UTC;;;;;;;;;;;;;;;;;;
2024/09/15;2000 UTC;;;;;;;;;;;;;;;;;;
2024/09/15;2100 UTC;;;;;;;;;;;;;;;;;;
2024/09/15;2200 UTC;;;;;;;;;;;;;;;;;;
2024/09/15;2300 UTC;;;;;;;;;;;;;;;;;;
2024/09/16;0000 UTC;;;;;;;;;;;;;;;;;;
2024/09/16;0100 UTC;;;;;;;;;;;;;;;;;;
2024/09/16;0200 UTC;;;;;;;;;;;;;;;;;;
2024/09/16;0300 UTC;;;;;;;;;;;;;;;;;;
2024/09/16;0400 UTC;;;;;;;;;;;;;;;;;;
2024/09/16;0500 UTC;;;;;;;;;;;;;;;;;;
2024/09/16;0600 UTC;;;;;;;;;;;;;;;;;;
2024/09/16;0700 UTC;;;;;;;;;;;;;;;;;;
2024/09/16;0800 UTC;;;;;;;;;;;;;;;;;;
2024/09/16;0900 UTC;;;;;;;;;;;;;;;;;;
2024/09/16;1000 UTC;;;;;;;;;;;;;;;;;;
2024/09/16;1100 UTC;;;;;;;;;;;;;;;;;;
2024/09/16;1200 UTC;;;;;;;;;;;;;;;;;;
2024/09/16;1300 UTC;;;;;;;;;;;;;;;;;;
2024/09/16;1400 UTC;;;;;;;;;;;;;;;;;;
2024/09/16;1500 UTC;;;;;;;;;;;;;;;;;;
2024/09/16;1600 UTC;;;;;;;;;;;;;;;;;;
2024/09/16;1700 UTC;;;;;;;;;;;;;;;;;;
2024/09/16;1800 UTC;;;;;;;;;;;;;;;;;;
2024/09/16;1900 UTC;;;;;;;;;;;;;;;;;;
2024/09/16;2000 UTC;;;;;;;;;;;;;;;;;;
2024/09/16;2100 UTC;;;;;;;;;;;;;;;;;;
2024/09/16;2200 UTC;;;;;;;;;;;;;;;;;;
2024/09/16;2300 UTC;;;;;;;;;;;;;;;;;;
2024/09/17;0000 UTC;;;;;;;;;;;;;;;;;;
2024/09/17;0100 UTC;;;;;;;;;;;;;;;;;;
2024/09/17;0200 UTC;;;;;;;;;;;;;;;;;;
2024/09/17;0300 UTC;;;;;;;;;;;;;;;;;;
2024/09/17;0400 UTC;;;;;;;;;;;;;;;;;;
2024/09/17;0500 UTC;;;;;;;;;;;;;;;;;;
2024/09/17;0600 UTC;;;;;;;;;;;;;;;;;;
2024/09/17;0700 UTC;;;;;;;;;;;;;;;;;;
2024/09/17;0800 UTC;;;;;;;;;;;;;;;;;;
2024/09/17;0900 UTC;;;;;;;;;;;;;;;;;;
2024/09/17;1000 UTC;;;;;;;;;;;;;;;;;;
2024/09/17;1100 UTC;;;;;;;;;;;;;;;;;;
2024/09/17;1200 UTC;;;;;;;;;;;;;;;;;;
2024/09/17;1300 UTC;;;;;;;;;;;;;;;;;;
2024/09/17;1400 UTC;;;;;;;;;;;;;;;;;;
2024/09/17;1500 UTC;;;;;;;;;;;;;;;;;;
2024/09/17;1600 UTC;;;;;;;;;;;;;;;;;;
2024/09/17;1700 UTC;;;;;;;;;;;;;;;;;;
2024/09/17;1800 UTC;;;;;;;;;;;;;;;;;;
2024/09/17;1900 UTC;;;;;;;;;;;;;;;;;;
2024/09/17;2000 UTC;;;;;;;;;;;;;;;;;;
2024/09/17;2100 UTC;;;;;;;;;;;;;;;;;;
2024/09/17;2200 UTC;;;;;;;;;;;;;;;;;;
2024/09/17;2300 UTC;;;;;;;;;;;;;;;;;;
2024/09/18;0000 UTC;;;;;;;;;;;;;;;;;;
2024/09/18;0100 UTC;;;;;;;;;;;;;;;;;;
2024/09/18;0200 UTC;;;;;;;;;;;;;;;;;;
2024/09/18;0300 UTC;;;;;;;;;;;;;;;;;;
2024/09/18;0400 UTC;;;;;;;;;;;;;;;;;;
2024/09/18;0500 UTC;;;;;;;;;;;;;;;;;;
2024/09/18;0600 UTC;;;;;;;;;;;;;;;;;;
2024/09/18;0700 UTC;;;;;;;;;;;;;;;;;;
2024/09/18;0800 UTC;;;;;;;;;;;;;;;;;;
2024/09/18;0900 UTC;;;;;;;;;;;;;;;;;;
2024/09/18;1000 UTC;;;;;;;;;;;;;;;;;;
2024/09/18;1100 UTC;;;;;;;;;;;;;;;;;;
2024/09/18;1200 UTC;;;;;;;;;;;;;;;;;;
2024/09/18;1300 UTC;;;;;;;;;;;;;;;;;;
2024/09/18;1400 UTC;;;;;;;;;;;;;;;;;;
2024/09/18;1500 UTC;;;;;;;;;;;;;;;;;;
2024/09/18;1600 UTC;;;;;;;;;;;;;;;;;;
2024/09/18;1700 UTC;;;;;;;;;;;;;;;;;;
2024/09/18;1800 UTC;;;;;;;;;;;;;;;;;;
2024/09/18;1900 UTC;;;;;;;;;;;;;;;;;;
2024/09/18;2000 UTC;;;;;;;;;;;;;;;;;;
2024/09/18;2100 UTC;;;;;;;;;;;;;;;;;;
2024/09/18;2200 UTC;;;;;;;;;;;;;;;;;;
2024/09/18;2300 UTC;;;;;;;;;;;;;;;;;;
2024/09/19;0000 UTC;;;;;;;;;;;;;;;;;;
2024/09/19;0100 UTC;;;;;;;;;;;;;;;;;;
2024/09/19;0200 UTC;;;;;;;;;;;;;;;;;;
2024/09/19;0300 UTC;;;;;;;;;;;;;;;;;;
2024/09/19;0400 UTC;;;;;;;;;;;;;;;;;;
2024/09/19;0500 UTC;;;;;;;;;;;;;;;;;;
2024/09/19;0600 UTC;;;;;;;;;;;;;;;;;;
2024/09/19;0700 UTC;;;;;;;;;;;;;;;;;;
2024/09/19;0800 UTC;;;;;;;;;;;;;;;;;;
2024/09/19;0900 UTC;;;;;;;;;;;;;;;;;;
2024/09/19;1000 UTC;;;;;;;;;;;;;;;;;;
2024/09/19;1100 UTC;;;;;;;;;;;;;;;;;;
2024/09/19;1200 UTC;;;;;;;;;;;;;;;;;;
2024/09/19;1300 UTC;;;;;;;;;;;;;;;;;;
2024/09/19;1400 UTC;;;;;;;;;;;;;;;;;;
2024/09/19;1500 UTC;;;;;;;;;;;;;;;;;;
2024/09/19;1600 UTC;;;;;;;;;;;;;;;;;;
2024/09/19;1700 UTC;;;;;;;;;;;;;;;;;;
2024/09/19;1800 UTC;;;;;;;;;;;;;;;;;;
2024/09/19;1900 UTC;;;;;;;;;;;;;;;;;;
2024/09/19;2000 UTC;;;;;;;;;;;;;;;;;;
2024/09/19;2100 UTC;;;;;;;;;;;;;;;;;;
2024/09/19;2200 UTC;;;;;;;;;;;;;;;;;;
2024/09/19;2300 UTC;;;;;;;;;;;;;;;;;;
2024/09/20;0000 UTC;;;;;;;;;;;;;;;;;;
2024/09/20;0100 UTC;;;;;;;;;;;;;;;;;;
2024/09/20;0200 UTC;;;;;;;;;;;;;;;;;;
2024/09/20;0300 UTC;;;;;;;;;;;;;;;;;;
2024/09/20;0400 UTC;;;;;;;;;;;;;;;;;;
2024/09/20;0500 UTC;;;;;;;;;;;;;;;;;;
2024/09/20;0600 UTC;;;;;;;;;;;;;;;;;;
2024/09/20;0700 UTC;;;;;;;;;;;;;;;;;;
2024/09/20;0800 UTC;;;;;;;;;;;;;;;;;;
2024/09/20;0900 UTC;;;;;;;;;;;;;;;;;;
2024/09/20;1000 UTC;;;;;;;;;;;;;;;;;;
2024/09/20;1100 UTC;;;;;;;;;;;;;;;;;;
2024/09/20;1200 UTC;;;;;;;;;;;;;;;;;;
2024/09/20;1300 UTC;;;;;;;;;;;;;;;;;;
2024/09/20;1400 UTC;;;;;;;;;;;;;;;;;;
2024/09/20;1500 UTC;;;;;;;;;;;;;;;;;;
2024/09/20;1600 UTC;;;;;;;;;;;;;;;;;;
2024/09/20;1700 UTC;;;;;;;;;;;;;;;;;;
2024/09/20;1800 UTC;;;;;;;;;;;;;;;;;;
2024/09/20;1900 UTC;;;;;;;;;;;;;;;;;;
2024/09/20;2000 UTC;;;;;;;;;;;;;;;;;;
2024/09/20;2100 UTC;;;;;;;;;;;;;;;;;;
2024/09/20;2200 UTC;;;;;;;;;;;;;;;;;;
2024/09/20;2300 UTC;;;;;;;;;;;;;;;;;;
2024/09/21;0000 UTC;;;;;;;;;;;;;;;;;;
2024/09/21;0100 UTC;;;;;;;;;;;;;;;;;;
2024/09/21;0200 UTC;;;;;;;;;;;;;;;;;;
2024/09/21;0300 UTC;;;;;;;;;;;;;;;;;;
2024/09/21;0400 UTC;;;;;;;;;;;;;;;;;;
2024/09/21;0500 UTC;;;;;;;;;;;;;;;;;;
2024/09/21;0600 UTC;;;;;;;;;;;;;;;;;;
2024/09/21;0700 UTC;;;;;;;;;;;;;;;;;;
2024/09/21;0800 UTC;;;;;;;;;;;;;;;;;;
2024/09/21;0900 UTC;;;;;;;;;;;;;;;;;;
2024/09/21;1000 UTC;;;;;;;;;;;;;;;;;;
2024/09/21;1100 UTC;;;;;;;;;;;;;;;;;;
2024/09/21;1200 UTC;;;;;;;;;;;;;;;;;;
2024/09/21;1300 UTC;;;;;;;;;;;;;;;;;;
2024/09/21;1400 UTC;;;;;;;;;;;;;;;;;;
2024/09/21;1500 UTC;;;;;;;;;;;;;;;;;;
2024/09/21;1600 UTC;;;;;;;;;;;;;;;;;;
2024/09/21;1700 UTC;;;;;;;;;;;;;;;;;;
2024/09/21;1800 UTC;;;;;;;;;;;;;;;;;;
2024/09/21;1900 UTC;;;;;;;;;;;;;;;;;;
2024/09/21;2000 UTC;;;;;;;;;;;;;;;;;;
2024/09/21;2100 UTC;;;;;;;;;;;;;;;;;;
2024/09/21;2200 UTC;;;;;;;;;;;;;;;;;;
2024/09/21;2300 UTC;;;;;;;;;;;;;;;;;;
2024/09/22;0000 UTC;;;;;;;;;;;;;;;;;;
2024/09/22;0100 UTC;;;;;;;;;;;;;;;;;;
2024/09/22;0200 UTC;;;;;;;;;;;;;;;;;;
2024/09/22;0300 UTC;;;;;;;;;;;;;;;;;;
2024/09/22;0400 UTC;;;;;;;;;;;;;;;;;;
2024/09/22;0500 UTC;;;;;;;;;;;;;;;;;;
2024/09/22;0600 UTC;;;;;;;;;;;;;;;;;;
2024/09/22;0700 UTC;;;;;;;;;;;;;;;;;;
2024/09/22;0800 UTC;;;;;;;;;;;;;;;;;;
2024/09/22;0900 UTC;;;;;;;;;;;;;;;;;;
2024/09/22;1000 UTC;;;;;;;;;;;;;;;;;;
2024/09/22;1100 UTC;;;;;;;;;;;;;;;;;;
2024/09/22;1200 UTC;;;;;;;;;;;;;;;;;;
2024/09/22;1300 UTC;;;;;;;;;;;;;;;;;;
2024/09/22;1400 UTC;;;;;;;;;;;;;;;;;;
2024/09/22;1500 UTC;;;;;;;;;;;;;;;;;;
2024/09/22;1600 UTC;;;;;;;;;;;;;;;;;;
2024/09/22;1700 UTC;;;;;;;;;;;;;;;;;;
2024/09/22;1800 UTC;;;;;;;;;;;;;;;;;;
2024/09/22;1900 UTC;;;;;;;;;;;;;;;;;;
2024/09/22;2000 UTC;;;;;;;;;;;;;;;;;;
2024/09/22;2100 UTC;;;;;;;;;;;;;;;;;;
2024/09/22;2200 UTC;;;;;;;;;;;;;;;;;;
2024/09/22;2300 UTC;;;;;;;;;;;;;;;;;;
2024/09/23;0000 UTC;;;;;;;;;;;;;;;;;;
2024/09/23;0100 UTC;;;;;;;;;;;;;;;;;;
2024/09/23;0200 UTC;;;;;;;;;;;;;;;;;;
2024/09/23;0300 UTC;;;;;;;;;;;;;;;;;;
2024/09/23;0400 UTC;;;;;;;;;;;;;;;;;;
2024/09/23;0500 UTC;;;;;;;;;;;;;;;;;;
2024/09/23;0600 UTC;;;;;;;;;;;;;;;;;;
2024/09/23;0700 UTC;;;;;;;;;;;;;;;;;;
2024/09/23;0800 UTC;;;;;;;;;;;;;;;;;;
2024/09/23;0900 UTC;;;;;;;;;;;;;;;;;;
2024/09/23;1000 UTC;;;;;;;;;;;;;;;;;;
2024/09/23;1100 UTC;;;;;;;;;;;;;;;;;;
2024/09/23;1200 UTC;;;;;;;;;;;;;;;;;;
2024/09/23;1300 UTC;;;;;;;;;;;;;;;;;;
2024/09/23;1400 UTC;;;;;;;;;;;;;;;;;;
2024/09/23;1500 UTC;;;;;;;;;;;;;;;;;;
2024/09/23;1600 UTC;;;;;;;;;;;;;;;;;;
2024/09/23;1700 UTC;;;;;;;;;;;;;;;;;;
2024/09/23;1800 UTC;;;;;;;;;;;;;;;;;;
2024/09/23;1900 UTC;;;;;;;;;;;;;;;;;;
2024/09/23;2000 UTC;;;;;;;;;;;;;;;;;;
2024/09/23;2100 UTC;;;;;;;;;;;;;;;;;;
2024/09/23;2200 UTC;;;;;;;;;;;;;;;;;;
2024/09/23;2300 UTC;;;;;;;;;;;;;;;;;;
2024/09/24;0000 UTC;;;;;;;;;;;;;;;;;;
2024/09/24;0100 UTC;;;;;;;;;;;;;;;;;;
2024/09/24;0200 UTC;;;;;;;;;;;;;;;;;;
2024/09/24;0300 UTC;;;;;;;;;;;;;;;;;;
2024/09/24;0400 UTC;;;;;;;;;;;;;;;;;;
2024/09/24;0500 UTC;;;;;;;;;;;;;;;;;;
2024/09/24;0600 UTC;;;;;;;;;;;;;;;;;;
2024/09/24;0700 UTC;;;;;;;;;;;;;;;;;;
2024/09/24;0800 UTC;;;;;;;;;;;;;;;;;;
2024/09/24;0900 UTC;;;;;;;;;;;;;;;;;;
2024/09/24;1000 UTC;;;;;;;;;;;;;;;;;;
2024/09/24;1100 UTC;;;;;;;;;;;;;;;;;;
2024/09/24;1200 UTC;;;;;;;;;;;;;;;;;;
2024/09/24;1300 UTC;;;;;;;;;;;;;;;;;;
2024/09/24;1400 UTC;;;;;;;;;;;;;;;;;;
2024/09/24;1500 UTC;;;;;;;;;;;;;;;;;;
2024/09/24;1600 UTC;;;;;;;;;;;;;;;;;;
2024/09/24;1700 UTC;;;;;;;;;;;;;;;;;;
2024/09/24;1800 UTC;;;;;;;;;;;;;;;;;;
2024/09/24;1900 UTC;;;;;;;;;;;;;;;;;;
2024/09/24;2000 UTC;;;;;;;;;;;;;;;;;;
2024/09/24;2100 UTC;;;;;;;;;;;;;;;;;;
2024/09/24;2200 UTC;;;;;;;;;;;;;;;;;;
2024/09/24;2300 UTC;;;;;;;;;;;;;;;;;;
2024/09/25;0000 UTC;;;;;;;;;;;;;;;;;;
2024/09/25;0100 UTC;;;;;;;;;;;;;;;;;;
2024/09/25;0200 UTC;;;;;;;;;;;;;;;;;;
2024/09/25;0300 UTC;;;;;;;;;;;;;;;;;;
2024/09/25;0400 UTC;;;;;;;;;;;;;;;;;;
2024/09/25;0500 UTC;;;;;;;;;;;;;;;;;;
2024/09/25;0600 UTC;;;;;;;;;;;;;;;;;;
2024/09/25;0700 UTC;;;;;;;;;;;;;;;;;;
2024/09/25;0800 UTC;;;;;;;;;;;;;;;;;;
2024/09/25;0900 UTC;;;;;;;;;;;;;;;;;;
2024/09/25;1000 UTC;;;;;;;;;;;;;;;;;;
2024/09/25;1100 UTC;;;;;;;;;;;;;;;;;;
2024/09/25;1200 UTC;;;;;;;;;;;;;;;;;;
2024/09/25;1300 UTC;;;;;;;;;;;;;;;;;;
2024/09/25;1400 UTC;;;;;;;;;;;;;;;;;;
2024/09/25;1500 UTC;;;;;;;;;;;;;;;;;;
2024/09/25;1600 UTC;;;;;;;;;;;;;;;;;;
2024/09/25;1700 UTC;;;;;;;;;;;;;;;;;;
2024/09/25;1800 UTC;;;;;;;;;;;;;;;;;;
2024/09/25;1900 UTC;;;;;;;;;;;;;;;;;;
2024/09/25;2000 UTC;;;;;;;;;;;;;;;;;;
2024/09/25;2100 UTC;;;;;;;;;;;;;;;;;;
2024/09/25;2200 UTC;;;;;;;;;;;;;;;;;;
2024/09/25;2300 UTC;;;;;;;;;;;;;;;;;;
2024/09/26;0000 UTC;;;;;;;;;;;;;;;;;;
2024/09/26;0100 UTC;;;;;;;;;;;;;;;;;;
2024/09/26;0200 UTC;;;;;;;;;;;;;;;;;;
2024/09/26;0300 UTC;;;;;;;;;;;;;;;;;;
2024/09/26;0400 UTC;;;;;;;;;;;;;;;;;;
2024/09/26;0500 UTC;;;;;;;;;;;;;;;;;;
2024/09/26;0600 UTC;;;;;;;;;;;;;;;;;;
2024/09/26;0700 UTC;;;;;;;;;;;;;;;;;;
2024/09/26;0800 UTC;;;;;;;;;;;;;;;;;;
2024/09/26;0900 UTC;;;;;;;;;;;;;;;;;;
2024/09/26;1000 UTC;;;;;;;;;;;;;;;;;;
2024/09/26;1100 UTC;;;;;;;;;;;;;;;;;;
2024/09/26;1200 UTC;;;;;;;;;;;;;;;;;;
2024/09/26;1300 UTC;;;;;;;;;;;;;;;;;;
2024/09/26;1400 UTC;;;;;;;;;;;;;;;;;;
2024/09/26;1500 UTC;;;;;;;;;;;;;;;;;;
2024/09/26;1600 UTC;;;;;;;;;;;;;;;;;;
2024/09/26;1700 UTC;;;;;;;;;;;;;;;;;;
2024/09/26;1800 UTC;;;;;;;;;;;;;;;;;;
2024/09/26;1900 UTC;;;;;;;;;;;;;;;;;;
2024/09/26;2000 UTC;;;;;;;;;;;;;;;;;;
2024/09/26;2100 UTC;;;;;;;;;;;;;;;;;;
2024/09/26;2200 UTC;;;;;;;;;;;;;;;;;;
2024/09/26;2300 UTC;;;;;;;;;;;;;;;;;;
2024/09/27;0000 UTC;;;;;;;;;;;;;;;;;;
2024/09/27;0100 UTC;;;;;;;;;;;;;;;;;;
2024/09/27;0200 UTC;;;;;;;;;;;;;;;;;;
2024/09/27;0300 UTC;;;;;;;;;;;;;;;;;;
2024/09/27;0400 UTC;;;;;;;;;;;;;;;;;;
2024/09/27;0500 UTC;;;;;;;;;;;;;;;;;;
2024/09/27;0600 UTC;;;;;;;;;;;;;;;;;;
2024/09/27;0700 UTC;;;;;;;;;;;;;;;;;;
2024/09/27;0800 UTC;;;;;;;;;;;;;;;;;;
2024/09/27;0900 UTC;;;;;;;;;;;;;;;;;;
2024/09/27;1000 UTC;;;;;;;;;;;;;;;;;;
2024/09/27;1100 UTC;;;;;;;;;;;;;;;;;;
2024/09/27;1200 UTC;;;;;;;;;;;;;;;;;;
2024/09/27;1300 UTC;;;;;;;;;;;;;;;;;;
2024/09/27;1400 UTC;;;;;;;;;;;;;;;;;;
2024/09/27;1500 UTC;;;;;;;;;;;;;;;;;;
2024/09/27;1600 UTC;;;;;;;;;;;;;;;;;;
2024/09/27;1700 UTC;;;;;;;;;;;;;;;;;;
2024/09/27;1800 UTC;;;;;;;;;;;;;;;;;;
2024/09/27;1900 UTC;;;;;;;;;;;;;;;;;;
2024/09/27;2000 UTC;;;;;;;;;;;;;;;;;;
2024/09/27;2100 UTC;;;;;;;;;;;;;;;;;;
2024/09/27;2200 UTC;;;;;;;;;;;;;;;;;;
2024/09/27;2300 UTC;;;;;;;;;;;;;;;;;;
2024/09/28;0000 UTC;;;;;;;;;;;;;;;;;;
2024/09/28;0100 UTC;;;;;;;;;;;;;;;;;;
2024/09/28;0200 UTC;;;;;;;;;;;;;;;;;;
2024/09/28;0300 UTC;;;;;;;;;;;;;;;;;;
2024/09/28;0400 UTC;;;;;;;;;;;;;;;;;;
2024/09/28;0500 UTC;;;;;;;;;;;;;;;;;;
2024/09/28;0600 UTC;;;;;;;;;;;;;;;;;;
2024/09/28;0700 UTC;;;;;;;;;;;;;;;;;;
2024/09/28;0800 UTC;;;;;;;;;;;;;;;;;;
2024/09/28;0900 UTC;;;;;;;;;;;;;;;;;;
2024/09/28;1000 UTC;;;;;;;;;;;;;;;;;;
2024/09/28;1100 UTC;;;;;;;;;;;;;;;;;;
2024/09/28;1200 UTC;;;;;;;;;;;;;;;;;;
2024/09/28;1300 UTC;;;;;;;;;;;;;;;;;;
2024/09/28;1400 UTC;;;;;;;;;;;;;;;;;;
2024/09/28;1500 UTC;;;;;;;;;;;;;;;;;;
2024/09/28;1600 UTC;;;;;;;;;;;;;;;;;;
2024/09/28;1700 UTC;;;;;;;;;;;;;;;;;;
2024/09/28;1800 UTC;;;;;;;;;;;;;;;;;;
2024/09/28;1900 UTC;;;;;;;;;;;;;;;;;;
2024/09/28;2000 UTC;;;;;;;;;;;;;;;;;;
2024/09/28;2100 UTC;;;;;;;;;;;;;;;;;;
2024/09/28;2200 UTC;;;;;;;;;;;;;;;;;;
2024/09/28;2300 UTC;;;;;;;;;;;;;;;;;;
2024/09/29;0000 UTC;;;;;;;;;;;;;;;;;;
2024/09/29;0100 UTC;;;;;;;;;;;;;;;;;;
2024/09/29;0200 UTC;;;;;;;;;;;;;;;;;;
2024/09/29;0300 UTC;;;;;;;;;;;;;;;;;;
2024/09/29;0400 UTC;;;;;;;;;;;;;;;;;;
2024/09/29;0500 UTC;;;;;;;;;;;;;;;;;;
2024/09/29;0600 UTC;;;;;;;;;;;;;;;;;;
2024/09/29;0700 UTC;;;;;;;;;;;;;;;;;;
2024/09/29;0800 UTC;;;;;;;;;;;;;;;;;;
2024/09/29;0900 UTC;;;;;;;;;;;;;;;;;;
2024/09/29;1000 UTC;;;;;;;;;;;;;;;;;;
2024/09/29;1100 UTC;;;;;;;;;;;;;;;;;;
2024/09/29;1200 UTC;;;;;;;;;;;;;;;;;;
2024/09/29;1300 UTC;;;;;;;;;;;;;;;;;;
2024/09/29;1400 UTC;;;;;;;;;;;;;;;;;;
2024/09/29;1500 UTC;;;;;;;;;;;;;;;;;;
2024/09/29;1600 UTC;;;;;;;;;;;;;;;;;;
2024/09/29;1700 UTC;;;;;;;;;;;;;;;;;;
2024/09/29;1800 UTC;;;;;;;;;;;;;;;;;;
2024/09/29;1900 UTC;;;;;;;;;;;;;;;;;;
2024/09/29;2000 UTC;;;;;;;;;;;;;;;;;;
2024/09/29;2100 UTC;;;;;;;;;;;;;;;;;;
2024/09/29;2200 UTC;;;;;;;;;;;;;;;;;;
2024/09/29;2300 UTC;;;;;;;;;;;;;;;;;;
2024/09/30;0000 UTC;;;;;;;;;;;;;;;;;;
2024/09/30;0100 UTC;;;;;;;;;;;;;;;;;;
2024/09/30;0200 UTC;;;;;;;;;;;;;;;;;;
2024/09/30;0300 UTC;;;;;;;;;;;;;;;;;;
2024/09/30;0400 UTC;;;;;;;;;;;;;;;;;;
2024/09/30;0500 UTC;;;;;;;;;;;;;;;;;;
2024/09/30;0600 UTC;;;;;;;;;;;;;;;;;;
2024/09/30;0700 UTC;;;;;;;;;;;;;;;;;;
2024/09/30;0800 UTC;;;;;;;;;;;;;;;;;;
2024/09/30;0900 UTC;;;;;;;;;;;;;;;;;;
2024/09/30;1000 UTC;;;;;;;;;;;;;;;;;;
2024/09/30;1100 UTC;;;;;;;;;;;;;;;;;;
2024/09/30;1200 UTC;;;;;;;;;;;;;;;;;;
2024/09/30;1300 UTC;;;;;;;;;;;;;;;;;;
2024/09/30;1400 UTC;;;;;;;;;;;;;;;;;;
2024/09/30;1500 UTC;;;;;;;;;;;;;;;;;;
2024/09/30;1600 UTC;;;;;;;;;;;;;;;;;;
2024/09/30;1700 UTC;;;;;;;;;;;;;;;;;;
2024/09/30;1800 UTC;;;;;;;;;;;;;;;;;;
2024/09/30;1900 UTC;;;;;;;;;;;;;;;;;;
2024/09/30;2000 UTC;;;;;;;;;;;;;;;;;;
2024/09/30;2100 UTC;;;;;;;;;;;;;;;;;;
2024/09/30;2200 UTC;;;;;;;;;;;;;;;;;;
2024/09/30;2300 UTC;;;;;;;;;;;;;;;;;;
2024/10/01;0000 UTC;;;;;;;;;;;;;;;;;;
2024/10/01;0100 UTC;;;;;;;;;;;;;;;;;;
2024/10/01;0200 UTC;;;;;;;;;;;;;;;;;;
2024/10/01;0300 UTC;;;;;;;;;;;;;;;;;;
2024/10/01;0400 UTC;;;;;;;;;;;;;;;;;;
2024/10/01;0500 UTC;;;;;;;;;;;;;;;;;;
2024/10/01;0600 UTC;;;;;;;;;;;;;;;;;;
2024/10/01;0700 UTC;;;;;;;;;;;;;;;;;;
2024/10/01;0800 UTC;;;;;;;;;;;;;;;;;;
2024/10/01;0900 UTC;;;;;;;;;;;;;;;;;;
2024/10/01;1000 UTC;;;;;;;;;;;;;;;;;;
2024/10/01;1100 UTC;;;;;;;;;;;;;;;;;;
2024/10/01;1200 UTC;;;;;;;;;;;;;;;;;;
2024/10/01;1300 UTC;;;;;;;;;;;;;;;;;;
2024/10/01;1400 UTC;;;;;;;;;;;;;;;;;;
2024/10/01;1500 UTC;;;;;;;;;;;;;;;;;;
2024/10/01;1600 UTC;;;;;;;;;;;;;;;;;;
2024/10/01;1700 UTC;;;;;;;;;;;;;;;;;;
2024/10/01;1800 UTC;;;;;;;;;;;;;;;;;;
2024/10/01;1900 UTC;;;;;;;;;;;;;;;;;;
2024/10/01;2000 UTC;;;;;;;;;;;;;;;;;;
2024/10/01;2100 UTC;;;;;;;;;;;;;;;;;;
2024/10/01;2200 UTC;;;;;;;;;;;;;;;;;;
2024/10/01;2300 UTC;;;;;;;;;;;;;;;;;;
2024/10/02;0000 UTC;;;;;;;;;;;;;;;;;;
2024/10/02;0100 UTC;;;;;;;;;;;;;;;;;;
2024/10/02;0200 UTC;;;;;;;;;;;;;;;;;;
2024/10/02;0300 UTC;;;;;;;;;;;;;;;;;;
2024/10/02;0400 UTC;;;;;;;;;;;;;;;;;;
2024/10/02;0500 UTC;;;;;;;;;;;;;;;;;;
2024/10/02;0600 UTC;;;;;;;;;;;;;;;;;;
2024/10/02;0700 UTC;;;;;;;;;;;;;;;;;;
2024/10/02;0800 UTC;;;;;;;;;;;;;;;;;;
2024/10/02;0900 UTC;;;;;;;;;;;;;;;;;;
2024/10/02;1000 UTC;;;;;;;;;;;;;;;;;;
2024/10/02;1100 UTC;;;;;;;;;;;;;;;;;;
2024/10/02;1200 UTC;;;;;;;;;;;;;;;;;;
2024/10/02;1300 UTC;;;;;;;;;;;;;;;;;;
2024/10/02;1400 UTC;;;;;;;;;;;;;;;;;;
2024/10/02;1500 UTC;;;;;;;;;;;;;;;;;;
2024/10/02;1600 UTC;;;;;;;;;;;;;;;;;;
2024/10/02;1700 UTC;;;;;;;;;;;;;;;;;;
2024/10/02;1800 UTC;;;;;;;;;;;;;;;;;;
2024/10/02;1900 UTC;;;;;;;;;;;;;;;;;;
2024/10/02;2000 UTC;;;;;;;;;;;;;;;;;;
2024/10/02;2100 UTC;;;;;;;;;;;;;;;;;;
2024/10/02;2200 UTC;;;;;;;;;;;;;;;;;;
2024/10/02;2300 UTC;;;;;;;;;;;;;;;;;;
2024/10/03;0000 UTC;;;;;;;;;;;;;;;;;;
2024/10/03;0100 UTC;;;;;;;;;;;;;;;;;;
2024/10/03;0200 UTC;;;;;;;;;;;;;;;;;;
2024/10/03;0300 UTC;;;;;;;;;;;;;;;;;;
2024/10/03;0400 UTC;;;;;;;;;;;;;;;;;;
2024/10/03;0500 UTC;;;;;;;;;;;;;;;;;;
2024/10/03;0600 UTC;;;;;;;;;;;;;;;;;;
2024/10/03;0700 UTC;;;;;;;;;;;;;;;;;;
2024/10/03;0800 UTC;;;;;;;;;;;;;;;;;;
2024/10/03;0900 UTC;;;;;;;;;;;;;;;;;;
2024/10/03;1000 UTC;;;;;;;;;;;;;;;;;;
2024/10/03;1100 UTC;;;;;;;;;;;;;;;;;;
2024/10/03;1200 UTC;;;;;;;;;;;;;;;;;;
2024/10/03;1300 UTC;;;;;;;;;;;;;;;;;;
2024/10/03;1400 UTC;;;;;;;;;;;;;;;;;;
2024/10/03;1500 UTC;;;;;;;;;;;;;;;;;;
2024/10/03;1600 UTC;;;;;;;;;;;;;;;;;;
2024/10/03;1700 UTC;;;;;;;;;;;;;;;;;;
2024/10/03;1800 UTC;;;;;;;;;;;;;;;;;;
2024/10/03;1900 UTC;;;;;;;;;;;;;;;;;;
2024/10/03;2000 UTC;;;;;;;;;;;;;;;;;;
2024/10/03;2100 UTC;;;;;;;;;;;;;;;;;;
2024/10/03;2200 UTC;;;;;;;;;;;;;;;;;;
2024/10/03;2300 UTC;;;;;;;;;;;;;;;;;;
2024/10/04;0000 UTC;;;;;;;;;;;;;;;;;;
2024/10/04;0100 UTC;;;;;;;;;;;;;;;;;;
2024/10/04;0200 UTC;;;;;;;;;;;;;;;;;;
2024/10/04;0300 UTC;;;;;;;;;;;;;;;;;;
2024/10/04;0400 UTC;;;;;;;;;;;;;;;;;;
2024/10/04;0500 UTC;;;;;;;;;;;;;;;;;;
2024/10/04;0600 UTC;;;;;;;;;;;;;;;;;;
2024/10/04;0700 UTC;;;;;;;;;;;;;;;;;;
2024/10/04;0800 UTC;;;;;;;;;;;;;;;;;;
2024/10/04;0900 UTC;;;;;;;;;;;;;;;;;;
2024/10/04;1000 UTC;;;;;;;;;;;;;;;;;;
2024/10/04;1100 UTC;;;;;;;;;;;;;;;;;;
2024/10/04;1200 UTC;;;;;;;;;;;;;;;;;;
2024/10/04;1300 UTC;;;;;;;;;;;;;;;;;;
2024/10/04;1400 UTC;;;;;;;;;;;;;;;;;;
2024/10/04;1500 UTC;;;;;;;;;;;;;;;;;;
2024/10/04;1600 UTC;;;;;;;;;;;;;;;;;;
2024/10/04;1700 UTC;;;;;;;;;;;;;;;;;;
2024/10/04;1800 UTC;;;;;;;;;;;;;;;;;;
2024/10/04;1900 UTC;;;;;;;;;;;;;;;;;;
2024/10/04;2000 UTC;;;;;;;;;;;;;;;;;;
2024/10/04;2100 UTC;;;;;;;;;;;;;;;;;;
2024/10/04;2200 UTC;;;;;;;;;;;;;;;;;;
2024/10/04;2300 UTC;;;;;;;;;;;;;;;;;;
2024/10/05;0000 UTC;;;;;;;;;;;;;;;;;;
2024/10/05;0100 UTC;;;;;;;;;;;;;;;;;;
2024/10/05;0200 UTC;;;;;;;;;;;;;;;;;;
2024/10/05;0300 UTC;;;;;;;;;;;;;;;;;;
2024/10/05;0400 UTC;;;;;;;;;;;;;;;;;;
2024/10/05;0500 UTC;;;;;;;;;;;;;;;;;;
2024/10/05;0600 UTC;;;;;;;;;;;;;;;;;;
2024/10/05;0700 UTC;;;;;;;;;;;;;;;;;;
2024/10/05;0800 UTC;;;;;;;;;;;;;;;;;;
2024/10/05;0900 UTC;;;;;;;;;;;;;;;;;;
2024/10/05;1000 UTC;;;;;;;;;;;;;;;;;;
2024/10/05;1100 UTC;;;;;;;;;;;;;;;;;;
2024/10/05;1200 UTC;;;;;;;;;;;;;;;;;;
2024/10/05;1300 UTC;;;;;;;;;;;;;;;;;;
2024/10/05;1400 UTC;;;;;;;;;;;;;;;;;;
2024/10/05;1500 UTC;;;;;;;;;;;;;;;;;;
2024/10/05;1600 UTC;;;;;;;;;;;;;;;;;;
2024/10/05;1700 UTC;;;;;;;;;;;;;;;;;;
2024/10/05;1800 UTC;;;;;;;;;;;;;;;;;;
2024/10/05;1900 UTC;;;;;;;;;;;;;;;;;;
2024/10/05;2000 UTC;;;;;;;;;;;;;;;;;;
2024/10/05;2100 UTC;;;;;;;;;;;;;;;;;;
2024/10/05;2200 UTC;;;;;;;;;;;;;;;;;;
2024/10/05;2300 UTC;;;;;;;;;;;;;;;;;;
2024/10/06;0000 UTC;;;;;;;;;;;;;;;;;;
2024/10/06;0100 UTC;;;;;;;;;;;;;;;;;;
2024/10/06;0200 UTC;;;;;;;;;;;;;;;;;;
2024/10/06;0300 UTC;;;;;;;;;;;;;;;;;;
2024/10/06;0400 UTC;;;;;;;;;;;;;;;;;;
2024/10/06;0500 UTC;;;;;;;;;;;;;;;;;;
2024/10/06;0600 UTC;;;;;;;;;;;;;;;;;;
2024/10/06;0700 UTC;;;;;;;;;;;;;;;;;;
2024/10/06;0800 UTC;;;;;;;;;;;;;;;;;;
2024/10/06;0900 UTC;;;;;;;;;;;;;;;;;;
2024/10/06;1000 UTC;;;;;;;;;;;;;;;;;;
2024/10/06;1100 UTC;;;;;;;;;;;;;;;;;;
2024/10/06;1200 UTC;;;;;;;;;;;;;;;;;;
2024/10/06;1300 UTC;;;;;;;;;;;;;;;;;;
2024/10/06;1400 UTC;;;;;;;;;;;;;;;;;;
2024/10/06;1500 UTC;;;;;;;;;;;;;;;;;;
2024/10/06;1600 UTC;;;;;;;;;;;;;;;;;;
2024/10/06;1700 UTC;;;;;;;;;;;;;;;;;;
2024/10/06;1800 UTC;;;;;;;;;;;;;;;;;;
2024/10/06;1900 UTC;;;;;;;;;;;;;;;;;;
2024/10/06;2000 UTC;;;;;;;;;;;;;;;;;;
2024/10/06;2100 UTC;;;;;;;;;;;;;;;;;;
2024/10/06;2200 UTC;;;;;;;;;;;;;;;;;;
2024/10/06;2300 UTC;;;;;;;;;;;;;;;;;;
2024/10/07;0000 UTC;;;;;;;;;;;;;;;;;;
2024/10/07;0100 UTC;;;;;;;;;;;;;;;;;;
2024/10/07;0200 UTC;;;;;;;;;;;;;;;;;;
2024/10/07;0300 UTC;;;;;;;;;;;;;;;;;;
2024/10/07;0400 UTC;;;;;;;;;;;;;;;;;;
2024/10/07;0500 UTC;;;;;;;;;;;;;;;;;;
2024/10/07;0600 UTC;;;;;;;;;;;;;;;;;;
2024/10/07;0700 UTC;;;;;;;;;;;;;;;;;;
2024/10/07;0800 UTC;;;;;;;;;;;;;;;;;;
2024/10/07;0900 UTC;;;;;;;;;;;;;;;;;;
2024/10/07;1000 UTC;;;;;;;;;;;;;;;;;;
2024/10/07;1100 UTC;;;;;;;;;;;;;;;;;;
2024/10/07;1200 UTC;;;;;;;;;;;;;;;;;;
2024/10/07;1300 UTC;;;;;;;;;;;;;;;;;;
2024/10/07;1400 UTC;;;;;;;;;;;;;;;;;;
2024/10/07;1500 UTC;;;;;;;;;;;;;;;;;;
2024/10/07;1600 UTC;;;;;;;;;;;;;;;;;;
2024/10/07;1700 UTC;;;;;;;;;;;;;;;;;;
2024/10/07;1800 UTC;;;;;;;;;;;;;;;;;;
2024/10/07;1900 UTC;;;;;;;;;;;;;;;;;;
2024/10/07;2000 UTC;;;;;;;;;;;;;;;;;;
2024/10/07;2100 UTC;;;;;;;;;;;;;;;;;;
2024/10/07;2200 UTC;;;;;;;;;;;;;;;;;;
2024/10/07;2300 UTC;;;;;;;;;;;;;;;;;;
2024/10/08;0000 UTC;;;;;;;;;;;;;;;;;;
2024/10/08;0100 UTC;;;;;;;;;;;;;;;;;;
2024/10/08;0200 UTC;;;;;;;;;;;;;;;;;;
2024/10/08;0300 UTC;;;;;;;;;;;;;;;;;;
2024/10/08;0400 UTC;;;;;;;;;;;;;;;;;;
2024/10/08;0500 UTC;;;;;;;;;;;;;;;;;;
2024/10/08;0600 UTC;;;;;;;;;;;;;;;;;;
2024/10/08;0700 UTC;;;;;;;;;;;;;;;;;;
2024/10/08;0800 UTC;;;;;;;;;;;;;;;;;;
2024/10/08;0900 UTC;;;;;;;;;;;;;;;;;;
2024/10/08;1000 UTC;;;;;;;;;;;;;;;;;;
2024/10/08;1100 UTC;;;;;;;;;;;;;;;;;;
2024/10/08;1200 UTC;;;;;;;;;;;;;;;;;;
2024/10/08;1300 UTC;;;;;;;;;;;;;;;;;;
2024/10/08;1400 UTC;;;;;;;;;;;;;;;;;;
2024/10/08;1500 UTC;;;;;;;;;;;;;;;;;;
2024/10/08;1600 UTC;;;;;;;;;;;;;;;;;;
2024/10/08;1700 UTC;;;;;;;;;;;;;;;;;;
2024/10/08;1800 UTC;;;;;;;;;;;;;;;;;;
2024/10/08;1900 UTC;;;;;;;;;;;;;;;;;;
2024/10/08;2000 UTC;;;;;;;;;;;;;;;;;;
2024/10/08;2100 UTC;;;;;;;;;;;;;;;;;;
2024/10/08;2200 UTC;;;;;;;;;;;;;;;;;;
2024/10/08;2300 UTC;;;;;;;;;;;;;;;;;;
2024/10/09;0000 UTC;;;;;;;;;;;;;;;;;;
2024/10/09;0100 UTC;;;;;;;;;;;;;;;;;;
2024/10/09;0200 UTC;;;;;;;;;;;;;;;;;;
2024/10/09;0300 UTC;;;;;;;;;;;;;;;;;;
2024/10/09;0400 UTC;;;;;;;;;;;;;;;;;;
2024/10/09;0500 UTC;;;;;;;;;;;;;;;;;;
2024/10/09;0600 UTC;;;;;;;;;;;;;;;;;;
2024/10/09;0700 UTC;;;;;;;;;;;;;;;;;;
2024/10/09;0800 UTC;;;;;;;;;;;;;;;;;;
2024/10/09;0900 UTC;;;;;;;;;;;;;;;;;;
2024/10/09;1000 UTC;;;;;;;;;;;;;;;;;;
2024/10/09;1100 UTC;;;;;;;;;;;;;;;;;;
2024/10/09;1200 UTC;;;;;;;;;;;;;;;;;;
2024/10/09;1300 UTC;;;;;;;;;;;;;;;;;;
2024/10/09;1400 UTC;;;;;;;;;;;;;;;;;;
2024/10/09;1500 UTC;;;;;;;;;;;;;;;;;;
2024/10/09;1600 UTC;;;;;;;;;;;;;;;;;;
2024/10/09;1700 UTC;;;;;;;;;;;;;;;;;;
2024/10/09;1800 UTC;;;;;;;;;;;;;;;;;;
2024/10/09;1900 UTC;;;;;;;;;;;;;;;;;;
2024/10/09;2000 UTC;;;;;;;;;;;;;;;;;;
2024/10/09;2100 UTC;;;;;;;;;;;;;;;;;;
2024/10/09;2200 UTC;;;;;;;;;;;;;;;;;;
2024/10/09;2300 UTC;;;;;;;;;;;;;;;;;;
2024/10/10;0000 UTC;;;;;;;;;;;;;;;;;;
2024/10/10;0100 UTC;;;;;;;;;;;;;;;;;;
2024/10/10;0200 UTC;;;;;;;;;;;;;;;;;;
2024/10/10;0300 UTC;;;;;;;;;;;;;;;;;;
2024/10/10;0400 UTC;;;;;;;;;;;;;;;;;;
2024/10/10;0500 UTC;;;;;;;;;;;;;;;;;;
2024/10/10;0600 UTC;;;;;;;;;;;;;;;;;;
2024/10/10;0700 UTC;;;;;;;;;;;;;;;;;;
2024/10/10;0800 UTC;;;;;;;;;;;;;;;;;;
2024/10/10;0900 UTC;;;;;;;;;;;;;;;;;;
2024/10/10;1000 UTC;;;;;;;;;;;;;;;;;;
2024/10/10;1100 UTC;;;;;;;;;;;;;;;;;;
2024/10/10;1200 UTC;;;;;;;;;;;;;;;;;;
2024/10/10;1300 UTC;;;;;;;;;;;;;;;;;;
2024/10/10;1400 UTC;;;;;;;;;;;;;;;;;;
2024/10/10;1500 UTC;;;;;;;;;;;;;;;;;;
2024/10/10;1600 UTC;;;;;;;;;;;;;;;;;;
2024/10/10;1700 UTC;;;;;;;;;;;;;;;;;;
2024/10/10;1800 UTC;;;;;;;;;;;;;;;;;;
2024/10/10;1900 UTC;;;;;;;;;;;;;;;;;;
2024/10/10;2000 UTC;0;967,4;968,7;967,4;354,3;22,4;22,4;22,5;22,3;22,5;22,3;100;100;100;81;3,8;2,2;
2024/10/10;2100 UTC;0;967,4;967,4;967,1;163,3;22,4;22,4;22,5;22,3;22,5;22,3;100;100;100;130;4;2,6;
2024/10/10;2200 UTC;0;968;968;967,4;8,5;21,8;21,8;22,4;21,8;22,4;21,8;100;100;100;138;5;2,4;
2024/10/10;2300 UTC;0;968,2;968,4;968;;21,5;21,5;21,8;21,4;21,8;21,5;100;100;100;126;5,1;3,1;
2024/10/11;0000 UTC;0;968,7;968,7;968,2;;21,5;21,5;21,5;21,5;21,5;21,5;100;100;100;99;5,1;2,2;
2024/10/11;0100 UTC;,2;969,4;969,4;968,7;;21,5;;21,6;21,5;21,6;,8;100;25;;65;3,4;1,6;
2024/10/11;0200 UTC;0;969,9;970;969,4;;21,4;;21,5;21,4;;;;;;158;3,1;,6;
2024/10/11;0300 UTC;0;969,9;970;969,7;;21,5;21,5;21,5;21,4;21,5;-,8;100;22;100;144;2,8;,9;
2024/10/11;0400 UTC;0;969,3;970;969,3;;21,3;21,3;21,5;21,3;;;;;100;130;2,9;1,8;
2024/10/11;0500 UTC;0;968;969,3;968;;21;;21,3;21;;;;;;88;4,4;2,7;
2024/10/11;0600 UTC;0;967,5;968;967,4;;21;13;21,1;21;21,1;-,6;100;23;60;70;5,7;3,6;
2024/10/11;0700 UTC;0;966,8;967,6;966,8;;21;;21,1;21;21,1;12,7;100;59;;63;8,5;4,8;
2024/10/11;0800 UTC;0;965,7;966,8;965,7;;20,9;3,1;21;20,9;;;;;31;78;9,4;5,1;
2024/10/11;0900 UTC;0;966;966,3;965,7;;21;21;21;20,9;21;,9;100;25;100;68;8,6;4,7;
2024/10/11;1000 UTC;0;966,9;966,9;965,9;107,3;21,3;21,3;21,3;20,9;21,3;19,9;100;92;100;58;8,6;4,6;
2024/10/11;1100 UTC;0;967,3;967,5;966,9;499,3;22,1;22,1;22,1;21,3;22,1;21,3;100;100;100;62;9,1;4,2;
2024/10/11;1200 UTC;0;967,3;967,6;967,2;410;22,8;22,8;22,8;22,1;22,8;22,1;100;100;100;58;8,1;4,5;
2024/10/11;1300 UTC;0;967,1;967,5;967,1;593,6;24,1;22,6;24,1;22,8;23,5;22,5;100;92;92;47;7,7;3,6;
2024/10/11;1400 UTC;0;966,7;967,2;966,7;1200,4;25,7;21,7;25,7;24,1;23,7;21,6;97;78;79;43;9,2;5,9;
2024/10/11;1500 UTC;0;966;966,7;965,9;2058,7;28;22,1;28;25,7;22,7;21,4;80;69;70;23;12;7,5;
2024/10/11;1600 UTC;0;964,9;966;964,9;2511,7;29,3;22,1;29,7;28;22,7;21,6;70;63;65;12;12;7,4;
2024/10/11;1700 UTC;0;964,6;965;964,4;1375,1;29,1;21,6;30,1;29;22,7;21,2;66;60;64;338;11,4;6,6;
2024/10/11;1800 UTC;0;964,6;964,7;964,1;969,2;28,2;21,3;29,6;28,2;22,3;20,9;67;62;66;290;13;6,6;
2024/10/11;1900 UTC;1,6;964,9;965,7;964,6;93,8;22,1;22,1;28,2;21,9;23,4;20,5;100;66;100;269;14,3;4;
2024/10/11;2000 UTC;,2;964,2;965;964,2;263,1;22,6;22,6;22,6;22;22,6;22;100;100;100;275;8,1;2,8;
2024/10/11;2100 UTC;0;964,8;964,8;964,2;265,8;23,3;23,3;23,3;22,6;23,3;22,6;100;100;100;259;7,4;4,4;
2024/10/11;2200 UTC;0;966;966;964,8;43,3;23,3;23,3;23,4;23,1;23,4;23,1;100;100;100;266;7,4;3,1;
2024/10/11;2300 UTC;0;967,1;967,1;966;;22,7;22,7;23,3;22,7;23,3;22,7;100;100;100;253;5,9;2,3;
2024/10/12;0000 UTC;0;968,6;968,6;967,1;;22,2;22,2;22,7;22,2;22,7;22,2;100;100;100;280;4,2;1,4;
2024/10/12;0100 UTC;0;968,9;969;968,6;;22;;22,5;21,8;22,5;21,8;100;75;;238;2,9;1,5;
2024/10/12;0200 UTC;0;969,3;969,3;968,8;;22,1;22,1;22,3;22;22,3;21;100;75;100;229;5,8;2,4;
2024/10/12;0300 UTC;0;969,3;969,5;969,2;;21,5;21,5;22,1;21,5;22,1;21,5;100;100;100;233;4,9;1,4;
2024/10/12;0400 UTC;0;968,8;969,3;968,8;;20,6;20,6;21,5;20,6;21,5;20,6;100;100;100;197;3,6;1;
2024/10/12;0500 UTC;0;968,9;968,9;968,7;;19,7;;20,6;19,7;20,6;18,9;100;64;;10;2;,6;
2024/10/12;0600 UTC;0;968,5;968,9;968,3;;18,7;;19,7;18,7;;;;;;27;1,1;,7;
2024/10/12;0700 UTC;0;968,6;968,6;968,3;;18,8;18,8;19,5;18,6;19,5;11,5;100;53;100;297;1,1;,5;
2024/10/12;0800 UTC;0;968,9;968,9;968,5;;18,4;18,4;19;18,4;19;18,4;100;100;100;180;1,6;,9;
2024/10/12;0900 UTC;,2;969,7;969,7;968,9;;18,7;18,7;18,8;17,7;18,8;17,7;100;100;100;211;2;1,3;
2024/10/12;1000 UTC;0;970,5;970,5;969,7;206,4;20,1;20,1;20,1;18,6;20,1;18,6;100;100;100;202;3,2;1,7;
2024/10/12;1100 UTC;0;971,6;971,7;970,5;897,5;22;20;22;20,1;21,5;20;100;88;88;174;4,3;2,2;
2024/10/12;1200 UTC;0;972,4;972,4;971,6;2042,4;23,8;17,7;24,2;22;19,9;17,4;88;68;69;144;4,2;2,1;
2024/10/12;1300 UTC;0;972,8;972,8;972,4;1931,7;25,1;18,6;25,4;23,8;18,6;17,2;72;62;67;243;3,6;1,5;
2024/10/12;1400 UTC;0;972,8;972,9;972,7;2725,7;25,8;17,8;26,4;25;19;17,3;67;60;61;235;4,4;1,6;
2024/10/12;1500 UTC;0;972,4;972,8;972,4;3726,3;27,4;18;27,6;25,8;19;16,2;63;52;57;83;4,9;1,2;
2024/10/12;1600 UTC;0;971,7;972,4;971,6;3613,9;28,6;16,2;28,8;27;18;16,1;56;47;47;263;5,6;2,6;
2024/10/12;1700 UTC;0;970,9;971,7;970,9;3519;29,6;17,1;30,1;28,1;17,8;16;51;45;47;227;5,2;2,5;
2024/10/12;1800 UTC;0;969,9;970,9;969,9;3038,6;30,3;16,9;31,1;29,1;18;15,9;48;43;45;242;6,3;2,5;
2024/10/12;1900 UTC;0;969,7;969,9;969,6;2334,6;30,2;17,1;30,8;29,6;17,1;15,3;46;41;46;232;6,7;3,3;
2024/10/12;2000 UTC;0;969,7;969,7;969,6;1468,7;29,6;14,8;30,4;29,4;16,6;14,6;46;40;41;250;6,3;2,6;
2024/10/12;2100 UTC;0;970;970;969,6;551,3;27,8;15,7;29,6;27,8;15,7;14,6;48;41;48;248;5,3;1,4;
2024/10/12;2200 UTC;0;970,4;970,4;970;37,1;25,6;16,4;27,8;25,6;16,7;15,4;58;47;57;236;2,7;,8;
2024/10/12;2300 UTC;0;971,2;971,2;970,4;;23,1;17,8;25,6;23,1;18,5;16,1;72;56;72;81;1,8;,6;
2024/10/13;0000 UTC;0;972,2;972,2;971,2;;22,2;17,8;24;22,2;18;16;76;61;76;129;1,3;,3;
2024/10/13;0100 UTC;0;972,7;972,7;972,2;;22,1;17,1;22,4;21,5;18,2;16,5;79;69;73;179;1,9;1,1;
2024/10/13;0200 UTC;0;972,5;972,8;972,5;;20,8;17,2;22,3;20,8;18,5;16,7;85;70;80;18;1,7;,3;
2024/10/13;0300 UTC;0;972,3;972,5;972,3;;20,5;17,1;21,3;20,5;17,5;16,4;82;74;81;165;2,2;1,2;
2024/10/13;0400 UTC;0;972;972,3;972;;22,1;16,3;22,9;19,1;19,6;16,3;100;67;70;131;3,1;2,2;
2024/10/13;0500 UTC;0;972;972,1;972;;22,2;16,7;23,1;22,1;16,7;16,1;71;65;71;129;3,5;1,8;
2024/10/13;0600 UTC;0;971,8;972;971,8;;21,9;16;22,2;21,6;16,7;16;73;69;69;128;3,6;2,6;
2024/10/13;0700 UTC;0;972,3;972,3;971,8;;22,4;15,9;22,7;21,9;16;15,9;69;66;67;131;4,4;3,1;
2024/10/13;0800 UTC;0;973,2;973,2;972,3;;20,9;16,6;22,8;20,9;16,6;15,9;77;65;77;134;8,8;4,7;
2024/10/13;0900 UTC;0;974,1;974,1;973,2;;19,6;17;20,9;19,5;17,1;16,6;86;77;85;113;7,4;3;
2024/10/13;1000 UTC;0;974,7;974,7;974,1;303,9;21,2;17,6;21,2;19,6;17,7;16,9;85;80;80;105;7,3;4,7;
2024/10/13;1100 UTC;0;975,2;975,2;974,6;1157,7;23;17,8;23,1;21,2;18,3;17,6;80;72;73;91;10,6;6,9;
2024/10/13;1200 UTC;0;975,8;975,8;975,2;2060,9;25,8;17,8;25,8;23;18,1;17,1;73;61;62;97;11,6;5,8;
2024/10/13;1300 UTC;0;975,8;975,9;975,8;2795,3;27,3;17,5;27,7;25,5;18,3;17,1;62;54;55;84;10,6;5,1;
2024/10/13;1400 UTC;0;975,5;975,8;975,4;3376,3;29,8;17,1;29,9;27,3;18,4;16,9;56;46;46;87;8,4;4,6;
2024/10/13;1500 UTC;0;974,6;975,5;974,6;3592,6;31,2;16,3;31,6;29,6;17,9;15,6;48;40;41;84;8,3;3;
2024/10/13;1600 UTC;0;973,7;974,6;973,7;3710,2;32,3;14,7;32,9;31;17;14,4;43;34;34;114;5,7;2,6;
2024/10/13;1700 UTC;0;972,7;973,8;972,7;3492,5;34,1;14,6;34,4;32,3;15,7;14,1;36;31;31;121;5,1;1,4;
2024/10/13;1800 UTC;0;972,1;972,7;972,1;3004,3;33,8;13,3;34,5;33,4;15,2;12,6;33;28;29;81;5,6;2;
2024/10/13;1900 UTC;0;971,7;972,2;971,7;2294,6;34,7;13,7;34,9;33,8;14;12;30;26;28;119;5,6;1,3;
2024/10/13;2000 UTC;0;971,8;971,8;971,6;1458,9;33,8;12,2;34,8;33,6;13,9;11,7;29;26;27;160;5,9;3,6;
2024/10/13;2100 UTC;0;971,9;971,9;971,8;509;32,1;13,2;33,9;32,1;13,3;11,7;32;26;32;174;5,7;3,2;
2024/10/13;2200 UTC;0;972,2;972,2;971,9;21,2;29,1;13,9;32,1;29;14;12,9;40;32;39;176;5,9;2,3;
2024/10/13;2300 UTC;0;972,8;972,8;972,2;;28,6;14,6;29,2;28,4;14,7;13,8;43;39;42;167;4;2,7;
2024/10/14;0000 UTC;0;973,6;973,6;972,8;;28,2;14,3;28,7;27,4;14,7;14,3;46;42;43;167;5,8;3,6;
2024/10/14;0100 UTC;0;974,2;974,2;973,6;;26,7;15,7;28,2;26,7;15,7;14,4;51;43;51;148;9,1;5,5;
2024/10/14;0200 UTC;0;974,6;974,6;974,1;;25,3;16,7;26,7;25,3;16,7;15,7;59;51;59;136;10;5,5;
2024/10/14;0300 UTC;0;974,5;974,7;974,4;;24;16,8;25,4;24;16,8;16,8;64;59;64;135;10,2;4,8;
2024/10/14;0400 UTC;0;974,5;974,6;974,4;;22,9;16,7;24,1;22,9;16,8;16,6;68;64;68;134;9,2;4,1;
2024/10/14;0500 UTC;0;974,3;974,6;974,3;;21,9;16,4;22,9;21,9;16,7;16,4;71;68;71;132;9,6;5,2;
2024/10/14;0600 UTC;0;974,1;974,3;974,1;;20,6;16,2;21,9;20,6;16,5;16,2;76;71;76;128;10,9;6,2;
2024/10/14;0700 UTC;0;974,3;974,3;974;;19,7;15,8;20,6;19,7;16,2;15,8;79;76;79;129;11,8;5;
2024/10/14;0800 UTC;0;974,6;974,6;974,3;;19,1;15,5;19,7;19,1;15,8;15,5;80;78;80;124;10,2;5,4;
2024/10/14;0900 UTC;0;975;975;974,6;;19;15,5;19,2;18,9;15,5;15,5;81;79;80;125;11;5,3;
2024/10/14;1000 UTC;0;975,7;975,7;975;298,9;19,9;15,6;20,1;19;15,9;15,5;81;76;76;132;9,9;5,4;
2024/10/14;1100 UTC;0;975,8;975,9;975,7;1219,7;22,3;16,5;22,3;19,9;16,5;15,7;76;69;69;126;10,8;6,6;
2024/10/14;1200 UTC;0;975,5;976;975,5;1663,3;24,5;16,6;24,5;22,1;17;15,9;69;61;62;110;12;6,9;
2024/10/14;1300 UTC;0;975,2;975,6;975,2;2712,1;27,4;17,3;27,4;24,5;17,4;16,7;62;54;54;103;11,8;6,1;
2024/10/14;1400 UTC;0;974,6;975,2;974,6;3288;29,9;17,7;30,2;27,4;18,3;17,2;54;48;48;88;9,8;5,4;
2024/10/14;1500 UTC;0;974,2;974,6;974,2;3593;31,5;17,9;31,9;29,5;18,7;17,5;49;44;44;75;9,4;4,3;
2024/10/14;1600 UTC;0;972,8;974,2;972,8;3645,4;33;18,3;33,1;31,3;18,8;18;45;42;42;74;9,1;4,1;
2024/10/14;1700 UTC;0;971,7;972,8;971,7;3391;33,8;18;34,3;32,7;19,1;17,8;43;38;39;16;7,9;2,8;
2024/10/14;1800 UTC;0;970,8;971,7;970,8;2846,2;35,4;18,3;35,7;33,6;18,6;17,3;40;35;36;297;5,7;1,4;
2024/10/14;1900 UTC;0;970,2;970,8;970,2;2058,1;34,6;17;35,5;34,5;18,5;16,9;37;34;35;224;5,4;2,7;
2024/10/14;2000 UTC;0;969,8;970,3;969,7;1136,5;34;17,2;35,4;34;17,9;16,9;38;34;37;201;7,1;3,5;
2024/10/14;2100 UTC;0;969,8;969,8;969,7;349,6;32,6;16,8;34,1;32,6;17,5;16,5;39;36;39;189;6;2,9;
2024/10/14;2200 UTC;0;970,2;970,2;969,8;29,8;31,1;16,5;32,6;31;17,3;16,5;43;39;41;171;5,4;3,4;
2024/10/14;2300 UTC;0;970,9;971;970,2;;29,6;18,3;31,4;29,6;18,3;16,5;51;41;51;159;10,9;6,3;
2024/10/15;0000 UTC;0;971,8;971,8;970,9;;28,1;18,3;29,5;28,1;18,5;18,2;55;51;55;144;11,6;5,7;
2024/10/15;0100 UTC;0;972,4;972,4;971,8;;27;18,2;28,1;27;18,3;18,2;59;55;59;141;12,5;5,3;
2024/10/15;0200 UTC;0;973,2;973,7;972,4;;26,4;18;27;26,4;18,3;18;60;59;60;100;9,8;4,1;
2024/10/15;0300 UTC;0;972,3;973,2;972,3;;25,8;17,8;26,4;25,8;18,1;17,8;61;60;61;103;8,9;4,4;
2024/10/15;0400 UTC;0;971,5;972,3;971,4;;25,1;18,2;25,8;25,1;18,2;17,8;65;61;65;81;7,6;3,9;
2024/10/15;0500 UTC;0;970,9;971,5;970,8;;24,4;18,6;25,2;24,4;18,6;18,2;70;65;70;85;6,3;2,2;
2024/10/15;0600 UTC;0;970,8;971;970,6;;23,9;18,5;24,4;23,8;18,8;18,5;73;70;72;88;4,3;1,9;
2024/10/15;0700 UTC;0;971,2;971,3;970,6;;23,2;17,9;23,9;23,2;18,5;17,9;73;71;72;82;4,6;2,3;
2024/10/15;0800 UTC;0;971,7;971,7;971,2;;22,3;17,5;23,2;22,3;17,9;17,5;75;71;74;79;5,2;1,5;
2024/10/15;0900 UTC;0;972,5;972,5;971,6;;21,6;17,2;22,4;21,6;17,6;17,1;76;74;76;94;6;2,6;
2024/10/15;1000 UTC;0;973;973;972,5;206,8;22;16,9;22;21,5;17,2;16,8;77;73;73;111;7,4;3,6;
2024/10/15;1100 UTC;0;973;973,2;972,9;950,2;23,3;16,5;23,7;22;17;16,5;73;65;66;112;7,7;4,4;
2024/10/15;1200 UTC;0;973,6;973,6;972,9;1839;25,9;17,4;25,9;23,2;17,4;16,6;67;58;60;128;7,2;3,1;
2024/10/15;1300 UTC;0;972,4;973,6;972,4;2608,1;27,5;17,6;27,9;25,5;18;16,8;60;54;55;78;6;3,2;
2024/10/15;1400 UTC;0;971,3;972,4;971,3;3232,8;29,7;18,5;29,8;27,3;18,7;17,6;56;50;51;65;6;2,3;
2024/10/15;1500 UTC;0;970,4;971,3;970,4;3519,9;31,7;18,2;31,7;29,4;19,2;17,8;51;45;45;52;8,9;4,3;
2024/10/15;1600 UTC;0;969,3;970,4;969,3;3568,6;32,6;18,2;33;31,1;19;17,8;46;42;42;47;8,9;2;
2024/10/15;1700 UTC;0;968,2;969,3;968,2;2904,4;33,8;16,5;34,6;32,4;19;16,5;44;35;36;48;9,2;4,7;
2024/10/15;1800 UTC;0;967,4;968,2;967,4;2839,9;34,2;15,9;35,4;33,7;17,8;15,5;37;33;34;356;9,2;2,8;
2024/10/15;1900 UTC;0;967,3;967,5;967,2;2355,6;34,6;17,5;35,4;34,2;17,5;15,8;36;33;36;358;7,3;3,7;
2024/10/15;2000 UTC;0;967,3;967,3;967,2;1440,1;34,1;16,4;35,3;33,9;17,5;16,2;36;33;35;68;7,3;1,9;
2024/10/15;2100 UTC;0;967,3;967,3;967,1;447,3;33;17,2;34,1;33;17,7;16,3;41;35;39;1;3,8;,3;
2024/10/15;2200 UTC;0;967,5;967,5;967,3;34,8;30,7;17,9;33;30,3;19,5;16,9;52;39;46;296;1,5;1;
2024/10/15;2300 UTC;0;968,2;968,3;967,5;;28,4;19,6;30,8;28,4;20,5;17,8;60;46;59;54;3;1,4;
2024/10/16;0000 UTC;0;968,8;968,8;968,2;;28;18,3;28,9;28;19,5;18,1;59;53;56;78;3,6;1,5;
2024/10/16;0100 UTC;0;969,9;969,9;968,8;;27,9;16,9;28,1;27,6;18,3;16,8;57;51;51;115;3,4;2,5;
2024/10/16;0200 UTC;0;970;970;969,9;;28,4;17,8;28,6;27,9;17,8;16,8;54;49;53;136;3,4;2,1;
2024/10/16;0300 UTC;0;969,3;970;969,3;;27,2;18;28,8;26,9;19;17,7;61;51;57;122;4,2;2,5;
2024/10/16;0400 UTC;0;968,5;969,3;968,5;;25,9;18,5;27,2;25,9;18,5;18;64;57;64;87;3,5;1,3;
2024/10/16;0500 UTC;0;967,3;968,5;967,2;;24,8;18,4;25,9;24,8;18,6;18,2;68;63;67;94;3,3;1,8;
2024/10/16;0600 UTC;0;967;967,3;966,9;;24,1;18,4;25;23,6;18,6;18,2;73;67;71;84;4;2,6;
2024/10/16;0700 UTC;0;967,1;967,3;966,9;;23,2;18,6;24,3;23,2;18,6;18,3;76;69;76;106;4,1;2,1;
2024/10/16;0800 UTC;0;967,9;967,9;967,1;;23,4;18,7;23,6;22,5;18,8;18,5;80;73;75;117;2,9;1,3;
2024/10/16;0900 UTC;0;968,6;968,6;967,9;,6;21,7;20,1;24,1;21,4;21;18,5;98;72;91;88;2;1,5;
2024/10/16;1000 UTC;0;969;969;968,6;281,8;24,5;19,4;24,5;21,7;20;19,1;91;73;73;68;3,1;1,8;
2024/10/16;1100 UTC;0;970;970;969;1041,3;27;20,4;27;24,5;20,6;19,2;73;67;67;5;5,8;3,3;
2024/10/16;1200 UTC;0;970;970,1;969,8;1895,9;28,5;20,6;28,7;26,9;21;20,2;67;62;62;353;6;3,8;
2024/10/16;1300 UTC;0;969,9;970;969,9;2641,6;30,7;19,9;31,2;28,4;21,2;19,8;63;52;53;345;5,9;3,5;
2024/10/16;1400 UTC;0;969,5;969,9;969,5;3195,8;32,8;19,8;33,2;30,6;20,7;19,3;54;46;46;317;7,3;2,6;
2024/10/16;1500 UTC;0;969;969,5;968,9;3196,5;34;18,6;34,8;32,5;19,9;18,4;46;39;40;336;5,4;3;
2024/10/16;1600 UTC;0;967,9;969;967,9;3794,9;35,2;18,1;35,9;33,5;18,8;17,7;41;35;36;348;7,2;2,5;
2024/10/16;1700 UTC;0;966,6;967,9;966,6;2735,6;35,4;17,8;36,1;34,4;18,9;17,1;38;35;35;30;5,3;2,3;
2024/10/16;1800 UTC;0;965,4;966,6;965,4;2045,5;34,5;17,7;36,8;34,4;18,7;17;37;33;37;269;6,3;3;
2024/10/16;1900 UTC;0;964,9;965,5;964,9;1817,4;33,8;17,6;36,1;32,6;18,5;15,8;41;32;38;236;8,9;3,2;
2024/10/16;2000 UTC;0;964,5;964,9;964,4;762,9;34,8;17,1;35,3;32,6;17,8;16;41;34;35;286;8,9;,8;
2024/10/16;2100 UTC;0;965;965;964,4;254,8;32,7;18,9;34,8;32,7;18,9;16,7;44;34;44;271;4,7;2,5;
2024/10/16;2200 UTC;0;966;966;965;30,6;30,2;18,9;32,7;30,2;19,2;18,8;51;44;51;223;4,6;1,3;
2024/10/16;2300 UTC;0;966,7;966,7;966;;29,1;19,4;30,2;29,1;19,4;18,9;56;51;56;167;3,2;1,5;
2024/10/17;0000 UTC;0;967,3;967,3;966,7;;27;19,6;29,2;27;19,9;19,2;64;56;64;121;2,2;1,2;
2024/10/17;0100 UTC;0;967,5;967,6;967,2;;28,2;18,8;28,2;26,3;20,1;18,8;68;57;57;134;2,5;1,9;
2024/10/17;0200 UTC;0;967,6;967,6;967,5;;25,6;19;29,1;25,5;20;18,5;72;53;67;60;3,2;1;
2024/10/17;0300 UTC;0;967,1;967,6;967,1;;26,4;18,4;27,1;25,5;19,3;18,3;69;59;62;103;3,9;2,3;
2024/10/17;0400 UTC;0;966,8;967,1;966,8;;25,6;18,4;26,4;25,6;18,6;18,2;65;62;65;105;3,1;1,9;
2024/10/17;0500 UTC;0;966,3;966,9;966,3;;25,4;17,9;25,6;24,8;18,7;17,9;69;63;63;100;3,4;1,9;
2024/10/17;0600 UTC;0;965,9;966,3;965,8;;25,3;17,7;25,6;24,9;18;17,6;66;62;63;122;3,4;1,4;
2024/10/17;0700 UTC;0;966;966;965,9;;23,8;18,2;25,3;23,7;18,4;17,6;72;63;71;110;2,2;1,8;
2024/10/17;0800 UTC;0;966,4;966,4;966;;24,9;17,7;25,1;23,8;17,9;17,6;71;64;64;117;3,2;1,9;
2024/10/17;0900 UTC;0;967,4;967,4;966,4;,4;23,1;18;24,9;22,6;18,5;17,6;78;64;73;255;2,6;,6;
2024/10/17;1000 UTC;0;968,5;968,5;967,4;252,7;23,9;18,7;23,9;22,1;19,4;18;84;73;73;93;1,9;,5;
2024/10/17;1100 UTC;0;969,3;969,3;968,5;970,2;27,1;18,9;27,2;23,9;19,4;18,7;74;61;61;69;4,2;2,8;
2024/10/17;1200 UTC;0;969,4;969,5;969,2;1853,3;29,4;18,9;29,5;27,1;19,6;18,6;61;52;53;61;6,3;3,2;
2024/10/17;1300 UTC;0;969,2;969,5;969,2;2640,4;32,1;18,6;32,6;29,4;19,6;18,3;53;45;45;50;6,3;2,8;
2024/10/17;1400 UTC;0;968,7;969,2;968,7;3216,4;34;18,2;34,5;32;19,2;17,8;46;39;39;50;6,2;3,2;
2024/10/17;1500 UTC;0;968,1;968,7;968,1;3550,5;34,9;17,3;35,4;33,9;18,5;17,3;40;35;35;71;6,6;2,6;
2024/10/17;1600 UTC;0;967,2;968,1;967,2;3593,2;36,4;17,6;36,7;34,7;18,3;16,9;37;33;33;88;6;1,9;
2024/10/17;1700 UTC;0;966;967,2;966;2960,9;36,9;17,2;37,9;35,7;17,8;16,5;34;30;31;113;6,2;1,2;
2024/10/17;1800 UTC;0;964,9;966;964,9;1811,3;36,7;16;37,4;36;17,6;15,2;33;28;29;109;3,8;1,4;
2024/10/17;1900 UTC;0;964,2;964,9;964,2;1784,6;36,8;15,5;38,2;36,6;16,3;13,4;30;23;28;162;6;2,5;
2024/10/17;2000 UTC;0;964,1;964,2;963,9;861,1;36,7;15,5;37,7;36,6;15,7;13,8;29;25;28;214;5,5;2,1;
2024/10/17;2100 UTC;0;964,1;964,1;963,8;536,5;35,4;16,3;36,9;35,4;16,3;15,2;32;28;32;184;5,8;3;
2024/10/17;2200 UTC;0;964,9;964,9;964,1;33;33,5;16,9;35,4;33,5;17;16,4;37;32;37;157;6,2;2,5;
2024/10/17;2300 UTC;0;965,8;965,8;964,9;;31,2;16,6;33,5;31,2;16,9;16,5;41;37;41;182;4;2;
2024/10/18;0000 UTC;0;966,4;966,4;965,8;;30,4;17;31,2;30;17,2;16,7;46;41;45;164;3,7;2,1;
2024/10/18;0100 UTC;0;966,7;966,7;966,4;;31;17,1;31,1;30,2;17,1;16,9;45;43;44;165;5,8;3,5;
2024/10/18;0200 UTC;0;966,8;966,9;966,7;;30,8;17,5;31,2;30,7;17,6;17,1;45;44;45;147;6,4;3,6;
2024/10/18;0300 UTC;0;966,4;966,8;966,4;;30,4;17,1;30,9;30,3;17,5;17,1;46;45;45;144;6;3,3;
2024/10/18;0400 UTC;0;966,7;966,7;966,2;;28,1;17,3;30,5;28,1;17,4;17;52;45;52;70;5,1;2,1;
2024/10/18;0500 UTC;0;967;967,2;966,7;;26,4;17,8;28,1;26,4;17,8;17,1;59;52;59;326;10,3;3,3;
2024/10/18;0600 UTC;0;967,5;967,6;967;;25,7;18;26,5;25,7;18;17,7;63;59;63;6;6,8;2,9;
2024/10/18;0700 UTC;0;967,6;967,7;967,4;;25,1;18,4;25,6;25,1;18,4;18;66;63;66;335;5,3;2,7;
2024/10/18;0800 UTC;,2;968,7;968,7;967,6;;22,2;22,1;25,1;22,2;22,1;18,3;99;66;99;296;9,2;5,3;
2024/10/18;0900 UTC;1;969,1;969,1;968,5;;21,6;21,6;22,2;21,6;22,2;21,6;100;100;100;281;9,1;3,5;
2024/10/18;1000 UTC;1;969,5;969,5;969,1;32,8;21,5;;21,6;21,4;;;;;;271;6,9;1,6;
2024/10/18;1100 UTC;,4;969,9;969,9;969,5;121,1;21,7;21,7;21,8;21,5;;;;;100;326;3,7;,3;
2024/10/18;1200 UTC;,4;969,6;970;969,6;185;22,5;22,5;22,5;21,7;;;;;100;146;2,4;1,4;
2024/10/18;1300 UTC;,4;969,6;969,6;969,3;393,3;23,4;23,4;23,4;22,5;23,4;22,5;100;89;100;72;3;1,3;
2024/10/18;1400 UTC;,4;969,5;969,7;969,4;733,4;24,4;20,7;24,5;23,4;23,6;20,2;100;77;80;37;2,5;1,6;
2024/10/18;1500 UTC;,4;969,2;969,5;969,2;856,7;24,5;20,4;24,6;24,3;23;19,7;93;75;78;66;3,6;2,2;
2024/10/18;1600 UTC;0;969,1;969,2;969;653,3;24,8;22,5;25,1;24,4;22,9;20,4;91;77;87;220;3,6;1,1;
2024/10/18;1700 UTC;,2;968,1;969,1;968,1;718,6;24,9;21,1;25,3;24,8;23,2;20,9;90;77;80;201;2,8;1,5;
2024/10/18;1800 UTC;,2;967,3;968,1;967,3;844;25,1;21,1;25,4;24,8;22,2;20,4;87;74;79;212;4,2;2,4;
2024/10/18;1900 UTC;0;965,9;967,3;965,9;452,8;24,9;21,6;25,2;24,9;22,7;20;88;74;82;163;4,2;2,3;
2024/10/18;2000 UTC;0;965,3;965,9;965,3;326,7;25,4;19,6;25,4;24,9;21,3;19,4;82;69;70;103;4,1;,7;
2024/10/18;2100 UTC;0;965,5;965,5;965,1;305;24,9;22;25,7;24,9;22;19,5;84;70;84;53;1,5;1,2;
2024/10/18;2200 UTC;0;966,6;966,6;965,5;25,4;24,2;22,4;24,9;24,2;22,8;21,5;91;82;90;314;1,5;,7;
2024/10/18;2300 UTC;0;967,2;967,2;966,6;;23,7;23,1;24,2;23,7;24;20,3;100;77;96;76;1,5;,9;
2024/10/19;0000 UTC;0;968,4;968,4;967,2;;23,6;23,6;23,7;23,5;;;;;100;42;2,5;1;
2024/10/19;0100 UTC;0;968,8;968,9;968,3;;23,3;19,3;23,6;23,3;23,6;19,3;100;78;78;37;1,6;1;
2024/10/19;0200 UTC;,2;968,5;968,8;968,5;;22,7;22,7;23,3;22,7;23,2;21,2;100;73;100;353;1,6;,8;
2024/10/19;0300 UTC;0;967,6;968,5;967,6;;22,3;;22,7;22,2;;;;;;233;1,1;,5;
2024/10/19;0400 UTC;0;966,8;967,6;966,8;;22,2;;22,5;22,1;;;;;;143;1;,7;
2024/10/19;0500 UTC;0;966,3;966,8;966,3;;22,2;;22,3;22;;;;;;174;1,6;,7;
2024/10/19;0600 UTC;0;965,5;966,3;965,5;;22,3;;22,7;22;;;;;;122;2,6;,5;
2024/10/19;0700 UTC;0;965,3;965,5;965,3;;22,3;22,3;22,4;22,1;;;;;100;212;2,4;1,2;
2024/10/19;0800 UTC;0;965,5;965,5;965,3;;22,5;16,4;22,5;22,3;;;;;69;183;3,1;,7;
2024/10/19;0900 UTC;,4;965,7;965,8;965,5;;22,7;22,7;22,7;22,3;;;;;100;170;3,2;1,4;
2024/10/19;1000 UTC;0;966,3;966,3;965,7;98,5;23;22,8;23;22,6;22,9;22,5;100;97;99;161;4;2;
2024/10/19;1100 UTC;0;966,9;967;966,3;569,2;24;21,7;24;23;22,4;20,7;98;83;87;134;8,3;3,6;
2024/10/19;1200 UTC;0;967,1;967,2;966,9;1135,3;25,3;20,3;25,4;23,9;21,3;20,2;87;73;74;111;6,8;3,8;
2024/10/19;1300 UTC;0;966,9;967,2;966,9;1416;26;20,3;26,1;25,1;20,8;19,8;75;71;71;113;7,3;3,3;
2024/10/19;1400 UTC;0;966,8;966,9;966,7;2099,7;26,8;20,5;27,6;25,9;21,5;20;72;67;69;125;6,5;2,7;
2024/10/19;1500 UTC;0;966,5;966,8;966,5;1857;28;20,5;28,2;26,6;21,3;20,2;70;63;64;84;5,5;2,2;
2024/10/19;1600 UTC;0;965,1;966,5;965,1;2463,7;29,1;20,3;29,8;28;21,2;19,5;64;57;59;129;5,5;3;
2024/10/19;1700 UTC;0;963,7;965,1;963,7;987;26,8;20;29,8;26,8;21;19,6;69;56;67;140;7,8;3,8;
2024/10/19;1800 UTC;20,4;963,8;963,9;963,5;144,8;22,4;22,4;26,8;21,9;;;;;100;169;10,3;5,4;
2024/10/19;1900 UTC;12,8;964,3;964,6;963,8;48,8;21,8;;22,4;21,8;;;;;;171;8,1;1,6;
2024/10/19;2000 UTC;4,8;964,4;964,6;964,3;59,6;21,3;;21,9;21,2;;;;;;206;5,4;1,6;
2024/10/19;2100 UTC;1,6;965,2;965,2;964,4;43;21,7;;21,7;21,2;;;;;;186;3,9;2;
2024/10/19;2200 UTC;,4;965,3;965,4;965,2;6,6;21,6;21,6;22,1;21,6;22,1;21,6;100;100;100;144;8,1;3,8;
2024/10/19;2300 UTC;,2;965,4;965,4;964,9;;21,1;21,1;21,6;21,1;21,6;21,1;100;100;100;142;8,1;4,8;
2024/10/20;0000 UTC;0;966,3;966,3;965,4;;20,5;20,5;21,1;20,5;21,1;20,5;100;100;100;139;10,5;5;
2024/10/20;0100 UTC;0;967,2;967,3;966,3;,2;20,2;20,2;20,5;20,2;20,5;20,2;100;100;100;129;8,7;3,7;
2024/10/20;0200 UTC;0;966,9;967,2;966,9;;20,2;20,2;20,2;20,1;20,2;20,1;100;100;100;96;7,9;4,8;
2024/10/20;0300 UTC;0;966,1;966,9;966,1;;20,1;20,1;20,2;20,1;20,2;20,1;100;100;100;87;8,7;5,3;
2024/10/20;0400 UTC;0;965,2;966,1;965,2;;19,9;19,9;20,1;19,9;20,1;19,9;100;100;100;81;8,7;4,9;
2024/10/20;0500 UTC;0;964,8;965,2;964,7;;20;20;20;19,9;20;19,9;100;100;100;98;8,7;3,4;
2024/10/20;0600 UTC;0;964,4;964,8;964,3;;19,8;19,8;20;19,8;20;19,8;100;100;100;117;6,4;2,7;
2024/10/20;0700 UTC;0;964,8;964,9;964,4;;19,6;19,6;19,9;19,6;19,9;19,6;100;100;100;151;5,1;2,5;
2024/10/20;0800 UTC;0;965,2;965,2;964,7;;19,4;19,4;19,6;19,4;19,6;19,4;100;100;100;139;5,5;2,3;
2024/10/20;0900 UTC;0;965,7;965,7;965,2;;19,4;19,4;19,4;19,3;19,4;19,3;100;100;100;140;6,1;3,8;
2024/10/20;1000 UTC;,2;966,6;966,6;965,7;42,9;19,2;19,2;19,4;19,1;19,4;19,1;100;100;100;136;7,2;3,6;
2024/10/20;1100 UTC;0;967,4;967,4;966,6;210,8;19,3;19,3;19,3;19,2;19,3;19,2;100;100;100;140;6,7;3,6;
2024/10/20;1200 UTC;0;967,9;968;967,4;515,4;19,3;18,3;19,5;19,2;19,5;18,2;100;94;94;140;9,1;5,5;
2024/10/20;1300 UTC;0;968,1;968,3;967,9;1048,9;20;18,8;20,1;19,2;18,8;17,9;96;87;92;134;9,3;4,7;
2024/10/20;1400 UTC;0;967,9;968,2;967,8;850,3;20,3;18,4;20,4;19,8;18,8;17,8;93;86;89;121;9,7;5,2;
2024/10/20;1500 UTC;0;967,4;968;967,4;877,6;21,1;18,7;21,1;20,2;18,8;18,1;91;85;86;118;8,7;4,5;
2024/10/20;1600 UTC;0;966,8;967,4;966,8;858,7;22,1;18,6;22,2;21,1;19,3;18,5;87;81;81;92;7,1;3,8;
2024/10/20;1700 UTC;0;965,8;966,8;965,8;1800,2;24,4;19,9;24,4;22;20;18,4;83;75;76;101;7,3;4,1;
2024/10/20;1800 UTC;0;965,1;965,8;965,1;1974;24,3;19,5;24,5;23,4;20;18,6;78;72;75;110;7;3,2;
2024/10/20;1900 UTC;,2;964,7;965,2;964,7;935,3;24,6;19,7;24,6;24;19,9;19;76;73;74;123;5,9;2,3;
2024/10/20;2000 UTC;0;965,1;965,1;964,6;271;24,4;19,6;24,6;24,4;19,8;19,3;75;73;75;103;4,6;1,8;
2024/10/20;2100 UTC;0;965,9;966;965,1;64,2;24,2;19,8;24,4;24,2;20;19,5;77;74;77;62;3,1;,5;
2024/10/20;2200 UTC;0;966,4;966,4;965,9;7,8;24;19,6;24,2;23,7;20,5;19,6;81;76;77;158;4,8;2,5;
2024/10/20;2300 UTC;0;966,9;966,9;966,4;;23,8;19,6;24;23,8;19,8;19,5;78;76;77;151;5,8;3;
2024/10/21;0000 UTC;0;967,2;967,2;966,9;;23,5;19,6;23,9;23,4;19,8;19,6;80;77;79;145;6;3,3;
2024/10/21;0100 UTC;0;967,9;967,9;967,3;;22,2;22,2;23,5;22,2;22,5;19,6;100;79;100;109;6,7;3,2;
2024/10/21;0200 UTC;0;968,3;968,3;967,9;;22,7;21,3;22,7;22,2;22,4;20,9;100;89;92;93;6,3;2,3;
2024/10/21;0300 UTC;0;968,2;968,4;968;;22,6;20,7;22,8;22,6;21,3;20,5;92;87;89;108;5,2;3;
2024/10/21;0400 UTC;0;967,9;968,3;967,9;;22,3;20,1;22,7;22,3;20,9;20,1;90;86;88;92;7,4;4,5;
2024/10/21;0500 UTC;0;967,7;967,9;967,7;;20,8;20,8;22,3;20,8;21,5;20;100;87;100;87;8,8;3,9;
2024/10/21;0600 UTC;1,2;967,2;967,7;967,2;;20,7;20,7;20,8;20,4;20,7;1,2;100;27;100;125;7,5;4,8;
2024/10/21;0700 UTC;,2;967;967,2;966,8;0;21,2;20,2;21,3;20,7;21;20,1;100;93;94;110;8,7;5,1;
2024/10/21;0800 UTC;0;967,3;967,3;966,9;;21,5;19,1;21,5;21,2;20,2;19,1;94;86;86;107;8,9;4,5;
2024/10/21;0900 UTC;0;968,5;968,5;967,3;2,9;21,6;19,2;21,7;21,5;19,3;18,9;87;84;87;87;8,5;4,2;
2024/10/21;1000 UTC;0;969,4;969,4;968,5;228,5;22;19,5;22;21,4;20;19,2;91;86;86;97;7,6;4,4;
2024/10/21;1100 UTC;0;969,8;969,8;969,4;625,3;23,2;20;23,2;22;20,1;19,6;88;81;82;91;9,7;5,9;
2024/10/21;1200 UTC;0;970,4;970,4;969,8;1541,4;24,3;20,2;24,8;23,2;20,8;19,9;83;76;78;87;9,7;5,4;
2024/10/21;1300 UTC;0;970,7;970,8;970,4;1768,2;25,3;20,3;25,5;24,3;20,9;19,9;80;72;74;97;8,3;3,8;
2024/10/21;1400 UTC;0;970,8;970,8;970,7;1134,9;26,3;21,1;26,3;25,3;21,2;20,3;76;72;73;63;6,8;3,1;
2024/10/21;1500 UTC;0;970,6;970,9;970,6;2016,7;27,5;21,6;27,9;26,2;21,8;20,8;74;67;70;70;5,8;3,5;
2024/10/21;1600 UTC;0;969,9;970,6;969,9;1623,7;27,7;21,2;28,1;27,2;22;20,6;71;65;68;50;6,3;2,5;
2024/10/21;1700 UTC;0;968,7;969,9;968,7;1903,8;28,3;21,2;28,9;27,7;22,1;21;69;64;65;69;4,8;2,4;
2024/10/21;1800 UTC;0;968,2;968,7;968,2;1390,2;29;21,4;29;28,3;22;21;67;62;64;73;4,8;1,9;
2024/10/21;1900 UTC;0;967,8;968,2;967,8;809,6;28,8;21;29,2;28,7;21,6;20,6;65;61;63;43;3,4;,7;
2024/10/21;2000 UTC;0;967,5;967,8;967,5;459,4;28,5;21,2;28,9;28,5;21,7;20,7;66;62;65;101;2,4;1,5;
2024/10/21;2100 UTC;0;967,8;967,8;967,5;213,4;27,8;22;28,5;27,8;22,2;21,2;71;65;71;128;2,5;1,2;
2024/10/21;2200 UTC;0;968,4;968,4;967,8;31;25,9;22,4;27,8;25,9;22,6;21,6;81;71;81;15;1,6;,6;
2024/10/21;2300 UTC;0;969,1;969,1;968,4;;25,8;22,5;25,9;24,8;25;22,2;100;81;82;101;1,5;,8;
2024/10/22;0000 UTC;0;969,7;969,7;969,1;;24,7;24,3;25,8;24,4;24,8;22,4;100;82;98;122;2;1,7;
2024/10/22;0100 UTC;0;970,2;970,2;969,7;;24;24;25,8;23,9;24,7;21,6;100;78;100;123;2,6;1,4;
2024/10/22;0200 UTC;0;970,1;970,3;970,1;;24,6;21,9;25;23,7;24,2;21,4;100;81;85;92;3,2;1,5;
2024/10/22;0300 UTC;0;970,2;970,2;970;;24,4;21,9;24,6;24,2;22,3;21,6;89;84;86;81;5;3,3;
2024/10/22;0400 UTC;0;970,4;970,4;970,2;;23,8;22,4;24,5;23,7;22,7;21,7;94;84;92;86;5,4;2,4;
2024/10/22;0500 UTC;0;969,7;970,4;969,7;;23,7;22,4;23,8;23,7;22,8;22,3;95;91;93;82;5;3,2;
2024/10/22;0600 UTC;0;969,7;969,7;969,6;;23,2;23,2;23,7;23,2;23,4;22,5;100;93;100;74;5;2,5;
2024/10/22;0700 UTC;0;969,9;970;969,7;;23,4;23,4;23,5;23,2;23,5;23,2;100;100;100;86;5,5;3,4;
2024/10/22;0800 UTC;0;970,4;970,4;969,9;;23,5;23,5;23,5;23,4;23,5;23,4;100;100;100;82;5,5;3,2;
2024/10/22;0900 UTC;0;970,8;970,8;970,4;;23,4;23,4;23,5;23,2;23,5;23,2;100;100;100;85;5,2;3,3;
2024/10/22;1000 UTC;0;971,3;971,3;970,8;42,4;23,5;23,5;23,5;23,3;23,5;23,3;100;100;100;86;5,9;3;
2024/10/22;1100 UTC;0;971,9;971,9;971,3;275,1;24,2;23,6;24,2;23,5;23,9;23,3;100;95;96;103;5,5;2,7;
2024/10/22;1200 UTC;0;972,8;972,8;971,9;856,3;25,7;22,8;25,7;24,2;23,9;22,4;97;84;84;83;5,5;3,3;
2024/10/22;1300 UTC;0;972,8;972,9;972,7;1110;26,5;21,8;26,5;25,6;23,3;21,4;87;74;75;42;5,5;2,4;
2024/10/22;1400 UTC;0;972,2;972,8;972,2;1514,3;27,3;21,5;27,6;26,4;22,3;21,1;76;70;71;47;5,3;2,6;
2024/10/22;1500 UTC;0;971,8;972,2;971,8;2041,5;28,5;21,5;28,6;27,3;22,3;21;73;64;66;29;6,9;3,8;
2024/10/22;1600 UTC;0;971;971,8;971;1670,9;28,8;21,7;29,2;28,3;22,3;21,1;69;63;66;42;5,8;1,6;
2024/10/22;1700 UTC;0;970;971;970;1855,3;29,7;20,8;30;28,7;22,2;20,8;67;59;59;49;5,3;2,7;
2024/10/22;1800 UTC;0;969;970;969;1693,6;30;21,2;30,4;29,6;21,6;20,6;62;58;59;33;5,8;2,2;
2024/10/22;1900 UTC;0;968,2;969;968,2;1163,4;30,1;21,6;30,3;29,8;21,9;21;62;58;60;84;4,8;2,8;
2024/10/22;2000 UTC;0;967,9;968,2;967,8;627,5;29,9;21,3;30,1;29,9;21,8;20,9;62;58;60;92;4,6;2;
2024/10/22;2100 UTC;0;968,1;968,1;967,7;260,1;29,2;22;29,9;29,2;22,3;21,2;66;59;65;95;3,3;1,3;
2024/10/22;2200 UTC;0;968,7;968,7;968,1;26,3;27,8;21,3;29,2;27,8;22,3;21,3;68;63;68;66;2,8;,8;
2024/10/22;2300 UTC;0;969,3;969,3;968,7;;26,2;22,5;27,8;26,2;22,7;21,3;81;68;80;96;1,4;,8;
2024/10/23;0000 UTC;0;970;970;969,3;;25,9;22,1;26,7;25,9;22,8;21;84;71;79;315;1,6;,3;
2024/10/23;0100 UTC;0;970;970,2;970;;26,2;21,3;26,3;25,2;25,3;20,7;100;71;74;129;,6;,4;
2024/10/23;0200 UTC;0;969,7;970;969,7;;26,2;20,9;26,2;24,9;25;20,9;100;73;73;119;2,1;1,7;
2024/10/23;0300 UTC;0;969,4;969,7;969,4;;25,1;21,2;26,3;25;23,5;20,7;92;71;79;91;2,1;1,1;
2024/10/23;0400 UTC;0;968,9;969,5;968,9;;24,7;21,8;25,4;24,5;23,8;21;96;77;84;87;2,9;1,3;
2024/10/23;0500 UTC;0;968,1;968,9;968,1;;24,7;21,5;25;24,3;22,9;21,3;92;80;82;91;2,7;1,5;
2024/10/23;0600 UTC;0;967,9;968,1;967,9;;24,5;21,9;24,8;24,5;22,8;21,5;91;82;85;67;2,6;1,7;
2024/10/23;0700 UTC;0;968,1;968,1;967,9;;24,7;21,1;24,8;24,5;21,9;21;85;80;80;135;2,7;,5;
2024/10/23;0800 UTC;0;968,3;968,3;968,1;;24,3;23;24,9;24,1;24,5;21;100;79;93;78;2,1;1,4;
2024/10/23;0900 UTC;0;968,4;968,4;968,3;1,4;24,5;21,5;24,8;24,3;22,7;20,8;93;79;83;80;2,2;1,5;
2024/10/23;1000 UTC;0;968,8;968,8;968,4;107;24,8;21,4;24,8;24,5;22;20,9;86;79;81;73;3,7;2,2;
2024/10/23;1100 UTC;0;969,5;969,5;968,8;425,7;25,8;21,7;25,8;24,7;22,7;21,2;86;78;78;73;3,8;2;
2024/10/23;1200 UTC;0;969,6;969,6;969,5;1185,2;28;21,9;28;25,8;22,3;21,3;81;69;69;36;5,5;2,9;
2024/10/23;1300 UTC;0;969,2;969,6;969,2;2933,7;30,4;21,4;30,8;27,9;22,6;20,7;71;58;59;14;6,8;4,1;
2024/10/23;1400 UTC;0;968,5;969,2;968,4;3541,8;31,7;22,1;32,1;30,2;22,9;21,1;62;56;57;29;6,8;3,9;
2024/10/23;1500 UTC;0;967,4;968,5;967,4;3167,9;32,2;21,6;32,9;31,1;23,2;21,3;59;52;54;357;7,4;3,2;
2024/10/23;1600 UTC;0;965,9;967,4;965,9;3129,8;32,8;20,4;34,1;32,2;22,6;20,1;55;46;48;355;8;3,2;
2024/10/23;1700 UTC;0;964,7;965,9;964,7;2547,4;32,9;20,6;34,5;32,8;22,1;20,3;51;45;48;322;6,7;2,4;
2024/10/23;1800 UTC;,4;964,1;964,9;963,8;645,9;28,5;24,6;32,9;26;25,1;20,6;90;49;80;50;10,5;1,4;
2024/10/23;1900 UTC;0;963,9;964,1;963,8;1113,6;27,2;21,9;31,1;27,2;24,9;21,3;79;62;73;325;8,7;3,2;
2024/10/23;2000 UTC;,4;963,1;963,9;963,1;100,3;26;25;27,2;25,9;26;21,8;100;73;94;59;5,3;,9;
2024/10/23;2100 UTC;0;963,7;963,8;963;136,9;26;23,9;26,2;25,9;25,6;23,7;98;87;88;88;3,5;1,6;
2024/10/23;2200 UTC;0;964,4;964,4;963,7;21,9;25,7;23,8;26;25,6;25,5;23,4;99;86;90;50;2,6;,7;
2024/10/23;2300 UTC;0;964,8;964,8;964,4;;25,2;25,2;25,7;25;25,3;23,4;100;87;100;177;2,9;,4;
2024/10/24;0000 UTC;0;964,7;964,9;964,7;;25;24,9;25,2;24,6;25,2;24,1;100;94;100;84;2,6;1,6;
2024/10/24;0100 UTC;0;964,8;964,8;964,4;;25,4;21,7;25,7;24,8;24,9;21,4;100;77;80;87;4;2,5;
2024/10/24;0200 UTC;0;965,7;965,7;964,8;;24,9;22,5;25,5;24,9;22,5;21,5;87;79;86;80;5;2,7;
2024/10/24;0300 UTC;0;965,9;966;965,7;;24,8;22,6;25;24,3;24,1;22,4;98;86;87;72;4,8;1,2;
2024/10/24;0400 UTC;0;965,8;966;965,7;;24,8;21,5;25,3;24,7;23;21,3;90;79;82;76;7,6;4,2;
2024/10/24;0500 UTC;0;965,2;965,9;965,2;;23,9;23,9;24,8;23,9;23,9;21,5;100;82;100;67;7,8;4,6;
2024/10/24;0600 UTC;0;964,8;965,2;964,7;;23,5;23,5;23,9;23,3;23,8;23,3;100;100;100;62;8,3;4,9;
2024/10/24;0700 UTC;,2;964,6;964,8;964,6;;23,1;23,1;23,5;23;23,5;23;100;100;100;68;8;3,7;
2024/10/24;0800 UTC;0;964,4;964,6;964,4;;22,7;22,7;23,1;22,7;23;22,7;100;100;100;74;7,2;3;
2024/10/24;0900 UTC;0;964,8;964,8;964,4;4,1;22,6;22,6;22,7;22,5;22,7;22,5;100;100;100;68;5,4;3,1;
2024/10/24;1000 UTC;0;965,9;965,9;964,8;356,9;24;24;24;22,6;24;22,6;100;97;100;51;5,4;2,3;
2024/10/24;1100 UTC;0;965,9;966;965,8;1199;26,1;22,9;26,1;24;24;22,1;100;80;83;26;6,7;4,2;
2024/10/24;1200 UTC;0;965,6;965,9;965,6;1922,8;28,2;22,4;28,2;26,1;22,9;21,8;82;69;71;348;8,3;4,9;
2024/10/24;1300 UTC;0;965;965,6;965;2810,2;30,8;22;31;28,2;22,8;21,5;71;59;59;333;8,1;4,9;
2024/10/24;1400 UTC;0;964,7;965;964,7;3341,2;32,9;22,8;32,9;30,7;23,6;21,8;61;54;55;322;9,8;4,5;
2024/10/24;1500 UTC;0;964,3;964,7;964,3;3474,5;33,5;21,7;34,3;32,5;22,6;21,1;55;49;50;333;11,2;5,3;
2024/10/24;1600 UTC;0;962,6;964,3;962,6;3577,6;34,5;21,3;34,8;33,3;23;21,3;53;46;47;301;9;5,5;
2024/10/24;1700 UTC;0;961,4;962,6;961,4;2462,2;31,2;20,6;35,7;31,1;23,4;20,4;57;45;53;36;11,7;7,2;
2024/10/24;1800 UTC;5,6;962;962,6;960,6;691,7;24,7;20,8;31,4;23,1;22,9;19,4;94;53;79;318;17,3;3,3;
2024/10/24;1900 UTC;0;961;962,2;961;263,7;25,4;22,3;25,6;24,7;22,3;20,8;86;78;83;296;6,5;1,4;
2024/10/24;2000 UTC;0;959,6;961;959,6;96,5;25,7;23,3;25,7;25,4;24,1;21,9;93;80;87;83;2,5;,6;
2024/10/24;2100 UTC;0;960,2;960,2;959,6;140,4;26,1;24,2;26,1;25,4;25,9;22;100;78;89;77;2,4;,4;
2024/10/24;2200 UTC;0;961,1;961,1;960,2;85,8;24,7;24,7;26,2;24,7;25,8;23,1;100;82;100;59;4,2;1,9;
2024/10/24;2300 UTC;,2;961,8;961,8;961,1;;25,1;22,4;25,3;24,5;24,8;21,9;100;82;85;94;4,1;1,7;
2024/10/25;0000 UTC;0;961,9;962;961,7;;25,5;22,1;25,8;24,9;23,1;21,5;90;78;81;54;4,8;1,4;
2024/10/25;0100 UTC;0;962,3;962,4;961,9;;25,5;22,5;25,7;25,3;22,5;21,9;85;80;83;33;7,1;3,4;
2024/10/25;0200 UTC;0;963;963;962,4;;24,8;22,9;25,5;24,6;24,1;22,5;97;83;89;32;8,8;2;
2024/10/25;0300 UTC;0;962,4;963;962,4;;25;21,5;25,5;24,7;22,8;21,3;89;78;81;30;7,9;4,7;
2024/10/25;0400 UTC;0;961,5;962,4;961,5;;24,9;21,5;25;24,8;21,5;21,3;82;80;81;27;8,4;5,1;
2024/10/25;0500 UTC;0;961,4;961,7;961,3;;25;21,8;25,1;24,9;21,9;21,5;83;80;82;27;8,8;4,4;
2024/10/25;0600 UTC;0;962,4;963,2;961,3;;24,7;23,2;25,7;24,7;23,2;21,7;92;79;91;316;12,7;1,1;
2024/10/25;0700 UTC;,2;962,8;963,4;962,4;;23,9;23,9;24,7;23,8;24,5;23,2;100;91;100;310;8,4;3,7;
2024/10/25;0800 UTC;,4;963,6;963,6;962,7;;23,2;23,2;23,9;23,2;23,8;17,9;100;68;100;237;6,2;1,5;
2024/10/25;0900 UTC;,4;964,1;964,2;963,6;;23,1;;23,2;23;;;;;;32;2,5;1,2;
2024/10/25;1000 UTC;,2;964,8;964,8;964;80,4;23,5;23,5;23,5;23,1;;;;;100;42;4,5;1,2;
2024/10/25;1100 UTC;0;965,4;965,4;964,8;626;24,8;24,8;24,8;23,5;24,8;23,5;100;89;100;66;3,4;1,9;
2024/10/25;1200 UTC;0;965,8;965,8;965,4;1490;26,8;23,9;26,8;24,8;25,1;22,7;100;81;84;29;7,1;4,9;
2024/10/25;1300 UTC;0;965,8;966,1;965,8;1933,6;28,4;24,6;28,4;26,7;24,6;22,8;85;76;80;12;7,1;3,9;
2024/10/25;1400 UTC;0;965,6;965,9;965,6;2233;28,7;22,7;29,3;28,3;24,3;22,5;80;69;70;313;7,2;3,2;
2024/10/25;1500 UTC;0;965,4;965,6;965,3;1606,1;29,2;22,6;29,8;28,7;23,7;22,3;71;66;68;297;6,9;3,7;
2024/10/25;1600 UTC;0;964,7;965,4;964,7;2638,8;30,7;22,5;31;29,2;24,3;22,5;69;62;62;313;6,8;4,2;
2024/10/25;1700 UTC;0;964,1;964,7;964,1;3092,6;31,3;22,6;32,2;30,7;24,2;22,5;65;58;60;304;7,1;3,7;
2024/10/25;1800 UTC;0;963;964,1;963;2281,1;32,6;23,4;32,8;31,2;24,1;22,6;63;56;59;264;6,6;1,8;
2024/10/25;1900 UTC;0;962,5;963;962,5;1881,9;32,7;23,5;33,3;31,9;24,4;22,5;62;55;59;299;5;2,7;
2024/10/25;2000 UTC;0;962,2;962,6;962,2;1346,5;32,7;22,8;33,3;32,5;24,2;22,5;60;54;56;278;4,4;2,2;
2024/10/25;2100 UTC;0;962,9;962,9;962,1;266,5;30,9;23,2;32,7;30,9;23,6;22,5;65;55;63;318;4,4;,6;
2024/10/25;2200 UTC;0;963,7;963,7;962,9;30;29,7;23,4;31;29,7;24,8;23;72;63;69;14;1,2;,1;
2024/10/25;2300 UTC;0;964,4;964,4;963,7;;28,9;24,2;29,7;28,5;24,9;23,4;79;69;76;192;2,6;1,9;
2024/10/26;0000 UTC;0;965,5;965,5;964,4;;27,9;24,3;29;27,8;24,5;23,8;82;74;81;86;3,1;1,1;
2024/10/26;0100 UTC;0;966;966;965,5;;28,7;23,7;28,8;27,7;24,2;23,7;81;74;74;158;3,3;2,2;
2024/10/26;0200 UTC;0;967,1;967,1;966;;27,1;23,1;28,8;27,1;25,7;23,1;92;74;79;40;11;3,3;
2024/10/26;0300 UTC;0;967,7;967,9;967,1;;25;21,2;27;25;22,6;21;79;76;79;14;11;4,2;
2024/10/26;0400 UTC;0;967,4;967,7;967,3;;24,3;21,4;25,1;24,3;21,6;21;84;79;84;58;8,5;2;
2024/10/26;0500 UTC;0;966,8;967,4;966,7;;23,5;22,8;24,3;23,5;22,8;20,6;96;80;96;335;4,7;2,2;
2024/10/26;0600 UTC;0;966,3;966,9;966,3;;23,3;22,2;23,5;23,2;23,1;21,6;99;89;93;70;4,1;1,4;
2024/10/26;0700 UTC;0;965,6;966,3;965,6;;23,1;23,1;23,4;22,8;23,1;21,7;100;91;100;75;4;2,4;
2024/10/26;0800 UTC;0;967,2;967,2;965,6;;23,3;23,3;23,3;22,9;23,3;22,9;100;100;100;136;8,9;3;
2024/10/26;0900 UTC;2,2;967,2;968,2;967,2;;21,8;;24,6;21,7;23,1;20,1;100;76;;46;9,2;4,6;
2024/10/26;1000 UTC;0;967,9;967,9;966,9;91,7;22,8;22,8;22,8;21,8;22,8;22,1;100;100;100;244;7,8;1,8;
2024/10/26;1100 UTC;0;970,7;970,7;967,9;101,7;23,3;23,3;23,4;22,8;23,4;22,9;100;100;100;284;5;2,2;
2024/10/26;1200 UTC;0;971,3;971,5;970,7;114,7;23,4;23,4;23,5;23,3;23,5;23,3;100;100;100;273;5,7;1,2;
2024/10/26;1300 UTC;,8;970,1;971,3;970,1;323,5;23;23;23,4;23;23,3;21,1;100;83;100;301;6,5;4,2;
2024/10/26;1400 UTC;0;970,9;971,5;970,1;429,5;23,1;23,1;23,1;22,8;23,1;22,3;100;95;100;238;7,2;2,9;
2024/10/26;1500 UTC;0;970,6;970,9;970,2;765,9;23,6;23,4;23,6;23,1;23,6;21,9;100;91;99;258;10;3,5;
2024/10/26;1600 UTC;0;969,9;970,6;969,8;970,9;24,4;21,3;24,4;23,6;23,8;20,4;100;79;83;260;8,7;2,7;
2024/10/26;1700 UTC;0;969;970,1;969;1058,3;25,4;20,3;25,5;24,4;21,5;19,9;84;72;73;229;5,5;2,3;
2024/10/26;1800 UTC;0;967,9;969;967,9;1186,5;26,8;21;26,8;25,4;21,2;19,8;75;67;71;232;6;3,2;
2024/10/26;1900 UTC;0;966,7;967,9;966,7;1429,6;29;20,6;29;26,8;21,9;20,5;72;60;61;241;6;2,8;
2024/10/26;2000 UTC;0;966,4;966,7;966,1;535,4;27;20,9;29;27;21;19,7;70;59;69;238;8,5;4,1;
2024/10/26;2100 UTC;0;967;967;966,4;167,9;26,6;21,1;27;26,6;21,3;20,9;72;69;72;234;7,5;2,4;
2024/10/26;2200 UTC;0;968,2;968,2;967;12,6;25,5;21,5;26,8;25,5;21,5;21;79;71;79;229;4,5;,2;
2024/10/26;2300 UTC;0;969,1;969,1;968,3;;25,2;21,2;25,7;25,1;21,5;21,1;79;76;78;210;3,2;1,6;
2024/10/27;0000 UTC;0;969,9;969,9;969,1;;25,2;21,5;25,6;25,2;21,5;21,3;80;77;80;176;4,5;1,8;
2024/10/27;0100 UTC;0;970,6;970,6;969,9;;25,1;21,3;25,4;24,9;21,5;21,3;81;78;80;158;3,1;1,2;
2024/10/27;0200 UTC;0;970,6;970,7;970,6;;23,7;23,7;25,1;23,6;24;21,2;100;80;100;199;2,2;,5;
2024/10/27;0300 UTC;0;970,1;970,6;970,1;;22,9;22,9;23,7;22,8;;;;;100;90;2;,9;
2024/10/27;0400 UTC;0;969,5;970,1;969,5;;22,4;;23;22,4;;;;;;99;1,5;,3;
2024/10/27;0500 UTC;0;969;969,5;969;;22;;22,4;21,9;;;;;;274;1,1;,5;
2024/10/27;0600 UTC;0;968,4;969;968,3;;21,9;;22,1;21,5;;;;;;200;2,1;1,5;
2024/10/27;0700 UTC;0;968,4;968,5;968,3;;21,6;;22,1;21,3;;;;;;208;2,5;,6;
2024/10/27;0800 UTC;0;969,5;969,5;968,4;;21,8;21,8;21,8;21,2;;;;;100;204;2,1;1,2;
2024/10/27;0900 UTC;0;970,3;970,3;969,5;4,5;21,4;;21,9;21,1;;;;;;204;2,1;1,1;
2024/10/27;1000 UTC;0;971,2;971,2;970,3;426,5;24,6;24;24,6;21,4;;;;;97;130;3,1;1,7;
2024/10/27;1100 UTC;0;972;972;971,2;802,1;25,1;19,9;25,1;24,4;24,3;19,9;99;73;73;139;6;3,4;
2024/10/27;1200 UTC;0;972,7;972,7;972;892;25,8;19,3;25,9;25,1;19,9;18,9;73;67;67;113;7,7;3,2;
2024/10/27;1300 UTC;0;972,6;972,9;972,6;1371,1;25,8;19,9;26,2;25,5;20,3;19,1;71;67;70;103;6,9;3,9;
2024/10/27;1400 UTC;0;972,4;972,6;972,3;2365,7;27,8;20,4;27,8;25,8;20,8;19,7;71;64;64;92;9;5;
2024/10/27;1500 UTC;0;972,2;972,4;972,2;2362,9;27,9;20,2;28,6;27,7;21,3;20;66;63;63;107;8,5;4,3;
2024/10/27;1600 UTC;0;971,3;972,2;971,3;2006,1;29;20,4;29,2;27,9;21,2;20,1;64;60;60;99;7,1;3,8;
2024/10/27;1700 UTC;0;970,8;971,3;970,8;2212,9;29,4;21;29,6;28,9;21,3;20,4;62;59;61;104;6,9;2,5;
2024/10/27;1800 UTC;0;970;970,8;970;2019,3;29,8;21;30,4;29,2;21,6;20,4;63;57;59;95;5,9;2,7;
2024/10/27;1900 UTC;0;969,1;970;969,1;2022,6;30,5;20,5;31,4;29,6;22,4;20,2;61;53;55;121;4,5;1,4;
2024/10/27;2000 UTC;0;968,9;969,1;968,8;1355,5;30,2;19,5;31,1;30;21,5;19,5;59;53;53;160;4,1;1,1;
2024/10/27;2100 UTC;0;969,2;969,2;968,8;580,3;29,9;20,6;30,9;29,9;20,9;19,5;58;51;58;126;3,2;1,6;
2024/10/27;2200 UTC;0;969,6;969,6;969,2;44,2;27,7;21;29,9;27,7;21,1;20,5;67;58;67;116;2,9;1,5;
2024/10/27;2300 UTC;0;970,3;970,3;969,6;;27,1;21,3;27,7;27;21,3;21;71;67;71;121;2,6;2;
2024/10/28;0000 UTC;0;971,2;971,3;970,3;;27,2;19,9;28;26,9;21,3;19,9;71;63;65;145;8,7;3,7;
2024/10/28;0100 UTC;0;971,9;971,9;971,2;;26,2;19;27,2;26,2;20;19;67;64;65;137;8,7;4,5;
2024/10/28;0200 UTC;0;971,9;972,1;971,9;;25,3;18,8;26,2;25,3;19;18,7;67;64;67;128;7,8;3,9;
2024/10/28;0300 UTC;0;971,5;971,9;971,5;;24,2;18,9;25,3;24,2;18,9;18,7;72;67;72;116;7,2;3,3;
2024/10/28;0400 UTC;0;970,9;971,5;970,8;;24,2;18,8;24,4;24,1;18,9;18,7;72;71;72;105;7,8;4,1;
2024/10/28;0500 UTC;0;970,5;970,9;970,5;;23,6;19;24,2;23,6;19;18,8;75;72;75;106;7,9;4,1;
2024/10/28;0600 UTC;0;970,2;970,5;970,2;;22,9;18,7;23,6;22,9;19;18,4;77;74;77;123;8;4,3;
2024/10/28;0700 UTC;0;970,5;970,6;970,1;;21,3;18,2;22,9;21,3;18,7;18,1;83;77;83;126;6,9;3,1;
2024/10/28;0800 UTC;0;971;971;970,5;;20,5;17,8;21,3;20,4;19,4;17,8;94;82;85;133;7;3,4;
2024/10/28;0900 UTC;0;971,8;971,8;970,9;,1;20,2;16,9;20,5;20,2;17,8;16,8;85;81;81;114;6,6;3,3;
2024/10/28;1000 UTC;0;972,7;972,7;971,8;68,4;20,1;17,2;20,2;20,1;17,5;16,8;85;81;83;121;6,4;3,6;
2024/10/28;1100 UTC;0;973,1;973,1;972,5;380,7;20,2;17,9;20,3;19,7;19,7;17,2;100;83;86;122;7,7;3,9;
2024/10/28;1200 UTC;0;973,3;973,4;973;811,2;20,5;17,5;21;20,2;18,4;17,1;88;80;83;129;7,7;4,8;
2024/10/28;1300 UTC;0;973,5;973,6;973,3;610,5;21;17,5;21,1;20,5;17,9;17,2;84;79;81;130;7,7;4;
2024/10/28;1400 UTC;0;973,5;973,7;973,4;831,8;21,3;18,4;21,5;21;18,8;17,4;87;79;83;113;6,9;2,2;
2024/10/28;1500 UTC;1,4;973,2;973,6;973,2;683,6;21,5;21,4;21,5;20,8;21,5;18,3;100;83;100;86;3,7;1,6;
2024/10/28;1600 UTC;,2;973;973,2;972,9;863,2;22;22;22,3;21,4;22,3;20,9;100;92;100;161;4,9;1,8;
2024/10/28;1700 UTC;1;971,7;973;971,7;958,3;22,8;22,8;22,8;21,7;22,8;21,7;100;100;100;102;4,7;1,9;
2024/10/28;1800 UTC;0;970,2;971,7;970,2;1361,1;24,7;23,1;24,7;22,8;23,3;21,4;100;84;91;111;4,4;2,3;
2024/10/28;1900 UTC;0;969,7;970,2;969,7;1100,3;25,4;21,3;25,5;24,4;22,8;21,1;91;77;78;154;5,4;2,6;
2024/10/28;2000 UTC;0;969,6;969,7;969,5;1194,1;26,2;20,4;26,4;25,4;21,7;20,1;80;69;70;180;7,3;4,2;
2024/10/28;2100 UTC;0;969,7;969,7;969,6;540,8;25,5;19,7;26,3;25,5;20,5;19,6;71;68;70;149;7,2;2,4;
2024/10/28;2200 UTC;0;970,5;970,5;969,7;45,9;24,7;19,8;25,5;24,7;20;19,6;75;70;75;180;3,9;1;
2024/10/28;2300 UTC;0;971;971,1;970,5;;24,2;20,1;24,7;24,1;20,4;19,8;79;75;78;193;1,8;1;
2024/10/29;0000 UTC;0;971,4;971,4;971;;24,5;19,4;24,6;24;20,3;19,3;80;73;74;140;3,3;1,6;
2024/10/29;0100 UTC;0;971,6;971,7;971,4;;23,6;19,9;24,5;23,6;19,9;19,4;80;74;80;110;2,7;1,5;
2024/10/29;0200 UTC;0;971,5;971,8;971,5;;23,8;19,1;23,8;23,4;20;19,1;80;75;75;105;3,4;1,9;
2024/10/29;0300 UTC;0;970,9;971,5;970,9;;22,7;21,1;23,9;22,7;21,4;19,1;93;75;91;92;3;1,1;
2024/10/29;0400 UTC;0;970,3;970,9;970,3;;22,2;22,2;22,7;22;22,5;20,9;100;90;100;110;1,9;,9;
2024/10/29;0500 UTC;0;969,8;970,3;969,8;;21,8;21,8;22,2;21,7;22,2;21,7;100;100;100;111;2,3;,8;
2024/10/29;0600 UTC;0;969;969,8;969;;21,7;21,7;21,8;21,4;21,8;21,4;100;100;100;90;3,2;2;
2024/10/29;0700 UTC;0;969,5;969,5;969;;22,3;20,1;22,4;21,7;21,8;20,1;100;87;87;158;4;2,2;
2024/10/29;0800 UTC;0;970;970;969,5;;21,3;21,3;22,3;21,3;21,4;20,1;100;87;100;148;4;1,5;
2024/10/29;0900 UTC;0;970,2;970,2;970;7,5;21,4;21,4;21,5;21,2;21,5;21,2;100;100;100;131;4,1;2,6;
2024/10/29;1000 UTC;0;970,9;970,9;970,2;297,2;22,4;20,2;22,4;21,5;21,6;20;100;87;87;134;4,3;2,4;
2024/10/29;1100 UTC;0;971,5;971,5;970,9;1183,4;24,7;19,5;24,7;22,4;20,1;19,1;87;73;73;120;6,9;3,1;
2024/10/29;1200 UTC;0;971,8;971,8;971,5;2097,7;27;20,4;27,1;24,6;20,8;19,4;75;67;67;110;5,9;2,2;
2024/10/29;1300 UTC;0;971,7;971,9;971,7;2817,8;28,2;21,3;28,2;26,5;21,3;19,9;70;65;66;87;5,6;2,7;
2024/10/29;1400 UTC;0;971,3;971,7;971,3;3385,1;29,5;21,4;29,6;27,9;21,6;20,5;68;60;62;84;5,6;2,2;
2024/10/29;1500 UTC;0;970,6;971,3;970,6;3705,6;30,4;20,8;30,9;29,3;21,9;20,3;63;55;57;70;5,6;2,8;
2024/10/29;1600 UTC;0;969,6;970,6;969,6;3538,6;31,8;20,9;31,8;30,4;21,8;20,2;58;52;53;139;5,4;2,6;
2024/10/29;1700 UTC;0;968,7;969,6;968,7;3209,9;31,6;20,2;32,8;30,9;21,7;19,5;56;47;51;122;6,3;2,1;
2024/10/29;1800 UTC;0;967,5;968,7;967,5;2692,9;32,7;19,9;33;31,3;21,1;19;52;44;47;153;6,5;2,2;
2024/10/29;1900 UTC;0;966,3;967,5;966,3;2120;32,8;19,8;33,3;32,2;20,4;18,7;48;43;47;152;6,3;3,4;
2024/10/29;2000 UTC;0;965,8;966,3;965,7;1362,3;32,4;19,8;33,2;32,1;20,7;19,5;49;46;48;185;8,1;4,7;
2024/10/29;2100 UTC;0;966,4;966,5;965,7;662,8;31,6;19,2;32,5;31,6;19,8;18,8;48;45;48;183;7,5;4,3;
2024/10/29;2200 UTC;0;967,1;967,1;966,4;67,5;29,5;18,9;31,7;29,5;19,3;18,8;53;47;53;176;7,2;2,2;
2024/10/29;2300 UTC;0;967,2;967,3;967;;29,1;18,1;29,6;29,1;18,9;18,1;53;50;52;163;4,2;2,5;
2024/10/30;0000 UTC;0;967,8;967,8;967,2;;29;16,5;29,2;28,9;18,1;16,5;52;47;47;145;5,2;3,2;
2024/10/30;0100 UTC;0;968,6;968,6;967,8;;28;14,6;29,2;28;16,5;14,4;47;42;44;120;7,8;3,9;
2024/10/30;0200 UTC;0;969;969;968,6;;27,5;14,1;28,2;27,5;14,6;13,2;44;40;44;122;6,5;3,5;
2024/10/30;0300 UTC;0;969,2;969,3;968,8;;26,4;15,1;27,6;26,4;15,1;14,1;50;44;50;82;7,6;4,2;
2024/10/30;0400 UTC;0;969;969,2;969;;24,4;16,3;26,4;24,3;16,3;15,1;61;50;61;86;7;3,3;
2024/10/30;0500 UTC;0;968,5;969;968,4;;23,6;17,5;24,4;23,6;17,5;16,3;69;61;69;82;5,9;3,2;
2024/10/30;0600 UTC;0;968,2;968,5;968,2;;23,4;18;23,9;23,4;18,6;17,5;73;69;71;110;4,8;2,2;
2024/10/30;0700 UTC;0;968,3;968,4;968,2;;23,3;17,2;23,5;23,2;17,8;17;71;67;69;113;7;4,1;
2024/10/30;0800 UTC;0;968,9;968,9;968,3;;22,5;17,6;23,3;22,5;17,7;17,3;74;69;74;113;7,1;2,8;
2024/10/30;0900 UTC;0;969;969;968,9;6,4;21,8;17,6;22,4;21,7;17,6;17,5;77;74;77;113;5,6;2,7;
2024/10/30;1000 UTC;0;969,7;969,7;969;375,7;23,1;17,4;23,1;21,7;17,6;17,4;77;70;70;118;5,7;3,4;
2024/10/30;1100 UTC;0;970,3;970,3;969,7;1168,6;23,8;17,3;24,1;23,1;18;17,3;70;67;67;137;7,2;3,5;
2024/10/30;1200 UTC;0;970,3;970,4;970,3;2130,3;25,5;18,3;25,5;23,7;18,6;17,4;69;64;64;114;7,3;3,9;
2024/10/30;1300 UTC;0;970,1;970,3;970,1;2884,6;27,5;19,1;27,7;25,4;19,3;18,1;65;59;60;108;7;3;
2024/10/30;1400 UTC;0;969,5;970,1;969,5;3420,1;29,2;19,6;29,5;27,4;20,9;18,7;61;55;56;89;6,3;2,2;
2024/10/30;1500 UTC;0;968,8;969,5;968,8;3706,3;30,8;19,5;31;29,2;20,7;19,1;58;50;51;234;4,9;1,5;
2024/10/30;1600 UTC;0;968;968,8;968;3747,9;31,7;19,6;32,3;30,5;20,4;17,8;54;43;49;146;5;1,8;
2024/10/30;1700 UTC;0;967;968;967;3529,5;33,3;15;33,7;31,7;20;14,7;49;33;33;141;5,4;2,8;
2024/10/30;1800 UTC;0;966,2;967;966,2;3068,3;33,9;17,6;34,2;32,9;18,1;14,3;41;31;38;184;5,4;1,7;
2024/10/30;1900 UTC;0;965,5;966,2;965,5;2412,2;33,9;14,5;34,3;33,3;17,8;13,2;39;28;31;146;6;2,5;
2024/10/30;2000 UTC;0;965,1;965,5;965,1;1568;33,7;14,9;34,3;33,6;15,5;13,3;33;29;32;129;6,3;2,3;
2024/10/30;2100 UTC;0;965,1;965,2;965,1;655,5;32,4;16,4;33,8;32,4;16,6;14;38;30;38;180;4,9;3,2;
2024/10/30;2200 UTC;0;965,1;965,2;965;65;29,5;17;32,4;29,5;17;16,2;47;38;47;176;4,9;2,5;
2024/10/30;2300 UTC;0;965,6;965,6;965,1;;29,1;16,5;29,5;28,8;17,1;16,5;48;46;46;166;3,5;2,4;
2024/10/31;0000 UTC;0;966,2;966,2;965,6;;29,1;15,2;29,3;28,8;16,5;15,2;46;43;43;150;4,1;2,5;
2024/10/31;0100 UTC;0;966,7;966,7;966,2;;28,8;13,3;29,5;28,6;15,2;13,3;43;38;39;130;7;4,3;
2024/10/31;0200 UTC;0;966,9;966,9;966,6;;27,5;12,7;29;27,4;13,1;12,4;40;37;40;111;7,9;3,9;
2024/10/31;0300 UTC;0;967;967;966,8;;26,2;14,9;27,6;26,2;14,9;12,7;50;40;50;102;10,3;5,2;
2024/10/31;0400 UTC;0;967,2;967,2;966,9;;25,1;16,2;26,4;25,1;16,2;14,9;58;50;58;102;10,9;5,8;
2024/10/31;0500 UTC;0;967,5;967,6;967,2;;24,2;16,1;25,1;24,1;16,3;16,1;61;58;61;115;9,5;5,5;
2024/10/31;0600 UTC;0;967,4;967,5;967,3;;22,9;15,9;24,2;22,9;16,1;15,8;64;61;64;103;9,5;4,9;
2024/10/31;0700 UTC;0;967,5;967,5;967,3;;22,4;15,5;23;22,3;15,9;15,5;66;64;65;108;9,8;4,9;
2024/10/31;0800 UTC;0;967,8;967,8;967,4;;20,6;15,4;22,4;20,6;15,5;15,3;72;65;72;130;8,5;5,1;
2024/10/31;0900 UTC;0;968,2;968,2;967,7;7,7;20,1;15,4;20,6;19,9;15,5;15,4;75;72;74;120;9,9;5,4;
2024/10/31;1000 UTC;0;968,6;968,7;968,2;355,3;21,3;15,4;21,3;20;15,6;15,3;75;69;69;119;10,5;6,5;
2024/10/31;1100 UTC;0;969,2;969,2;968,6;1148,1;23,6;16,1;23,7;21,3;16,2;15,4;70;62;63;101;11,2;6,1;
2024/10/31;1200 UTC;0;969,4;969,6;969,1;2163,6;25,7;16,7;25,9;23,6;17;15,9;63;57;58;96;10,5;5,5;
2024/10/31;1300 UTC;0;968,9;969,4;968,9;2931,6;28,5;17,8;28,5;25,7;18,1;16,5;58;52;53;86;8,7;3,8;
2024/10/31;1400 UTC;0;968,6;968,9;968,6;3462,5;30;18,5;30;28,1;18,7;17,3;54;49;50;76;7,9;3,5;
2024/10/31;1500 UTC;0;967,8;968,6;967,8;3661,1;32,3;19;32,4;30;19,2;17,7;50;44;46;90;7,1;3,1;
2024/10/31;1600 UTC;0;966,7;967,8;966,7;3638,7;32,9;18,1;33,4;32;19,3;17,7;46;40;41;121;6,6;3,2;
2024/10/31;1700 UTC;0;965,6;966,7;965,6;1704,7;32,6;18;33,8;32,4;19,1;16,9;44;38;42;85;6,4;2,1;
2024/10/31;1800 UTC;0;964,4;965,6;964,3;1908,3;34,1;18,3;34,1;32,2;19,2;16,8;44;38;39;226;4,9;1,6;
2024/10/31;1900 UTC;0;963,3;964,4;963,3;2625,3;33,4;17,5;34,8;33,2;18,3;15,5;41;33;39;101;7,5;4,1;
2024/10/31;2000 UTC;0;963,3;963,4;963;1488,3;33,4;16,9;33,8;32,9;18,1;16,1;40;36;37;118;7,9;2,9;
2024/10/31;2100 UTC;0;964,8;965,1;963,3;221,4;24,4;17,3;33,4;24,3;17,9;15,9;66;36;65;56;15,2;7,3;
2024/10/31;2200 UTC;0;965,8;965,8;964,8;16,6;24,3;17,3;25;24,3;17,5;16,6;65;60;65;113;12,7;2;
2024/10/31;2300 UTC;0;965,2;966,1;965,2;;24,2;17,8;24,3;22,8;18,7;17,4;78;65;68;158;6,7;1,6;
2024/11/01;0000 UTC;0;966;966;965;;23,5;18,3;24,2;22,9;19;17,5;78;67;73;77;7;3;
2024/11/01;0100 UTC;0;966,9;966,9;966;;23,5;17,8;24,1;23,2;18,6;17,7;75;68;70;92;7,7;3,9;
2024/11/01;0200 UTC;0;967,4;967,4;966,8;;23;18;23,6;22,8;18;17,8;74;70;74;79;7,1;4;
2024/11/01;0300 UTC;0;966,8;967,4;966,7;;23,1;17,1;23,2;22,7;18,1;17,1;75;69;69;90;6,8;4,2;
2024/11/01;0400 UTC;0;966,8;966,9;966,7;;23,2;16,8;23,2;22,7;17,2;16,8;71;68;68;103;8,1;4,6;
2024/11/01;0500 UTC;0;967,1;967,4;966,6;;21,8;17,3;23,3;21,8;17,3;16,8;76;67;76;70;8,9;3,5;
2024/11/01;0600 UTC;0;967;967,3;966,9;;21,5;17,4;21,9;21,2;17,4;17,3;79;75;78;101;7,4;4,5;
2024/11/01;0700 UTC;0;967,3;967,4;966,9;;21;17,8;21,5;21;17,8;17,4;82;78;82;104;7,1;3,9;
2024/11/01;0800 UTC;0;967,9;967,9;967;;21,2;17;21,3;21;17,9;17;82;77;77;102;7,4;4,4;
2024/11/01;0900 UTC;0;968,5;968,5;967,9;8,5;20,8;16,4;21,2;20,8;17;16,4;77;75;76;104;7,3;4;
2024/11/01;1000 UTC;0;968,7;968,7;968,3;371,8;22,1;16,6;22,1;20,8;16,6;16,2;76;71;71;99;8,5;5;
2024/11/01;1100 UTC;0;969,1;969,1;968,7;1158,2;23,8;17,2;23,8;22,1;17,3;16,4;71;66;66;94;11;6,5;
2024/11/01;1200 UTC;0;968,7;969,1;968,6;2158,5;26,4;18,4;26,4;23,8;18,5;17,1;67;61;62;79;9,9;6;
2024/11/01;1300 UTC;0;968,6;968,8;968,6;2887,5;28,1;18,7;28,3;26,1;19,2;18,1;62;57;57;74;11,8;6,4;
2024/11/01;1400 UTC;0;968,2;968,7;968,2;3295,3;30,6;19,3;30,8;27,9;20,1;18,8;58;51;51;63;11,8;4,7;
2024/11/01;1500 UTC;0;967,9;968,2;967,9;3184,4;31,8;20;31,8;30,2;20,1;18,9;52;47;49;39;11;4,7;
2024/11/01;1600 UTC;0;967,3;968;967,3;3350,6;32,6;19,9;32,7;31,1;20,4;18,7;51;46;47;32;12,3;5,4;
2024/11/01;1700 UTC;0;966;967,3;966;2766,9;32,4;19;33,3;31,4;20,3;18,7;50;44;45;54;9,3;4;
2024/11/01;1800 UTC;0;964,7;966;964,6;3016,1;32,8;18,5;33,9;32,5;20,2;18,3;47;41;43;9;12;5,2;
2024/11/01;1900 UTC;0;964,2;964,7;964,2;1862;30,5;19;33,8;30,5;19,8;18,6;51;42;50;129;8,7;2,4;
2024/11/01;2000 UTC;,6;964;964,4;963,8;327,4;27,6;21,3;30,5;25,4;23;19;86;50;68;142;6,7;2,5;
2024/11/01;2100 UTC;29,4;966;966,4;964;38;22,1;;27,9;21,4;;;;;;208;14,1;1,8;
2024/11/01;2200 UTC;,4;965,8;966;965,7;4,5;22,8;22,8;22,8;22;;;;;100;233;3,7;,9;
2024/11/01;2300 UTC;0;966,5;966,5;965,7;;22,9;;23,2;22,8;23,2;22,8;100;94;;325;1,9;,6;
2024/11/02;0000 UTC;0;966,9;966,9;966,5;;22,8;;23,2;22,8;;;;;;228;1,7;1,3;
2024/11/02;0100 UTC;0;967,3;967,4;966,9;;23,7;23,7;23,7;22,8;;;;;100;181;4,5;2,5;
2024/11/02;0200 UTC;0;967,7;968;967,3;1,7;23,3;;23,8;23,2;23,6;22,7;100;94;;8;4,9;1,9;
2024/11/02;0300 UTC;10,4;969;969,3;967,7;,4;21,9;;23,4;21,8;;;;;;353;7,7;2,7;
2024/11/02;0400 UTC;2,6;968;969;968;;22,1;;22,1;21,8;;;;;;134;5;3,1;
2024/11/02;0500 UTC;,2;967,4;968;967,4;;22;;22,1;21,9;;;;;;68;5,1;1,2;
2024/11/02;0600 UTC;0;966,8;967,4;966,8;;22;;22;21,9;;;;;;82;4,5;2,6;
2024/11/02;0700 UTC;0;967;967;966,8;;21,9;;22;21,9;;;;;;75;4,5;2,5;
2024/11/02;0800 UTC;0;967,4;967,4;967;;21,9;;21,9;21,8;;;;;;75;4,4;2,8;
2024/11/02;0900 UTC;0;967,9;967,9;967,3;3,9;21,9;;21,9;21,8;;;;;;72;5,9;2,9;
2024/11/02;1000 UTC;0;968,7;968,7;967,9;131,9;22,4;;22,4;22;;;;;;75;6,5;3,2;
2024/11/02;1100 UTC;0;969,2;969,2;968,7;461,9;23,4;23,4;23,4;22,4;;;;;100;63;6,4;3,6;
2024/11/02;1200 UTC;0;969,5;969,5;969,1;876,3;24,3;23,9;24,4;23,4;24,1;23,2;100;92;97;42;7,3;3,7;
2024/11/02;1300 UTC;0;969,7;969,7;969,5;843,3;25,2;23,1;25,2;24,3;24,2;22,3;98;85;88;59;5,8;2,4;
2024/11/02;1400 UTC;0;969,7;969,7;969,6;1729,2;26,9;22;27;25,2;23,2;21,3;88;72;75;27;6,9;4,3;
2024/11/02;1500 UTC;1,4;969,3;969,7;969,3;993,7;23,9;23,1;27,5;23,5;23,7;21,2;100;71;95;16;9,4;4,5;
2024/11/02;1600 UTC;,8;968,1;969,3;968,1;1508,8;25,1;22,3;25,5;23,9;25,5;22;100;84;84;9;7,7;2,3;
2024/11/02;1700 UTC;0;967,2;968,1;967;3149,8;28,6;21,7;28,6;25,1;23,9;21,2;89;65;66;343;4,6;2,5;
2024/11/02;1800 UTC;12,4;966,3;967,3;966,3;1077,5;22,8;;28,7;22,8;24,7;20,6;100;63;;64;10,5;7;
2024/11/02;1900 UTC;29,4;966,9;967,7;966,1;253,1;22,8;;22,8;22;;;;;;69;11,8;2;
2024/11/02;2000 UTC;1,2;967,5;967,5;966,8;251,4;23,1;;23,4;22,9;;;;;;19;4,6;2,5;
2024/11/02;2100 UTC;1,2;967,3;967,5;967,1;83,1;22,5;22,5;23,2;22,5;;;;;100;47;4,3;2,6;
2024/11/02;2200 UTC;1,6;968,5;968,5;967,3;7,9;22,4;;22,6;22,3;;;;;;43;4,9;2,6;
2024/11/02;2300 UTC;2,6;968,9;968,9;968,4;;21,7;;22,4;21,6;;;;;;57;6;3,3;
2024/11/03;0000 UTC;0;969,1;969,1;968,9;;21,8;;21,8;21,6;;;;;;82;5,6;3,1;
2024/11/03;0100 UTC;0;969,4;969,4;968,9;;22,1;;22,1;21,8;;;;;;88;6;3,2;
2024/11/03;0200 UTC;0;969,5;969,7;969,3;,4;22,1;;22,2;22,1;;;;;;70;6,5;3;
2024/11/03;0300 UTC;0;968,9;969,5;968,9;,6;22,1;;22,1;22,1;;;;;;68;6,6;3,5;
2024/11/03;0400 UTC;0;968,5;968,9;968,5;,9;21,9;;22,1;21,9;;;;;;75;6,8;3,6;
2024/11/03;0500 UTC;,2;967,7;968,5;967,7;;22;;22;21,9;;;;;;58;7;3,8;
2024/11/03;0600 UTC;0;967,5;967,7;967,5;;22,1;;22,1;22;;;;;;50;7,7;3,2;
2024/11/03;0700 UTC;0;967,2;967,6;967,1;;22;;22,2;22;;;;;;66;6,1;3,4;
2024/11/03;0800 UTC;0;967,2;967,2;967,1;;22;;22,1;22;;;;;;59;6,3;3,7;
2024/11/03;0900 UTC;,2;967,3;967,3;967,2;1,4;21,9;;22;21,9;;;;;;64;6,2;3,1;
2024/11/03;1000 UTC;0;967,9;967,9;967,3;138,8;22,2;;22,2;21,9;;;;;;69;5,6;2,8;
2024/11/03;1100 UTC;0;968,5;968,5;967,9;415,6;22,8;22,8;22,8;22,1;;;;;100;43;4,9;2,5;
2024/11/03;1200 UTC;0;968,9;968,9;968,4;200,8;22,8;22,8;22,8;22,7;22,8;22,7;100;100;100;33;5,1;1,9;
2024/11/03;1300 UTC;,4;969,2;969,2;968,7;297,8;22,7;;22,9;22,7;22,9;15,3;100;63;;336;4,4;3;
2024/11/03;1400 UTC;1,2;968;969,2;967,9;382,1;23,2;;23,2;22,7;;;;;;42;6,3;3;
2024/11/03;1500 UTC;,6;967,6;968,1;967,6;863,7;24,3;24,3;24,3;23,2;;;;;100;16;6,7;4,8;
2024/11/03;1600 UTC;0;966,8;967,6;966,8;1248,1;25;24,4;25,2;24,3;25,2;23,6;100;90;97;27;7,1;4;
2024/11/03;1700 UTC;0;966,2;966,8;966,2;829;25,4;23,7;25,6;24,9;25,2;23,5;100;89;90;15;5,8;3,1;
2024/11/03;1800 UTC;0;964,9;966,1;964,9;1363,7;25,7;22,1;26,3;25,4;24,9;21,9;94;79;80;314;5,5;2,5;
2024/11/03;1900 UTC;0;964,3;964,9;964,3;1637,5;27;22,1;27,3;25,7;22,9;21,5;83;73;75;341;4,6;2,4;
2024/11/03;2000 UTC;0;964;964,3;964;848;26;20,6;27;26;22;20,2;75;70;72;353;4,6;2,7;
2024/11/03;2100 UTC;0;963,8;964;963,8;431,8;25,4;21,2;26;25,4;21,3;20,3;78;71;78;2;3,9;1,2;
2024/11/03;2200 UTC;0;964,4;964,4;963,8;55,6;24,2;22,6;25,4;24,2;22,7;21;91;77;91;47;2;1,2;
2024/11/03;2300 UTC;0;964,9;964,9;964,4;;23,4;22,2;24,2;23,4;22,7;21,2;94;86;93;88;2,2;1,2;
2024/11/04;0000 UTC;0;965,7;965,7;964,9;;23,2;21,5;23,5;23,2;23,3;21,1;100;88;90;78;1,6;,9;
2024/11/04;0100 UTC;0;966,3;966,4;965,7;;22,6;22,6;23,2;22,6;22,9;21,6;100;90;100;85;3,3;2,2;
2024/11/04;0200 UTC;0;966,5;966,6;966,4;;22,2;22,2;22,7;22,2;22,7;22,2;100;100;100;90;3,3;1,3;
2024/11/04;0300 UTC;0;966;966,5;966;;22,3;22,3;22,3;22;22,3;22;100;100;100;128;2,6;1,8;
2024/11/04;0400 UTC;0;965,5;966;965,5;;22,6;21,9;22,7;22,1;22,4;21,6;100;93;96;111;4;2,6;
2024/11/04;0500 UTC;0;964,9;965,5;964,9;;22,3;22,3;22,7;22,3;22,5;21,9;100;95;100;84;4,3;2,6;
2024/11/04;0600 UTC;0;964,7;964,9;964,7;;22,3;;22,4;22,2;;;;;;92;4,3;1,6;
2024/11/04;0700 UTC;,2;964,9;964,9;964,7;;22,4;;22,4;22,2;;;;;;127;3,1;1,5;
2024/11/04;0800 UTC;0;965;965;964,8;;22,5;;22,5;22,3;;;;;;116;3,4;1,8;
2024/11/04;0900 UTC;0;965,6;965,6;965;4,6;22,6;;22,8;22,5;;;;;;83;3,5;2,3;
2024/11/04;1000 UTC;0;966,2;966,2;965,6;223,3;23,6;23,6;23,6;22,5;;;;;100;80;5,7;3;
2024/11/04;1100 UTC;0;966,9;966,9;966,2;990,4;25;24,9;25;23,5;24,9;22,2;100;91;99;66;8,7;4,2;
2024/11/04;1200 UTC;0;967,5;967,5;966,9;1575,8;26,4;23,2;26,4;25;25,2;23,2;100;83;83;57;7,8;4,2;
2024/11/04;1300 UTC;0;967,4;967,6;967,4;1785,4;27,5;23,4;27,8;26,3;24,1;22,8;87;77;79;36;7,3;3,4;
2024/11/04;1400 UTC;0;967,1;967,4;967;2420,2;28,9;23;29,5;27,3;23,9;22,6;80;70;70;29;7,4;4,1;
2024/11/04;1500 UTC;0;966,4;967,1;966,4;2913,1;30;23,3;30,2;28,7;24;22,2;74;64;68;349;6,9;3,4;
2024/11/04;1600 UTC;0;965,5;966,4;965,5;2743;30,3;22,5;30,8;29,7;24,2;22,4;69;63;63;300;6,5;3,1;
2024/11/04;1700 UTC;0;964,4;965,5;964,4;3234,7;31,6;22,4;32;30,2;23,8;21,3;66;56;58;219;5,8;1,5;
2024/11/04;1800 UTC;0;963,7;964,4;963,7;2064,3;29,4;23,4;32,4;28,9;23,6;21,5;72;55;70;187;7,3;2,8;
2024/11/04;1900 UTC;19,4;964,4;964,4;963,7;579,4;22,3;;30,2;22,3;25,3;22,7;100;66;;28;12,8;7,9;
2024/11/04;2000 UTC;46;965,6;965,8;964,4;65,3;23,1;;23,3;22,1;;;;;;92;12,8;4,7;
2024/11/04;2100 UTC;0;965,7;965,7;965,3;149,7;22,8;;23,1;22,8;;;;;;110;8;2,7;
2024/11/04;2200 UTC;0;967;967,1;965,7;40,9;22,9;;23,3;22,8;;;;;;139;7,9;4,8;
2024/11/04;2300 UTC;0;966,8;967;966,7;,4;23,1;23,1;23,1;22,8;23,1;19,5;100;71;100;89;8,3;3,6;
2024/11/05;0000 UTC;0;967,7;967,7;966,8;;22,7;;23,1;22,7;23,1;22,7;100;100;;80;6,4;3,5;
2024/11/05;0100 UTC;0;968;968;967,5;;22,5;;22,7;22,5;;;;;;78;7,2;3,9;
2024/11/05;0200 UTC;0;968,1;968,3;968;;22,2;;22,5;22,2;;;;;;59;7,3;3,1;
2024/11/05;0300 UTC;0;967,8;968,1;967,8;;22,1;;22,3;22,1;;;;;;64;6;2,2;
2024/11/05;0400 UTC;0;967,6;967,8;967,5;;22,2;;22,2;22,1;;;;;;110;4,5;,8;
2024/11/05;0500 UTC;0;966,9;967,6;966,9;;22,1;;22,3;21,8;;;;;;131;3,4;1,8;
2024/11/05;0600 UTC;0;966,4;966,9;966,4;;22,4;;22,4;22;;;;;;80;3,8;2,4;
2024/11/05;0700 UTC;0;966,5;966,5;966,4;;22,8;;22,8;22,4;;;;;;75;3,8;2,4;
2024/11/05;0800 UTC;0;966,9;966,9;966,5;;22,9;;23;22,8;;;;;;65;3,9;2,4;
2024/11/05;0900 UTC;0;967,1;967,1;966,9;5,5;22,9;;22,9;22,8;;;;;;51;4;2,2;
2024/11/05;1000 UTC;0;967,7;967,7;967,1;238,1;23,7;23,7;23,7;22,9;;;;;100;77;4,5;2,4;
2024/11/05;1100 UTC;0;968,4;968,4;967,7;680,4;24,1;24,1;24,3;23,7;24,3;23,7;100;94;100;59;4,6;2,9;
2024/11/05;1200 UTC;0;968,8;968,8;968,4;492,8;24,4;24,4;24,5;24;24,4;23,6;100;95;100;76;5,5;2,9;
2024/11/05;1300 UTC;0;969;969;968,8;631,2;24,8;24,8;24,8;24;24,8;23,2;100;94;100;77;5,2;2,7;
2024/11/05;1400 UTC;0;968,8;969;968,8;1726,6;26,6;23,2;26,8;24,6;25,6;23,2;100;81;81;68;5,1;2,2;
2024/11/05;1500 UTC;,2;968,4;968,8;968,4;3331,2;27,9;23,6;28,1;26,1;24,5;22,3;88;72;77;55;6,4;2,7;
2024/11/05;1600 UTC;0;967,3;968,4;967,3;3639;28,8;22;29,9;27,9;24;21,8;78;65;67;14;7,6;4,1;
2024/11/05;1700 UTC;0;965,9;967,3;965,9;3066,3;30,5;22,4;30,8;28,7;24;21,8;72;62;62;341;7;1,5;
2024/11/05;1800 UTC;0;965,2;965,9;965,2;1442,2;30,2;21,9;30,6;29,6;22,9;21,5;67;60;61;38;3,6;2,3;
2024/11/05;1900 UTC;0;964,5;965,2;964,4;880,9;30,8;22,2;30,8;28,8;22,9;21,3;70;60;60;158;4;,9;
2024/11/05;2000 UTC;0;964,5;964,5;964,2;1780;30,4;22,8;32;30,1;22,8;21,2;65;55;64;71;6,6;3,7;
2024/11/05;2100 UTC;0;965,3;965,3;964,5;528,3;27,8;22,6;30,4;27,8;23,4;22,3;74;64;73;72;8;4,1;
2024/11/05;2200 UTC;0;965,6;965,6;965,2;81,4;26,2;21,5;27,9;26,2;23,1;21,4;76;73;75;72;7,4;3;
2024/11/05;2300 UTC;0;967;967;965,6;;25,3;21,7;26,2;25;21,9;21,3;83;75;81;85;5,2;3,4;
2024/11/06;0000 UTC;0;967,8;967,8;967;;24,7;24,7;25,3;24,7;24,8;21,7;100;81;100;79;6;2,8;
2024/11/06;0100 UTC;0;968,3;968,3;967,8;;24,6;24,6;25;24,6;25;24,6;100;100;100;82;7;3,8;
2024/11/06;0200 UTC;0;968,1;968,3;968,1;;24,3;;24,6;24,3;24,6;21,4;100;83;;72;5,8;3,3;
2024/11/06;0300 UTC;0;967,6;968,2;967,6;;23,8;;24,3;23,7;;;;;;65;5,4;2,7;
2024/11/06;0400 UTC;0;966,8;967,6;966,8;;23,2;;23,8;23,2;;;;;;67;4,3;2,4;
2024/11/06;0500 UTC;0;966,7;966,8;966,6;;23,1;;23,2;23;;;;;;68;3,9;1;
2024/11/06;0600 UTC;0;966,4;966,8;966,4;;23;;23,1;23;;;;;;86;5,2;3,3;
2024/11/06;0700 UTC;0;966,4;966,4;966,3;;23,1;23,1;23,1;22,9;;;;;100;80;6,1;2,8;
2024/11/06;0800 UTC;0;966,4;966,4;966,2;;23,2;;23,2;23,1;;;;;;72;6,2;3,7;
2024/11/06;0900 UTC;0;966,8;966,8;966,4;7,4;23,2;;23,2;23,1;;;;;;68;6,6;3,2;
2024/11/06;1000 UTC;0;967,2;967,2;966,8;173,6;23,4;23,4;23,4;23,2;23,4;20,3;100;62;100;60;6,8;3,5;
2024/11/06;1100 UTC;0;967,6;967,6;967,2;383,9;24,1;24,1;24,1;23,4;24,1;23,4;100;100;100;58;6,4;3,5;
2024/11/06;1200 UTC;0;967,9;967,9;967,6;954,6;25,3;23,8;25,4;24,1;24,7;23,7;100;91;91;42;6,2;3,1;
2024/11/06;1300 UTC;0;967,9;967,9;967,8;1074,3;27,1;22,2;27,1;25,3;24,2;22;94;74;75;360;7,5;3,7;
2024/11/06;1400 UTC;0;967,7;967,9;967,6;2181,5;28,6;22,7;28,8;26,8;23,1;21,9;78;69;71;27;9,1;4,8;
2024/11/06;1500 UTC;0;966,8;967,7;966,8;2432,2;29,7;22,5;30,3;27,4;23,3;21,7;74;62;65;16;8,8;4,6;
2024/11/06;1600 UTC;0;965,7;966,8;965,7;3175,6;29,8;21,7;30,7;29,1;23,3;21,3;68;59;62;345;8,6;4;
2024/11/06;1700 UTC;0;964,6;965,7;964,6;2380,1;30,4;22,2;31,2;29,7;23;21,1;65;57;62;7;6,3;3,1;
2024/11/06;1800 UTC;0;963,6;964,6;963,6;1096,2;30,6;23,8;30,6;29;24,1;21,1;72;59;67;253;5,6;1,4;
2024/11/06;1900 UTC;0;962,9;963,6;962,9;2410,1;30,6;22,2;32,3;30,5;23,4;21,1;67;54;61;294;6,1;1,9;
2024/11/06;2000 UTC;16,2;964;964;962,7;449,6;22,8;;31;22,8;23,3;21,1;100;57;;327;15,4;4,2;
2024/11/06;2100 UTC;8;964,2;964,3;964;16,8;22,7;;22,8;22;;;;;;205;7,8;2,7;
2024/11/06;2200 UTC;0;964,5;964,5;964,1;2,7;22,8;;22,9;22,7;;;;;;202;4,6;1,2;
2024/11/06;2300 UTC;,2;964,8;964,8;964,4;;23,2;;23,3;22,8;;;;;;102;3,7;1;
2024/11/07;0000 UTC;0;965,9;966;964,8;;23,1;;23,3;23;;;;;;99;4,9;2,6;
2024/11/07;0100 UTC;0;966,4;966,4;965,9;;23,3;;23,3;23,1;;;;;;172;4,1;1,5;
2024/11/07;0200 UTC;0;966,3;966,5;966,2;;23,2;23,2;23,4;23,2;;;;;100;134;3,8;2;
2024/11/07;0300 UTC;0;966,8;967;966,2;;23,1;;23,2;23;;;;;;19;5,8;2,8;
2024/11/07;0400 UTC;1,4;965,7;966,8;965,7;;22,8;;23,1;22,8;;;;;;76;4,4;2,1;
2024/11/07;0500 UTC;,2;965,1;965,7;965,1;;22,9;;22,9;22,8;;;;;;67;3,7;2,3;
2024/11/07;0600 UTC;0;964,9;965,1;964,9;;23,1;;23,1;22,8;;;;;;57;4,7;2,6;
2024/11/07;0700 UTC;0;965;965,1;964,9;0;22,7;;23,1;22,7;;;;;;53;5,3;2,7;
2024/11/07;0800 UTC;0;965,5;965,5;965;;23;;23;22,7;;;;;;26;4,9;2,7;
2024/11/07;0900 UTC;0;965,9;965,9;965,5;6,5;22,7;22,7;23;22,7;;;;;100;26;4,5;2,7;
2024/11/07;1000 UTC;0;966,5;966,5;965,9;175,1;22,8;22,8;22,8;22,6;22,8;22;100;77;100;47;4,3;1,5;
2024/11/07;1100 UTC;0;967;967;966,5;526,3;23,8;23,8;23,8;22,8;23,8;21,7;100;93;100;350;5;2,8;
2024/11/07;1200 UTC;0;967,2;967,2;966,9;984,3;24,8;24,9;25;23,6;25;23,6;100;98;100;349;7,6;5,1;
2024/11/07;1300 UTC;0;967,1;967,2;967,1;860,5;25,4;24,8;25,4;24,8;25,3;24,2;100;94;96;331;8;3,7;
2024/11/07;1400 UTC;3,8;966,4;967,1;966,4;575,2;23;;25,9;23;25;21,2;100;83;;286;9,3;3,8;
2024/11/07;1500 UTC;2,8;965,7;966,4;965,7;1103;24,6;;24,8;22,6;;;;;;17;6,7;1,7;
2024/11/07;1600 UTC;7,2;965;965,7;964,9;556;25,1;25,1;25,4;23,2;;;;;100;316;8,5;3,5;
2024/11/07;1700 UTC;1;963,8;965;963,8;630,5;25,2;;25,2;24;;;100;92;;12;8,3;1,2;
2024/11/07;1800 UTC;0;962,5;963,8;962,5;1239,8;25,4;25,4;26,3;25,2;26,2;24,5;100;92;100;347;6,3;3,6;
2024/11/07;1900 UTC;0;961,2;962,5;961,2;1215,1;25,6;23,4;25,6;24,2;25,3;23;100;86;88;334;8,5;3,3;
2024/11/07;2000 UTC;0;961,2;961,2;960,9;1226,2;25,9;23,5;26,5;25,6;23,8;21,5;88;75;87;330;5,2;2,6;
2024/11/07;2100 UTC;0;962,3;962,3;961,2;332,6;24,7;24,4;26;24,7;25,2;22,7;100;83;98;352;5,7;2,6;
2024/11/07;2200 UTC;0;962,2;962,6;962,2;44,4;24;24;24,7;23,9;24,7;23,9;100;96;100;19;4,8;2;
2024/11/07;2300 UTC;0;963,2;963,2;962,2;;23,9;23,9;24,1;23,8;24,1;23,8;100;100;100;325;3,1;,9;
2024/11/08;0000 UTC;6;964,4;964,5;963,2;;21,7;;23,9;21,7;;;;;;259;10,5;2;
2024/11/08;0100 UTC;2,8;963,9;964,5;963,9;;22;;22,1;21,6;;;;;;49;3,8;,7;
2024/11/08;0200 UTC;,2;963,3;963,9;963,3;;22,1;;22,3;22;;;;;;52;3,4;1,8;
2024/11/08;0300 UTC;0;962,5;963,3;962,5;;22;;22,2;22;;;;;;22;6,3;3,9;
2024/11/08;0400 UTC;0;961,9;962,5;961,7;;22,4;;22,4;22;;;;;;349;6,3;2,6;
2024/11/08;0500 UTC;0;962;962;961,8;;22,2;;22,5;22,2;;;;;;293;4,2;1,3;
2024/11/08;0600 UTC;0;961,8;962;961,7;;22,4;;22,4;22,2;;;;;;300;3,7;1,9;
2024/11/08;0700 UTC;0;962,2;962,2;961,7;;22,7;;22,7;22,4;;;;;;283;4,6;1,8;
2024/11/08;0800 UTC;0;962,7;962,7;962,2;;22,4;;22,8;22,4;;;;;;280;5;1,7;
2024/11/08;0900 UTC;0;963,3;963,3;962,7;8,6;21,8;;22,4;21,8;;;;;;283;3,8;1,2;
2024/11/08;1000 UTC;0;964,3;964,3;963,3;146,3;22,2;;22,2;21,8;;;;;;288;3,8;1,9;
2024/11/08;1100 UTC;0;964,9;964,9;964,3;488,6;23;23;23,1;22,2;;;;;100;300;4,6;2,1;
2024/11/08;1200 UTC;0;965,1;965,2;964,9;990,6;24,4;24,3;24,5;23;24,4;23;100;93;99;250;4,4;1,8;
2024/11/08;1300 UTC;,2;965,4;965,4;965,1;740,6;24,4;23,8;24,9;24,2;24,7;22,4;100;87;97;248;4,7;2,8;
2024/11/08;1400 UTC;,2;965,2;965,6;965,2;1058;24,9;24,9;24,9;23,2;;;;;100;220;5;1,4;
2024/11/08;1500 UTC;0;964,9;965,3;964,9;1860;25,8;22,3;26,2;24,6;25;22;100;79;81;288;3,9;2,1;
2024/11/08;1600 UTC;,2;964,5;964,9;964,5;1916,3;27,1;21,9;27,2;25,8;23,4;21,5;86;73;74;311;5,1;1,8;
2024/11/08;1700 UTC;0;963,4;964,5;963,4;2584,7;28,5;21,7;28,9;26,9;22,8;20,9;76;64;66;283;6,3;3,1;
2024/11/08;1800 UTC;0;962,7;963,5;962,7;2242,1;28,4;21,2;29,7;27,6;22,9;20,3;71;60;65;255;7,3;3,2;
2024/11/08;1900 UTC;0;962,4;962,7;962,3;1533,2;28;21,4;29,4;27,7;22,3;20,8;71;62;67;264;7,2;3,5;
2024/11/08;2000 UTC;0;962,2;962,4;962;1669,8;28,8;21,2;29,3;27,9;22,6;20,8;71;62;64;269;8,1;3,1;
2024/11/08;2100 UTC;0;962,6;962,6;962,2;596,6;27;20,9;29,3;27;21,5;20,4;69;60;69;262;6;1,8;
2024/11/08;2200 UTC;0;963,3;963,3;962,6;56;25,5;21,1;27;25,5;21,1;20,7;77;69;77;267;3,1;1,4;
2024/11/08;2300 UTC;0;964,1;964,1;963,3;;24,6;22,7;25,6;24,4;24,2;21;98;76;89;297;2,9;,6;
2024/11/09;0000 UTC;0;964,7;964,7;964,1;;23,6;23,6;24,6;23,5;24,2;22,4;100;88;100;221;1,5;,5;
2024/11/09;0100 UTC;0;965;965;964,7;;23,3;23,3;23,6;23;;;;;100;66;1,1;,6;
2024/11/09;0200 UTC;0;965;965,2;965;;23,3;23,3;23,6;22,6;23,6;22,2;100;94;100;318;1,4;,6;
2024/11/09;0300 UTC;0;964,7;965;964,7;;22,5;;23,3;22,5;;;;;;36;1,5;,2;
2024/11/09;0400 UTC;0;964,3;964,7;964,3;;23;;23,1;22,3;;;;;;207;,9;,2;
2024/11/09;0500 UTC;0;964;964,3;964;;22,9;22,9;23,2;22,5;;;;;100;235;1,1;,8;
2024/11/09;0600 UTC;0;963,7;964;963,7;;21,7;;22,9;21,7;;;;;;62;1,4;,4;
2024/11/09;0700 UTC;0;964,2;964,2;963,7;;21,7;;22;21,4;;;;;;78;1,9;1,4;
2024/11/09;0800 UTC;0;964,9;964,9;964,2;;21,5;;21,9;21,5;;;;;;142;1,9;,6;
2024/11/09;0900 UTC;0;965,3;965,3;964,9;16,9;21,5;;22;21,5;;;;;;106;1,9;,4;
2024/11/09;1000 UTC;0;966,3;966,3;965,3;497,5;23,5;23,5;23,8;21,5;;;;;100;73;3,2;2;
2024/11/09;1100 UTC;0;967,1;967,1;966,3;792,4;23,7;23,7;23,8;23;23,8;23;100;100;100;87;6,3;3,8;
2024/11/09;1200 UTC;0;967,4;967,5;967,1;1754,5;25,6;22,7;25,6;23,7;24,6;22,4;100;82;84;99;6,3;3,6;
2024/11/09;1300 UTC;0;967,8;967,8;967,4;2013,4;26,1;22,3;26,6;25,2;23,4;21,9;88;77;80;85;6,4;2,8;
2024/11/09;1400 UTC;0;967,6;967,8;967,6;2528,9;27,2;21,4;27,6;26,1;23,1;21,2;82;69;71;180;4,8;1,7;
2024/11/09;1500 UTC;0;967,3;967,6;967,3;3861;29,6;22,6;29,8;27;23,5;21,5;76;62;66;73;4,6;1,7;
2024/11/09;1600 UTC;0;966,7;967,3;966,7;4085,7;30,2;20,6;31,3;29;22,3;20,2;66;55;57;86;3,6;1,6;
2024/11/09;1700 UTC;0;966;966,7;966;2504,3;31,2;20,1;31,7;29,4;21,9;20,1;64;52;52;180;4,8;1,6;
2024/11/09;1800 UTC;0;965,5;966;965,5;2044,6;31,4;21,3;32,3;30,5;22,5;20,1;58;52;55;247;4,2;1,7;
2024/11/09;1900 UTC;0;964,8;965,5;964,8;2518,2;32,1;20,4;32,7;30,9;21,7;19,7;57;47;50;193;3,7;1,4;
2024/11/09;2000 UTC;0;964,5;964,8;964,5;1687,5;31,4;20,4;32,2;31,3;21,4;19,6;54;49;52;193;5,6;3,3;
2024/11/09;2100 UTC;0;964,7;964,7;964,5;517,1;29,7;20,6;31,3;29,6;20,9;19,8;58;51;58;193;5,6;1,8;
2024/11/09;2200 UTC;0;965,2;965,2;964,7;96,5;28,1;21,9;29,9;28,1;22,7;20,8;70;58;69;207;3;1;
2024/11/09;2300 UTC;0;965,9;965,9;965,2;;27,9;21,1;28,1;27,6;22,3;21,1;71;66;67;154;2,4;1,7;
2024/11/10;0000 UTC;0;966,4;966,4;965,9;;26;21,5;27,9;25,6;24,2;21;92;67;76;92;2,5;,8;
2024/11/10;0100 UTC;0;967;967;966,4;;26,7;21,2;26,8;24,7;25,2;21,2;100;72;72;129;4;1,7;
2024/11/10;0200 UTC;0;967,1;967,1;967;;26,4;20,6;26,8;26,2;21,2;20,6;73;70;70;102;5,3;3,1;
2024/11/10;0300 UTC;0;967,1;967,2;967;;25,1;20,6;26,4;25,1;20,7;20,4;76;70;76;108;7,8;2,7;
2024/11/10;0400 UTC;0;967;967,1;967;;24,3;20,6;25,1;24,3;20,6;20,5;80;76;80;97;7,7;4,2;
2024/11/10;0500 UTC;0;966,8;967;966,7;;23,4;19,9;24,3;23,4;20,6;19,9;84;79;81;86;8,1;4,5;
2024/11/10;0600 UTC;0;966,4;966,8;966,4;;22,5;19,5;23,4;22,5;19,8;19,5;84;80;83;91;7,8;4,4;
2024/11/10;0700 UTC;0;967,2;967,2;966,4;;21,9;18,9;22,5;21,8;20,3;18,9;91;83;83;106;7,8;4,7;
2024/11/10;0800 UTC;0;967,9;967,9;967,2;;20,7;20,1;21,9;20,7;20,1;18,4;96;81;96;81;10,1;3;
2024/11/10;0900 UTC;0;968,5;968,5;967,9;24,2;20,6;18,9;20,7;20,4;20,6;18,9;100;90;90;107;7,8;3,9;
2024/11/10;1000 UTC;0;968,9;968,9;968,4;514,8;21,5;17,9;21,5;20,6;18,8;17,5;90;79;80;105;10,9;6,3;
2024/11/10;1100 UTC;0;969,3;969,3;968,9;834,9;22,6;16,9;23;21,5;17,7;16,8;80;69;70;104;11,1;5,2;
2024/11/10;1200 UTC;0;969,5;969,6;969,3;2255,4;24,2;17;24,9;22,6;18,1;16,8;71;63;64;98;10,4;5,5;
2024/11/10;1300 UTC;0;969,3;969,5;969,3;3003,4;25,8;17,9;26,4;24,2;18,3;17;65;59;62;98;9,2;5,1;
2024/11/10;1400 UTC;0;969;969,3;969;3528,2;27,7;18,4;27,8;25,9;18,8;17,4;62;55;57;95;8,7;4,1;
2024/11/10;1500 UTC;0;968,4;969;968,4;3806,6;29,4;19,1;29,6;27,8;19,5;17,7;58;52;54;115;7,7;3,2;
2024/11/10;1600 UTC;0;967,7;968,4;967,7;3851,1;30,2;18,6;30,5;29;19,8;18;56;50;50;102;7;3,4;
2024/11/10;1700 UTC;0;967;967,7;967;3632,3;31,3;18,9;31,3;30,1;19,9;18,1;53;47;48;115;5,8;1,8;
2024/11/10;1800 UTC;0;966,1;967;966,1;3179,2;31,4;18;31,9;30,9;20;17,9;50;45;45;101;5,7;2;
2024/11/10;1900 UTC;0;965,5;966,1;965,5;2423,2;31,6;19,1;32;31,2;19,8;18;50;44;47;99;5,7;2,7;
2024/11/10;2000 UTC;0;965,2;965,5;965,2;1537,3;31,4;18,7;31,9;30,5;19,4;17,9;49;44;47;131;4,6;2,6;
2024/11/10;2100 UTC;0;965,1;965,2;965,1;797,8;30,4;18,3;31,4;30,4;19,2;17,8;49;46;49;139;4,8;2,7;
2024/11/10;2200 UTC;0;965,3;965,3;965,1;104,5;29;18,3;30,4;29;18,6;18;53;48;53;147;4,5;2,2;
2024/11/10;2300 UTC;0;965,7;965,7;965,3;;28,3;17,8;29;28,3;18,3;17,7;53;51;53;140;4,5;2,8;
2024/11/11;0000 UTC;0;965,9;965,9;965,6;;27,4;17,7;28,4;27,1;17,9;17,6;57;53;55;135;5;2,5;
2024/11/11;0100 UTC;0;966,2;966,2;965,9;;26,6;17,9;27,4;26,5;18;17,7;59;55;59;123;4,8;3,2;
2024/11/11;0200 UTC;0;966;966,2;966;;25,9;17,6;26,6;25,9;17,9;17,6;60;59;60;121;5,3;2,9;
2024/11/11;0300 UTC;0;965,7;966,1;965,6;;26,2;17,2;26,4;25,6;17,6;17,2;61;57;58;106;6,1;3,7;
2024/11/11;0400 UTC;0;965,2;965,7;965,2;;25;17,4;26,2;25;17,4;17,1;63;58;63;103;8,5;5,3;
2024/11/11;0500 UTC;0;965,1;965,2;965;;23,4;17,7;25;23,4;17,7;17,4;70;63;70;85;8,6;4;
2024/11/11;0600 UTC;0;965,1;965,2;965;;22,5;17,8;23,4;22,4;17,9;17,7;75;70;75;87;7,4;4,5;
2024/11/11;0700 UTC;0;965,7;965,7;965;;21,7;17,5;22,5;21,7;17,8;17,5;77;75;77;83;7,4;4,1;
2024/11/11;0800 UTC;0;965,9;965,9;965,6;;21,7;16,8;21,8;21,5;17,5;16,8;77;73;74;89;8,5;5,3;
2024/11/11;0900 UTC;0;966,8;966,8;965,9;23,4;21,2;16,8;21,7;21,1;16,8;16,6;76;73;76;111;9;3,6;
2024/11/11;1000 UTC;0;967,7;967,7;966,8;535,5;22,6;17,2;22,6;21,2;17,4;16,8;77;72;72;97;8,3;4,9;
2024/11/11;1100 UTC;0;968,5;968,5;967,7;806,6;24,3;17,3;24,4;22,6;17,9;17;72;65;65;100;8,6;4,6;
2024/11/11;1200 UTC;0;968,7;968,7;968,5;2190,3;26,7;18,3;26,7;24,2;18,3;17,1;66;59;60;98;7,7;3,5;
2024/11/11;1300 UTC;0;968,2;968,7;968,2;3015,8;28,8;18,1;28,9;26,6;19,3;17,3;61;52;52;102;6,5;3,7;
2024/11/11;1400 UTC;0;967,6;968,2;967,6;3537,3;30,7;18,4;30,9;28,7;18,9;17,5;54;47;48;81;6,4;3,2;
2024/11/11;1500 UTC;0;967;967,6;967;3808,3;32;16,5;32,4;30,6;18,7;16;50;37;39;91;5,9;3,1;
2024/11/11;1600 UTC;0;966,1;967;966,1;3843,7;33,5;15,4;33,9;32;18,3;14,9;43;33;34;134;5,4;1;
2024/11/11;1700 UTC;0;965,1;966,1;965,1;3641,1;33,4;16,1;34,3;33,2;18;15,2;39;33;35;332;5,4;1,9;
2024/11/11;1800 UTC;0;964,3;965,1;964,3;2855,1;34,7;17,3;35;33,3;18,7;15,8;41;34;36;264;5,2;2,3;
2024/11/11;1900 UTC;0;963,5;964,3;963,5;2407,1;34,5;17,4;35,5;34,1;18,7;16,2;39;33;36;239;5,2;1,5;
2024/11/11;2000 UTC;0;963,3;963,5;963,3;1503,2;34;17,1;34,7;33,5;18,7;16,8;41;35;37;239;6;3,3;
2024/11/11;2100 UTC;0;963,5;963,5;963,3;804,3;32,6;18,8;34;32,6;18,8;16,7;44;36;44;238;6,2;1,4;
2024/11/11;2200 UTC;0;963,8;963,8;963,5;99,2;29,7;18,2;32,7;29,7;19;17,8;51;42;50;191;3,7;1,3;
2024/11/11;2300 UTC;0;964,3;964,3;963,8;;27;19,3;29,7;27;19,9;17,9;63;50;63;157;2,1;,9;
2024/11/12;0000 UTC;0;964,5;964,6;964,3;;28,5;17,7;29,2;26,2;19,7;17,6;66;50;52;135;3,6;2,3;
2024/11/12;0100 UTC;0;965,1;965,1;964,5;;26,3;18,9;28,8;26,3;18,9;17,5;64;51;64;112;2,9;1;
2024/11/12;0200 UTC;0;965,4;965,5;965,1;;26,4;17,2;26,8;25,4;19,2;17,2;68;57;57;88;2,3;,6;
2024/11/12;0300 UTC;0;965,1;965,5;965,1;;26,3;17,1;26,6;25,9;17,5;16,9;60;56;57;94;2,6;1,7;
2024/11/12;0400 UTC;0;964,2;965,1;964,2;;25,3;17,4;26,3;25,3;17,5;17,1;61;57;61;118;3,2;2,5;
2024/11/12;0500 UTC;0;963,8;964,2;963,8;;25,2;17,2;25,5;24,7;17,8;17,2;66;61;61;100;3,2;1,7;
2024/11/12;0600 UTC;0;963,3;963,8;963,3;;25;17,4;25,4;25;17,4;17,1;63;60;63;91;3,8;2,6;
2024/11/12;0700 UTC;0;963,4;963,4;963,3;;24,5;17,1;25,6;24,2;17,6;16,9;66;59;63;103;4;2,4;
2024/11/12;0800 UTC;0;963,6;963,6;963,3;;24,7;17;24,9;24;17,5;17;67;62;62;108;3,8;2,6;
2024/11/12;0900 UTC;0;964;964;963,6;20,9;24,7;16,7;24,7;24,3;17,1;16,6;64;61;61;101;3,7;1,9;
2024/11/12;1000 UTC;0;965,1;965,1;964;338,9;24,8;18,6;25,6;23,5;18,8;16,5;71;58;68;353;5;1;
2024/11/12;1100 UTC;0;965,6;965,6;965,1;728,2;27,1;19,7;27,1;24,6;20,5;17,8;73;61;64;314;3,3;1,6;
2024/11/12;1200 UTC;0;965,9;965,9;965,6;1572;29,3;18,6;29,3;26,5;20,2;18,1;68;52;52;346;5,7;3,5;
2024/11/12;1300 UTC;0;965,8;966;965,7;2842;31,3;19,4;31,5;29,3;19,9;17,5;54;48;49;353;7,7;4,6;
2024/11/12;1400 UTC;0;965,5;965,8;965,5;3556;32,7;19,5;32,8;31;20,4;18,5;52;44;46;344;9,7;5,6;
2024/11/12;1500 UTC;0;965,3;965,6;965,2;1585,1;28,9;19,4;33,1;28,9;20,7;17,7;57;43;56;230;9,7;3,2;
2024/11/12;1600 UTC;0;964,3;965,4;964,3;2514,4;31,3;19,6;31,3;28,5;20,7;19,1;59;50;50;159;7;3,8;
2024/11/12;1700 UTC;0;962,9;964,3;962,9;3021;32,2;19,5;32,9;31,3;21,1;18,6;51;45;47;121;6,3;2,6;
2024/11/12;1800 UTC;0;962;962,9;961,9;2284;32,9;20,4;33,5;32,2;20,8;18,9;50;43;48;341;5,5;2,2;
2024/11/12;1900 UTC;0;962,5;962,8;962;650;29,2;18,7;32,9;29,2;21,7;18,3;60;47;53;308;9,8;2,3;
2024/11/12;2000 UTC;0;962,7;962,8;962,4;73,1;26,7;19,9;29,2;26,7;19,9;17,2;67;52;67;282;6,5;2,7;
2024/11/12;2100 UTC;0;963,5;963,5;962,7;86,2;23,7;20,3;26,7;23,7;22,2;20,1;86;67;81;246;7;4,1;
2024/11/12;2200 UTC;0;964,3;964,3;963,5;35,2;23,4;20,8;23,7;23,2;21,6;20,3;91;82;85;238;6,7;1,8;
2024/11/12;2300 UTC;0;965;965;964,3;;23,1;19,7;23,5;23;20,8;19,5;85;79;81;237;5,3;2;
2024/11/13;0000 UTC;0;965,4;965,5;964,9;;22,9;19,4;23,3;22,9;19,8;19,3;82;79;81;241;5,2;2,4;
2024/11/13;0100 UTC;0;965,6;965,7;965,2;;23,1;18,7;23,3;22,8;19,3;18,7;81;76;76;215;6,3;3,1;
2024/11/13;0200 UTC;0;966,3;966,3;965,6;;23,1;16,7;23,4;23,1;18,6;16,7;76;67;67;224;8,6;5;
2024/11/13;0300 UTC;0;966;966,3;966;;22,2;15,1;23,1;22,2;16,8;14,9;68;62;64;204;9,3;3,4;
2024/11/13;0400 UTC;,4;965,3;966,1;965,3;;19,6;16,8;22,2;19,6;16,8;15,1;84;64;84;194;10,6;4,5;
2024/11/13;0500 UTC;,4;965;965,5;964,8;;19,3;19,1;19,6;19,1;19,2;16,7;100;83;99;192;10,7;4,7;
2024/11/13;0600 UTC;,6;965,9;966,2;965;;18,7;18,7;19,3;18,7;19,3;18,7;100;98;100;222;8,8;2,3;
2024/11/13;0700 UTC;0;965,7;966,3;965,7;;18,6;18,6;18,7;18,6;18,7;18,6;100;100;100;214;4,5;1,2;
2024/11/13;0800 UTC;,6;965,9;966,1;965,5;;18,4;18,4;18,6;18,4;18,6;18,4;100;92;100;221;6;2,3;
2024/11/13;0900 UTC;,8;966,7;966,8;965,7;6,7;18,3;;18,4;18,2;;;;;;264;4,9;2,6;
2024/11/13;1000 UTC;,2;967;967;966,3;148,4;18,7;18,6;18,7;18,3;;;;;100;230;5,4;2,6;
2024/11/13;1100 UTC;0;967,7;967,7;967;800,9;20,1;20;20,1;18,7;20,1;18,7;100;94;99;200;8,3;3,2;
2024/11/13;1200 UTC;0;968,2;968,3;967,7;1194,8;21,5;17,9;21,5;20,1;20,2;17,7;100;80;80;200;5,4;2,5;
2024/11/13;1300 UTC;0;968,6;968,6;968,2;2344,3;23,6;18,2;23,6;21,5;18,8;17,3;83;70;72;184;4,8;2,4;
2024/11/13;1400 UTC;0;968,1;968,6;968,1;3352,8;25,2;18,6;25,2;23,5;19,2;17,4;72;66;67;96;4,4;1,9;
2024/11/13;1500 UTC;0;967,6;968,1;967,6;3659,2;25,5;17,8;27,2;25;20,1;17,8;70;59;62;344;4;2,1;
2024/11/13;1600 UTC;0;966,8;967,6;966,8;3883,6;27,9;17,4;28,5;25,5;19,6;16,7;66;50;53;248;4,5;2;
2024/11/13;1700 UTC;0;966;966,8;966;3560,2;28,8;18,5;29,4;27,7;19,5;17,1;57;50;54;335;4,4;1,1;
2024/11/13;1800 UTC;0;965,1;966;965,1;2263,6;28,9;18,8;30,1;28,3;19,8;17,8;56;50;55;356;4,8;1;
2024/11/13;1900 UTC;0;964,8;965,1;964,8;1418,8;28,6;18,4;29,6;28,5;19,3;18;56;51;54;225;3,5;1,6;
2024/11/13;2000 UTC;0;964,5;964,8;964,5;1086,8;28;17,9;28,9;27,9;19,9;17,5;61;52;54;294;6,2;2,8;
2024/11/13;2100 UTC;0;964,7;964,7;964,4;679,2;27,5;18,3;28,2;27,4;18,6;17,3;58;52;58;270;5,1;2;
2024/11/13;2200 UTC;0;965,4;965,4;964,7;101,1;25,1;17,8;27,5;25,1;18,7;17,5;64;57;64;254;4,6;1,6;
2024/11/13;2300 UTC;0;966;966;965,4;;24;17,5;25,1;23,9;18,9;16,8;72;62;67;240;3;,5;
2024/11/14;0000 UTC;0;966,6;966,6;966;;22,6;18,6;24,4;22,6;18,8;16,2;79;60;78;18;1,7;,4;
2024/11/14;0100 UTC;0;967;967;966,6;;22,3;18,4;23,4;22,3;19;15,6;82;62;79;18;1;,4;
2024/11/14;0200 UTC;0;967;967;967;;22,3;17,3;22,7;22,1;19,3;17,1;85;71;73;301;,6;,2;
2024/11/14;0300 UTC;0;966,6;967;966,6;;22,1;18,7;22,6;21,7;19;17;82;71;81;155;1,2;,5;
2024/11/14;0400 UTC;0;966,2;966,6;966,2;;22;20,2;22,2;21,4;21,1;18,1;97;79;89;196;1,1;,3;
2024/11/14;0500 UTC;0;965,8;966,2;965,8;;22,2;17,7;22,4;21,5;21,6;17,6;100;75;76;300;1,2;,3;
2024/11/14;0600 UTC;0;965,5;965,9;965,5;;21,8;18,2;22,2;21,6;20,4;17,3;93;74;80;66;1,2;,4;
2024/11/14;0700 UTC;0;965,8;965,8;965,4;;20,4;19,3;21,9;20,4;19,3;16,9;94;74;93;125;2,6;1,1;
2024/11/14;0800 UTC;0;966,2;966,2;965,8;;21,6;18,4;21,6;19,9;20,2;16,7;100;74;82;103;4,6;2,6;
2024/11/14;0900 UTC;0;967,1;967,1;966,2;17,6;21,4;20;21,8;21,4;21,7;18,5;100;82;92;100;7,6;3,2;
2024/11/14;1000 UTC;0;967,9;967,9;967,1;427,6;21,8;18,4;21,8;21,2;20,3;18,2;95;81;81;101;7,6;4;
2024/11/14;1100 UTC;0;968,1;968,1;967,9;845,3;23,1;18,9;23,1;21,8;19,2;18,3;82;77;77;93;8,7;5,5;
2024/11/14;1200 UTC;0;968,5;968,6;968,1;2184,1;24,7;18,4;24,9;23,1;19,3;18,2;78;68;68;103;9,5;5;
2024/11/14;1300 UTC;0;968,6;968,6;968,4;2939,8;26;18,7;26,2;24,4;19,4;18,1;70;64;64;91;8,7;3,8;
2024/11/14;1400 UTC;0;968,3;968,7;968,3;3323,1;28;19,5;28,2;25,9;20,7;18,7;67;59;60;92;8,5;3,9;
2024/11/14;1500 UTC;0;967,9;968,4;967,9;3565,3;29;19,8;29,6;28;20,6;19,1;62;55;58;94;8,5;2,8;
2024/11/14;1600 UTC;0;967,2;967,9;967,2;3576,3;30;19,8;30,5;28,7;20,6;19,2;59;53;54;90;7,5;4,4;
2024/11/14;1700 UTC;0;966,4;967,3;966,4;3802,8;30,6;19,6;31,4;29,9;20,7;19,4;56;51;52;86;7,3;3,3;
2024/11/14;1800 UTC;0;965,5;966,4;965,5;2764,2;31,1;19,9;31,6;30,2;20,5;19,4;55;50;51;130;6,5;2,5;
2024/11/14;1900 UTC;0;964,5;965,5;964,5;2439,9;31,8;19,9;32,2;31;20,7;18,7;54;47;50;133;5,1;2,2;
2024/11/14;2000 UTC;0;964,2;964,5;964,2;1392,7;31,1;19,8;31,9;30,5;20,3;18,9;52;48;51;131;5,2;2,7;
2024/11/14;2100 UTC;0;964,5;964,5;964,2;424,7;30;19,2;31,3;29,9;20,2;19,2;54;50;53;131;5,3;3,5;
2024/11/14;2200 UTC;0;964,8;964,8;964,5;33,2;29;19,4;30;29;19,4;19;56;53;56;162;5,4;2,6;
2024/11/14;2300 UTC;0;965,3;965,3;964,8;;28,5;19,2;29,1;28,3;19,6;19,2;59;56;57;141;5,3;2,7;
2024/11/15;0000 UTC;0;966;966;965,3;;27,7;19,3;28,5;27,5;19,3;19;61;57;60;143;4,4;2,4;
2024/11/15;0100 UTC;0;966,6;966,6;966;;26,7;18,8;27,7;26,6;19,4;18,8;63;60;62;136;7,9;4,2;
2024/11/15;0200 UTC;0;966,6;966,8;966,6;;25,9;17,6;26,7;25,9;18,7;17,5;62;58;60;123;9,4;4,7;
2024/11/15;0300 UTC;0;966,5;966,7;966,5;;25;17,6;25,9;25;17,6;17,5;64;60;63;112;8,7;4;
2024/11/15;0400 UTC;0;966,3;966,5;966,3;;24,6;17,5;25,1;24,5;17,6;17,4;65;63;65;102;9,1;5,3;
2024/11/15;0500 UTC;0;966,4;966,5;966,2;;23,2;17,2;24,6;23,2;17,5;17,2;69;65;69;94;9,4;4,9;
2024/11/15;0600 UTC;0;966,5;966,5;966,3;;22,1;17,1;23,2;22,1;17,3;17,1;73;69;73;92;8,7;4,4;
2024/11/15;0700 UTC;0;966,5;966,5;966,4;;21,7;16,6;22,1;21,7;17,1;16,6;74;73;73;105;10,5;5,9;
2024/11/15;0800 UTC;0;966,9;966,9;966,4;;21;16,2;21,7;21;16,6;16,2;74;73;74;112;10,2;5;
2024/11/15;0900 UTC;0;967,5;967,5;966,9;23;20,6;16,1;21;20,6;16,3;16;76;74;75;122;9,9;4;
2024/11/15;1000 UTC;0;968,2;968,2;967,5;496,1;21,7;16,3;21,8;20,6;16,4;16;75;71;71;113;9,2;4,4;
2024/11/15;1100 UTC;0;968,7;968,7;968,2;801,2;23,5;17,2;23,5;21,7;17,3;16,3;72;67;68;110;9;5,3;
2024/11/15;1200 UTC;0;969;969;968,7;2216,1;25,5;18,3;25,6;23,3;18,6;16,9;68;63;64;103;8,3;4,4;
2024/11/15;1300 UTC;0;969;969,1;969;2941,3;27,4;19,2;27,5;25,3;19,6;18;65;60;61;90;7,4;4,5;
2024/11/15;1400 UTC;0;968,5;969;968,5;3475,8;29;19,9;29,3;27,4;20,5;18,9;62;56;58;37;7,3;3,4;
2024/11/15;1500 UTC;0;967,9;968,5;967,9;3736,6;30,4;20,4;30,4;29;20,7;19,2;59;53;55;98;6,3;2;
2024/11/15;1600 UTC;0;967;967,9;967;3682,9;31,6;20,1;31,8;29,7;20,8;19,6;57;50;50;96;5,9;3;
2024/11/15;1700 UTC;0;966;967;966;3784,4;32,9;20,7;33;31,4;21,2;19,6;53;48;49;76;5,9;2;
2024/11/15;1800 UTC;0;964,6;966,1;964,6;3168,7;32,7;20,1;33,5;32;21,7;19,4;52;45;48;121;7,3;1,9;
2024/11/15;1900 UTC;0;963,8;964,6;963,8;2285,8;31,4;19,8;33,3;31,4;21;19,2;51;44;50;135;6,3;4,1;
2024/11/15;2000 UTC;0;963,6;963,8;963,5;1261,9;32,1;20,3;32,4;31,2;21,1;19,7;52;49;50;107;7,1;3,9;
2024/11/15;2100 UTC;0;963,8;963,8;963,6;794,6;31,2;19,3;32,1;31,2;20,3;19;51;48;49;113;6,6;3,7;
2024/11/15;2200 UTC;0;964,7;964,8;963,8;110,3;29,4;19,9;31,2;29,4;19,9;19,3;57;49;57;126;6,5;2,1;
2024/11/15;2300 UTC;0;965,4;965,4;964,7;;28,4;19,9;29,4;28,4;19,9;19,8;60;57;60;121;3,4;1,9;
2024/11/16;0000 UTC;0;966,6;966,6;965,4;;28,8;19,6;29,1;28;20;19,6;62;57;57;90;13;5,1;
2024/11/16;0100 UTC;0;967,3;967,3;966,6;;25,3;20,1;28,8;25,2;20,2;19,6;74;58;73;54;13;3,7;
2024/11/16;0200 UTC;0;967,3;967,4;967,1;;24,3;20,2;25,3;24,3;20,4;20,1;78;73;78;93;7,7;4,3;
2024/11/16;0300 UTC;0;967,2;967,3;967,1;;23,4;20,9;24,3;23,4;20,9;20,1;86;78;86;100;7,4;3,3;
2024/11/16;0400 UTC;0;967,5;967,5;967,1;;23,1;23,1;23,5;23;23,2;20,9;100;85;100;96;6,3;2,5;
2024/11/16;0500 UTC;0;967,2;967,5;967,2;;23,2;23,2;23,2;23;23,2;23;100;100;100;95;6;2,8;
2024/11/16;0600 UTC;0;966,9;967,2;966,9;;23,7;23,6;23,7;23,2;23,6;23,2;100;98;100;109;6,2;3,6;
2024/11/16;0700 UTC;0;966,6;966,9;966,6;;23,7;23,7;23,7;23,6;23,7;23,2;100;98;100;89;6,2;3,6;
2024/11/16;0800 UTC;0;967,1;967,1;966,6;;23,8;23,7;23,8;23,6;23,8;23,6;100;99;99;94;6,2;2,7;
2024/11/16;0900 UTC;0;967,9;967,9;967,1;4,9;23,5;23,5;23,8;23,5;23,8;23,5;100;99;100;85;4,7;3,1;
2024/11/16;1000 UTC;0;968,6;968,6;967,9;93,6;23,9;23,9;23,9;23,5;23,9;23,5;100;100;100;80;5,1;2,9;
2024/11/16;1100 UTC;0;969,1;969,1;968,6;752,3;25,9;21,8;26;23,9;24,2;21,7;100;77;78;51;7,9;4,2;
2024/11/16;1200 UTC;0;969,1;969,1;969;2038,9;28,1;22,1;28,1;25,7;22,4;21,3;81;70;70;40;7,9;3,5;
2024/11/16;1300 UTC;0;969;969,1;969;3018,5;29,4;21,3;29,7;27,6;22,4;20,5;71;60;62;19;8;4,2;
2024/11/16;1400 UTC;0;968,7;969;968,7;2927,2;30,5;21,1;30,8;28,9;21,9;20;62;56;57;10;8,2;2,9;
2024/11/16;1500 UTC;0;968,2;968,7;968,2;2827,5;30,2;20,9;31,3;29,7;21,6;20,3;60;53;58;12;5,5;3,5;
2024/11/16;1600 UTC;0;967,5;968,2;967,5;3039,9;31,4;21;32,3;30,1;22,2;20,4;59;51;54;11;7,2;3,1;
2024/11/16;1700 UTC;0;966,6;967,5;966,6;3066,3;32,3;20,3;33;31,1;22;20;56;48;49;80;7,2;2,4;
2024/11/16;1800 UTC;0;965,7;966,6;965,7;2144,2;33,6;20,8;33,6;31,7;21,7;20,2;53;47;47;346;5,4;3,3;
2024/11/16;1900 UTC;0;965;965,8;965;2878,4;33,5;20,2;34,2;32,7;21,7;19,9;51;46;46;322;5,4;2,2;
2024/11/16;2000 UTC;0;964,8;965;964,7;1572,6;29,2;21,5;34,1;29,2;22,1;19,7;64;44;63;173;6,1;3,7;
2024/11/16;2100 UTC;,6;965;965,1;964,7;202,6;28,3;23,2;29,2;27;25,3;21,4;88;63;74;85;6,6;1,5;
2024/11/16;2200 UTC;0;965,6;965,6;965;115,6;27,7;22,8;28,4;27,5;23,9;22,2;80;70;75;205;2,6;1,5;
2024/11/16;2300 UTC;5,8;967,2;967,2;965,6;;25,2;22,3;27,8;25;25;22,1;99;73;84;82;10,6;5,8;
2024/11/17;0000 UTC;0;967,7;967,7;967,2;1,7;24,5;23,7;25,3;24,4;24,2;22,2;99;83;96;80;10,6;4,8;
2024/11/17;0100 UTC;0;968,5;968,5;967,7;;23,8;23,8;24,5;23,8;24,2;23,5;100;94;100;81;7,9;4,9;
2024/11/17;0200 UTC;0;968,7;968,9;968,5;;23,4;23,3;23,8;23,4;23,8;22,8;100;95;99;81;9,8;4,8;
2024/11/17;0300 UTC;0;968,6;968,8;968,5;;22,9;22,9;23,5;22,9;23,4;22,9;100;97;100;73;7,6;3,3;
2024/11/17;0400 UTC;0;968,2;968,6;968,2;;22,7;22,7;23;22,6;23;22,6;100;100;100;89;6,5;4;
2024/11/17;0500 UTC;0;968;968,2;967,9;;22,5;22,5;22,7;22,5;22,7;22,5;100;100;100;81;7,1;3,3;
2024/11/17;0600 UTC;0;968;968,1;967,8;;22;;22,5;22;;;;;;61;6,2;2,2;
2024/11/17;0700 UTC;0;968,1;968,1;967,9;;21,8;;22;21,8;;;;;;91;5,1;3;
2024/11/17;0800 UTC;0;968,4;968,4;968;;21,7;;21,8;21,5;;;;;;96;5;2,7;
2024/11/17;0900 UTC;0;969;969;968,4;10,4;22;;22;21,6;;;;;;95;5,5;2,6;
2024/11/17;1000 UTC;0;969,7;969,7;969;263,4;22,5;22,5;22,5;21,9;22,5;21,9;100;94;100;88;5,8;3;
2024/11/17;1100 UTC;0;970,1;970,2;969,7;1039,8;24,1;22,5;24,1;22,5;23,5;22,3;100;90;91;95;6,2;3,5;
2024/11/17;1200 UTC;0;970,2;970,2;970,1;1864,5;24,5;21,4;25,1;23,7;23,1;21,4;97;82;83;67;6,7;3;
2024/11/17;1300 UTC;0;970,3;970,4;970,2;2348,6;26,2;22,1;26,3;24,5;22,7;20,9;87;75;78;86;5,8;3,3;
2024/11/17;1400 UTC;0;970;970,3;970;2671,6;26,4;21,7;27;25,6;22,1;21,1;79;71;75;71;7,7;4;
2024/11/17;1500 UTC;0;969,7;970;969,7;2616,1;27,8;21,8;28,5;26,4;22,9;20,6;77;67;70;60;6,7;3,3;
2024/11/17;1600 UTC;0;968,9;969,7;968,9;3262,4;28,4;20,3;29,4;27,5;22,7;20,3;73;60;61;58;7,4;3,4;
2024/11/17;1700 UTC;0;967,6;968,9;967,6;3293,2;29,6;20,7;29,7;28,3;21,7;20;66;59;59;100;7;2,6;
2024/11/17;1800 UTC;0;966,5;967,6;966,5;3201,9;30,6;20,9;30,6;29,5;22,1;20,1;63;55;56;63;6,3;2,1;
2024/11/17;1900 UTC;0;966;966,5;966;2568,2;30,8;21,2;31,2;30,5;21,6;20;57;52;57;111;5,7;3,1;
2024/11/17;2000 UTC;0;965,5;966;965,5;1730;30,6;20,6;31,2;30,5;21,6;20,4;57;54;55;125;5,9;3,4;
2024/11/17;2100 UTC;0;965,4;965,6;965,3;850,6;29,9;19,6;30,7;29,9;20,9;19,3;57;53;54;109;6;3,1;
2024/11/17;2200 UTC;0;965,8;965,8;965,4;120,2;28;19;30;28;19,7;19;58;53;58;123;5,2;1,7;
2024/11/17;2300 UTC;0;966,5;966,5;965,8;;27;19,4;28;27;19,4;18,9;63;58;63;104;3,8;2,5;
2024/11/18;0000 UTC;0;967,5;967,5;966,5;;26,4;19,8;27,1;26,4;19,8;19,4;67;63;67;101;4,4;2,4;
2024/11/18;0100 UTC;0;968,1;968,1;967,4;;25,7;19,6;26,4;25,6;19,8;19,5;70;66;69;90;3,9;2,2;
2024/11/18;0200 UTC;0;968,3;968,4;968;;25,3;19,3;25,7;25,2;19,7;19,2;70;68;69;85;5;2,5;
2024/11/18;0300 UTC;0;968,4;968,4;968,2;;24,2;19,2;25,3;24,2;19,4;19,2;74;69;74;94;4,5;2;
2024/11/18;0400 UTC;0;967,9;968,4;967,8;;23,6;19;24,3;23,5;19,4;19;76;73;76;105;3,8;1,5;
2024/11/18;0500 UTC;0;967,7;968;967,7;;23,4;19,2;23,7;22,3;20,1;19;87;75;77;76;4,3;2,4;
2024/11/18;0600 UTC;0;967,3;967,7;967,3;;22,3;19,6;23,4;22,3;19,6;19,2;85;77;85;88;3,7;1,4;
2024/11/18;0700 UTC;0;967,3;967,3;967;;22,1;20,9;22,9;22;21;19,4;94;81;93;128;3,5;,6;
2024/11/18;0800 UTC;0;967,8;967,8;967,3;;21,9;21,9;22,2;21,7;22;20,8;100;92;100;109;3;1,7;
2024/11/18;0900 UTC;0;968,4;968,4;967,8;30,8;22,5;22;22,5;21,7;22,3;21,7;100;97;97;120;3,2;1,5;
2024/11/18;1000 UTC;0;968,8;968,8;968,3;503,4;24,6;22;24,7;22,5;22,3;21,3;98;84;85;65;4;1,3;
2024/11/18;1100 UTC;0;968,8;968,8;968,6;756,5;26,5;22,1;26,6;24,5;23,6;21,9;93;76;77;86;3,1;1,5;
2024/11/18;1200 UTC;0;968,6;968,8;968,5;2251,6;29;22,3;29;26,5;23,3;21,1;82;67;67;104;4,1;2;
2024/11/18;1300 UTC;0;968,7;968,9;968,6;3014,4;30;21;30,4;28,9;22,5;21;68;59;59;23;4,5;1,9;
2024/11/18;1400 UTC;0;968,2;968,7;968,2;2755,1;31,2;21,5;31,7;29,9;22,3;20,4;61;53;57;59;5;1,7;
2024/11/18;1500 UTC;0;967,6;968,2;967,6;3473,3;32,7;20,5;32,9;30,6;22,4;19,3;58;46;49;42;5,2;1,8;
2024/11/18;1600 UTC;0;967;967,6;967;3723,4;33,1;19,5;33,8;32,3;20,9;18,1;51;40;45;222;5,2;1,6;
2024/11/18;1700 UTC;0;966;967;966;3411,1;34,8;16,8;35,2;32,6;19,5;16,7;45;34;34;255;5;2;
2024/11/18;1800 UTC;0;964,6;966;964,6;3131,4;35,5;18,5;35,7;34,3;18,5;14,5;38;29;37;98;4,6;2,2;
2024/11/18;1900 UTC;0;963,6;964,6;963,6;2427,6;34,7;16,1;35,6;34,2;18,5;15,7;37;33;33;167;4,8;2,1;
2024/11/18;2000 UTC;0;963,1;963,6;963;1614;34,2;14,5;35,2;34,2;17,9;14,5;37;31;31;130;5,8;3,3;
2024/11/18;2100 UTC;0;963,2;963,3;963;756,8;33,2;13,6;34,5;33;15,9;12,7;33;28;31;139;5,9;2,1;
2024/11/18;2200 UTC;0;963,9;963,9;963,2;130;31,5;14,9;33,2;31,5;15,2;13,6;37;31;37;150;3,9;2;
2024/11/18;2300 UTC;0;964,7;964,7;963,9;;30,2;16,9;31,5;29,7;16,9;14,9;46;37;45;161;4,1;2,7;
2024/11/19;0000 UTC;0;965,4;965,4;964,7;;28,5;16,3;30,4;28,2;17;15,9;50;42;48;129;3,6;1,5;
2024/11/19;0100 UTC;0;966;966,1;965,4;;26,4;16,1;28,9;25,9;17,8;15,5;60;44;53;118;2,5;1,5;
2024/11/19;0200 UTC;0;966,3;966,4;966;;26,2;15,9;27,7;25,2;18,4;15,2;65;47;53;120;2,7;,9;
2024/11/19;0300 UTC;0;966,2;966,4;966,2;;26,7;15,3;26,8;25,5;16,3;15,3;56;50;50;119;2,4;1,6;
2024/11/19;0400 UTC;0;966,1;966,3;966,1;;23,7;18,9;26,8;23,7;18,9;15;74;49;74;109;2,2;,8;
2024/11/19;0500 UTC;0;965,7;966,1;965,7;;24,4;15,8;25,5;22,5;19,2;15,3;80;53;59;109;3;1,5;
2024/11/19;0600 UTC;0;965,2;965,7;965,1;;24;15,8;25,9;24;16,6;14,6;62;50;60;110;3,3;1,6;
2024/11/19;0700 UTC;0;965;965,2;965;;24,1;15,6;24,8;22,7;17;14,9;70;55;59;103;3,4;1,9;
2024/11/19;0800 UTC;0;965,4;965,4;965;;23,8;15,5;24,4;22,8;16;15,4;66;57;60;90;3,6;2,1;
2024/11/19;0900 UTC;0;966,1;966,1;965,4;31,3;23,2;16;23,8;22,8;16,1;15,4;65;59;64;116;3,3;1,8;
2024/11/19;1000 UTC;0;967;967;966,1;317,9;24;17,6;24;22,7;17,6;16,2;68;64;67;113;3,4;1;
2024/11/19;1100 UTC;0;967,6;967,6;967;967,4;27,3;18,9;27,3;24,1;19;17,3;68;60;60;106;5,5;2,6;
2024/11/19;1200 UTC;0;968,1;968,1;967,6;1537,6;28,9;18,7;29,1;27,3;19,3;18,2;60;54;54;104;5,2;2;
2024/11/19;1300 UTC;0;968,2;968,3;968,1;2954,9;31;19,6;31,1;28,9;20;18,6;55;50;51;110;5,2;2,7;
2024/11/19;1400 UTC;0;967,8;968,2;967,8;3131,6;31,9;19,4;32,9;30,9;20,3;18,3;53;43;48;37;5,2;2,4;
2024/11/19;1500 UTC;0;967,4;967,8;967,4;3588,9;34,3;16,8;34,5;31,8;19,5;16,8;48;35;35;84;5,5;2,5;
2024/11/19;1600 UTC;0;966,7;967,4;966,7;3875;34,8;16,4;35,3;33,9;18,4;16,2;40;33;34;103;5,5;2,6;
2024/11/19;1700 UTC;0;965,8;966,7;965,8;2894,4;34,7;16,9;35,3;34,4;18,6;15,6;39;32;35;49;5;1,1;
2024/11/19;1800 UTC;0;964,8;965,8;964,8;2852,1;36,1;16,4;36,5;34,4;18,1;15,7;37;30;31;129;3;1,4;
2024/11/19;1900 UTC;0;963,8;964,8;963,8;2603,3;35,2;16,8;36,1;35,2;17,7;15,9;35;31;34;92;5,9;3;
2024/11/19;2000 UTC;0;963,4;963,8;963,3;1682,1;35;16,9;35,9;35;17,6;15,9;35;31;34;93;5,9;2,4;
2024/11/19;2100 UTC;0;963,3;963,4;963,3;812,8;34,3;17;35,2;34,2;18,1;16,3;39;34;36;120;4,7;,8;
2024/11/19;2200 UTC;0;964;964;963,3;107,1;31,6;17,2;34,3;31,6;18,4;16,6;43;36;42;130;2,6;1;
2024/11/19;2300 UTC;0;964,4;964,4;964;;28,9;17,8;31,6;28,8;19,5;17;55;42;51;189;1,9;1,1;
2024/11/20;0000 UTC;0;964,6;964,6;964,4;;28,4;18;30,1;28,1;19,1;17,6;56;47;53;130;3,2;1,7;
2024/11/20;0100 UTC;0;965,7;965,7;964,6;;26,9;18,6;29,5;26,8;19,5;17,1;64;47;60;33;2,5;1,1;
2024/11/20;0200 UTC;0;966,2;966,3;965,7;;27,9;17,5;28;26;19,6;17,5;67;53;53;102;2,3;1,2;
2024/11/20;0300 UTC;0;966,2;966,6;966,2;;27,2;18,4;27,9;25,3;19,5;17,5;70;53;59;330;4,3;1,6;
2024/11/20;0400 UTC;0;965,6;966,2;965,6;;25,7;18,9;27,9;25,7;19,2;18,5;66;57;66;292;3,1;,4;
2024/11/20;0500 UTC;0;965,4;965,6;965,3;;25;20,3;25,7;25;20,3;18,9;75;66;75;240;1,1;,3;
2024/11/20;0600 UTC;0;965,5;965,6;965,3;;25,5;19,9;26;24,5;20,6;19,7;78;68;71;173;6;1,7;
2024/11/20;0700 UTC;0;965,6;965,7;965,5;;26;17,8;26,1;24,6;20,2;17,8;76;61;61;110;5,8;3,5;
2024/11/20;0800 UTC;0;966,1;966,1;965,6;;25,1;18,3;26;25;18,3;17,8;66;61;66;117;6,3;3,7;
2024/11/20;0900 UTC;0;966,7;966,7;966,1;14,5;24,7;18,5;25,2;24,7;18,6;18,2;69;65;69;108;6,7;3,7;
2024/11/20;1000 UTC;0;967,8;967,8;966,7;178,4;24,9;19;24,9;24,7;19;18,6;70;69;70;99;8,2;4,3;
2024/11/20;1100 UTC;0;968,5;968,5;967,8;680,4;26,2;19,9;26,3;24,9;20;19;71;68;68;98;8,2;4,8;
2024/11/20;1200 UTC;0;968,8;968,9;968,5;2206,2;28,2;21;28,2;26;21;19,7;70;64;65;90;7,7;4,1;
2024/11/20;1300 UTC;0;968,8;968,9;968,7;2957,3;30;21,3;30,1;28;21,8;20,6;66;59;60;66;6,9;2,8;
2024/11/20;1400 UTC;0;968,3;968,8;968,3;3393,6;32,4;21,4;32,5;29,9;22,2;20,6;62;52;52;42;4,8;1,3;
2024/11/20;1500 UTC;0;967,5;968,3;967,5;3676,2;33,6;21,1;33,6;31,9;22,2;20,4;55;48;48;301;4,4;1,3;
2024/11/20;1600 UTC;0;966,6;967,5;966,6;3723,3;34,9;21,2;35,3;32,9;22,8;20,6;52;43;45;293;4,6;2,2;
2024/11/20;1700 UTC;0;965,5;966,6;965,5;3564,4;35,9;21,1;36,2;33,7;22,3;20,2;49;40;42;91;5;1,6;
2024/11/20;1800 UTC;0;966,1;966,2;965,4;770,4;26,5;21,8;36,3;26,5;21,9;20;76;40;76;312;14;5,2;
2024/11/20;1900 UTC;0;965,4;966,2;965,4;334,9;26,1;20,7;26,5;25,1;22,5;20,6;85;72;72;286;9,4;2;
2024/11/20;2000 UTC;0;964,7;965,4;964,7;697,9;28,4;21,2;28,5;26,1;21,9;20,4;73;64;65;285;3,4;1,1;
2024/11/20;2100 UTC;0;965,2;965,3;964,6;418,3;28,2;22;29;28;22;20,6;70;62;69;230;2,4;1,7;
2024/11/20;2200 UTC;0;965,5;965,5;965,2;91;27,5;22,3;28,4;27,5;22,6;21,7;73;67;73;107;2,4;1,2;
2024/11/20;2300 UTC;0;966,4;966,4;965,5;;27,3;22,2;27,5;27,2;22,8;22,1;77;72;74;126;1,8;,3;
2024/11/21;0000 UTC;0;967,5;967,5;966,4;;27,2;23,1;27,3;26,5;23,1;22,2;81;74;78;297;2,1;1,3;
2024/11/21;0100 UTC;0;968,2;968,2;967,5;;26,8;23,5;27,2;26,8;23,6;23,1;82;78;82;254;2,2;,6;
2024/11/21;0200 UTC;0;968,5;968,6;968,2;;26,3;22,8;26,9;26,3;25,2;22,8;92;80;81;286;7,6;3,2;
2024/11/21;0300 UTC;0;967,6;968,5;967,6;;25,7;21,4;26,4;25,7;22,9;21,3;82;76;77;257;6;2,8;
2024/11/21;0400 UTC;0;966,6;967,6;966,6;;24,8;21,7;25,7;24,7;21,8;21,4;84;77;83;241;4,4;1,7;
2024/11/21;0500 UTC;0;966,1;966,6;966,1;;24,3;24,3;24,8;24,2;24,3;21,6;100;82;100;244;4,2;1,6;
2024/11/21;0600 UTC;0;966,4;966,4;966;;24,8;23,6;24,8;24,1;24,5;23,6;100;93;93;160;4,7;1,4;
2024/11/21;0700 UTC;0;966,1;966,5;966,1;;24;24;24,9;24;24,4;23,3;100;91;100;77;3,5;1,3;
2024/11/21;0800 UTC;0;966,6;966,7;966,1;;23,4;23,4;24;23,4;24;23,4;100;100;100;21;3,2;,7;
2024/11/21;0900 UTC;0;967,2;967,2;966,6;9,3;23;;23,4;23;;;100;56;;320;1,7;,3;
2024/11/21;1000 UTC;0;968,3;968,3;967,2;415,4;25;24,1;25;23;;;;;95;345;1,6;,7;
2024/11/21;1100 UTC;0;969,3;969,3;968,3;510,8;25,5;23,5;25,6;25;24,7;23;97;85;89;302;3,4;2,1;
2024/11/21;1200 UTC;0;970;970;969,3;693,4;25,9;22,9;26,2;25,4;24,9;22,6;97;81;84;238;3,2;1,4;
2024/11/21;1300 UTC;0;970,3;970,3;970;537,9;26,8;23,5;26,8;25,9;23,9;22,6;84;79;82;41;2,3;,5;
2024/11/21;1400 UTC;0;970,3;970,3;970,3;680,3;26,8;23,4;26,9;26,4;25;23,4;92;81;82;101;6,1;3,2;
2024/11/21;1500 UTC;0;969,5;970,3;969,5;1608,7;28,6;23,1;28,7;26,7;23,9;22,6;82;71;72;98;5,4;2,7;
2024/11/21;1600 UTC;0;968,5;969,5;968,5;2153,9;29,4;22,7;29,5;28,4;23,4;22,5;73;67;67;84;5,4;2,3;
2024/11/21;1700 UTC;0;967,7;968,5;967,7;1906;30,1;22,7;30,6;29,3;23,2;22,3;68;63;65;99;6,1;3,2;
2024/11/21;1800 UTC;0;966,7;967,7;966,7;2030,6;29,9;22,3;30,5;29,4;23;21,9;66;62;64;121;8;4,2;
2024/11/21;1900 UTC;0;965,9;966,7;965,9;2164,4;31;21,6;31,2;30;22,6;21,4;64;57;58;101;8;2,8;
2024/11/21;2000 UTC;0;965,6;966;965,6;1461,4;30,3;21;31,1;30;22,2;21;62;57;58;85;7,3;4,3;
2024/11/21;2100 UTC;0;966,3;966,3;965,6;566,6;29;20,7;30,3;29;21,1;19,9;62;56;61;55;7,3;1,9;
2024/11/21;2200 UTC;0;967,4;967,4;966,3;51,2;25,8;20,7;29,1;25,8;21,2;20,6;73;61;73;303;7,4;2,1;
2024/11/21;2300 UTC;0;968,1;968,1;967,3;;24,7;21,8;25,8;24,6;21,8;20,6;84;73;84;307;4,1;1,5;
2024/11/22;0000 UTC;0;968,3;968,4;968,1;;24,4;24,4;24,7;24,3;24,4;21,9;100;84;100;40;2,8;,9;
2024/11/22;0100 UTC;0;969,1;969,1;968,3;;24,5;23,8;24,7;24,3;24,4;23,4;100;93;96;203;2,4;1,2;
2024/11/22;0200 UTC;0;969,5;969,5;969,1;;24,9;23,2;25,3;24,5;23,7;22,3;96;84;90;183;4,6;1,9;
2024/11/22;0300 UTC;0;969,3;969,5;969,3;;24,8;23,8;24,9;24,6;24,6;23,1;100;90;94;183;2,8;1,5;
2024/11/22;0400 UTC;0;968,9;969,4;968,9;;24,2;21,8;25;24,1;23,8;21,7;95;83;87;139;5,2;2,3;
2024/11/22;0500 UTC;,2;968,5;968,9;968,5;;24;20,2;24,2;24;22,2;20,2;89;79;79;138;5,2;2,4;
2024/11/22;0600 UTC;0;968,5;968,6;968,5;,1;23,6;20;24;23,6;20,3;19,5;80;76;80;141;5,9;3,2;
2024/11/22;0700 UTC;,2;968,8;968,8;968,4;;22,7;20,8;23,6;22,7;20,8;19,7;89;80;89;157;6,6;2,8;
2024/11/22;0800 UTC;1,2;969,1;969,2;968,8;;21,7;21,7;22,6;21,7;21,8;20,5;100;88;100;177;7,4;2,9;
2024/11/22;0900 UTC;,6;968,6;969,1;968,6;1,4;21,3;21,3;21,8;21,3;21,8;21,3;100;99;100;141;5,5;3,3;
2024/11/22;1000 UTC;2;968,8;968,9;968,5;76;21,4;21,4;21,4;21,1;21,4;21,1;100;100;100;101;6,6;2,8;
2024/11/22;1100 UTC;,2;968,9;968,9;968,6;604,6;23;21,7;23;21,4;22,5;21,2;100;89;93;91;6,8;3,8;
2024/11/22;1200 UTC;0;969,8;969,8;968,9;1080,9;23,8;20,7;24,4;23;21,6;20;92;79;83;166;8,5;4,6;
2024/11/22;1300 UTC;0;970,1;970,2;969,8;1741,7;24,9;20,5;25,1;23,8;21,5;20;86;74;77;125;8,5;3,9;
2024/11/22;1400 UTC;0;970;970,2;970;2012,4;25,8;20,1;26,4;24,5;21,2;19,8;78;70;71;100;7,4;3,7;
2024/11/22;1500 UTC;0;970,2;970,3;970;1161,3;25,5;20,4;25,7;25,1;20,8;19,9;75;70;73;123;6,9;3;
2024/11/22;1600 UTC;0;969,7;970,3;969,7;1300,8;27,5;20,8;27,5;25,5;21,2;20,3;74;66;67;111;4,5;2;
2024/11/22;1700 UTC;0;968,5;969,7;968,5;2025,4;28,3;21;28,6;27,5;21,4;20,1;68;62;65;117;4,8;2,4;
2024/11/22;1800 UTC;0;966,8;968,5;966,8;2106,2;29,6;20,2;30,1;28,2;21,6;20,2;65;56;57;156;5,2;2,9;
2024/11/22;1900 UTC;0;965,8;966,8;965,8;2615,3;30,7;21,3;30,9;29,6;21,4;20;59;54;57;173;5,2;2,4;
2024/11/22;2000 UTC;0;965,4;965,8;965,4;1703,9;30,4;19,8;30,8;30,1;21,3;19,1;58;51;53;133;4,6;2,1;
2024/11/22;2100 UTC;0;965,5;965,5;965,3;833,1;29,8;20,6;30,5;29,8;20,9;19,4;58;52;58;108;5,9;2,2;
2024/11/22;2200 UTC;0;966,1;966,1;965,5;123,5;28,2;20,6;29,8;28,2;21;20,4;65;58;64;121;3,8;1,2;
2024/11/22;2300 UTC;0;966,9;966,9;966,1;;27,3;20,9;28,2;26,9;21,8;20,5;72;63;68;119;2;1,3;
2024/11/23;0000 UTC;0;967,8;967,8;966,9;;26,6;21,2;27,3;26,2;22,1;20,8;78;68;72;116;2,5;1,7;
2024/11/23;0100 UTC;0;968,6;968,6;967,9;;26,8;21,1;27,1;26,6;21,5;20,9;74;69;71;106;3,7;2;
2024/11/23;0200 UTC;0;968,8;968,9;968,5;;26,3;20,7;27,2;26,3;21,1;20,7;71;69;71;85;6,6;3,4;
2024/11/23;0300 UTC;0;968,6;968,8;968,5;;25,4;20,5;26,3;25,3;20,8;20,5;75;71;74;88;6;3,6;
2024/11/23;0400 UTC;0;967,9;968,6;967,9;;24,2;20;25,4;24,2;20,5;19,9;77;74;77;67;6,9;3,2;
2024/11/23;0500 UTC;0;967,7;967,9;967,6;;23,7;19,3;24,2;23,7;20;19,3;78;75;76;105;6,9;3,1;
2024/11/23;0600 UTC;0;967,8;967,8;967,7;;23,5;19;23,9;23,5;19,3;18,9;76;75;76;110;6,7;3,5;
2024/11/23;0700 UTC;0;967,6;967,9;967,6;;22,9;18,9;23,7;22,8;19;18,8;78;74;78;88;6,8;3,5;
2024/11/23;0800 UTC;0;967,7;967,7;967,6;;22,2;18,8;22,9;22,2;18,9;18,8;81;78;81;93;6,3;2,5;
2024/11/23;0900 UTC;0;968,2;968,2;967,7;30,4;21,8;19,4;22,2;21,5;19,4;18,8;88;81;86;126;4,4;2,4;
2024/11/23;1000 UTC;0;969;969,1;968,2;530;23,1;18,9;23,1;21,8;19,3;18,8;86;77;77;127;6,5;3,9;
2024/11/23;1100 UTC;0;969,5;969,5;969;1068,3;25;18,7;25,1;23,1;19,1;18,4;77;68;68;118;8,2;4,9;
2024/11/23;1200 UTC;0;969,9;969,9;969,5;2207,9;26,8;19,4;27,1;24,8;19,9;18,5;69;63;64;109;7,6;3,3;
2024/11/23;1300 UTC;0;970;970,1;969,9;2968,7;28,2;19,4;28,4;26,7;20,3;19,1;65;59;59;113;6,4;2,8;
2024/11/23;1400 UTC;0;969,5;970;969,5;3513,7;29,8;19,7;29,9;28;20,7;19;62;54;55;87;5,9;3;
2024/11/23;1500 UTC;0;968,7;969,5;968,7;3797,8;30,9;19,5;31,5;29,8;20,4;18,8;57;48;51;126;7,5;3,6;
2024/11/23;1600 UTC;0;967,9;968,7;967,9;3921,9;32,1;19,1;32,1;30,9;20,7;18,1;52;44;46;121;7,7;3,6;
2024/11/23;1700 UTC;0;967,1;967,9;967,1;3429,7;32,1;18,7;33,4;31,5;20,1;18,1;49;43;45;143;6,9;2,5;
2024/11/23;1800 UTC;0;966,5;967,1;966,5;3283,1;32,7;18,3;33,8;32;20,2;17,8;49;40;43;109;6,9;2,5;
2024/11/23;1900 UTC;0;965,9;966,5;965,9;2431,8;33,8;18,2;34,3;32,3;20,2;17,3;45;38;40;166;6,5;2,9;
2024/11/23;2000 UTC;0;965,9;966;965,7;1794,7;33,1;18,1;33,9;33;18,3;17,2;41;38;41;166;7,2;3,8;
2024/11/23;2100 UTC;0;965,7;965,9;965,7;910,6;32,5;17,6;33,4;32,4;18,3;16,8;42;38;41;151;6,8;2,8;
2024/11/23;2200 UTC;0;965,9;965,9;965,5;146,1;30,7;17,9;32,5;30,6;18,1;17,5;47;41;46;161;5,5;2,3;
2024/11/23;2300 UTC;0;966,7;966,7;965,9;;29,7;17,3;30,8;29,7;17,9;17,2;48;45;47;140;4,8;2,5;
2024/11/24;0000 UTC;0;967,4;967,4;966,7;;29,1;17,1;29,9;29,1;17,3;17;48;46;48;136;6,3;3,5;
2024/11/24;0100 UTC;0;968,2;968,2;967,4;;28;17,1;29,1;28;17,2;17;52;48;52;130;7;4,2;
2024/11/24;0200 UTC;0;968,4;968,5;968,2;;27,5;16,7;28;27,3;17,1;16,7;53;51;52;119;8,3;4,9;
2024/11/24;0300 UTC;0;968,1;968,4;968;;25,9;16,9;27,6;25,9;16,9;16,6;58;51;58;135;8,9;4,9;
2024/11/24;0400 UTC;0;968,1;968,3;968,1;;24;17,5;25,9;24;17,5;16,9;67;58;67;129;9,3;5,2;
2024/11/24;0500 UTC;0;968,2;968,3;968,1;;22,7;17,2;24;22,7;17,5;17,2;71;67;71;122;9,6;4,8;
2024/11/24;0600 UTC;0;968,3;968,3;968,2;;22,4;16,1;22,7;22,4;17,1;16;72;66;68;108;10,1;3,9;
2024/11/24;0700 UTC;0;968,6;968,6;968,2;;21;15,8;22,3;21;16,2;15,5;72;68;72;114;7,4;2,8;
2024/11/24;0800 UTC;0;969,2;969,2;968,6;;20,1;15,6;21;20,1;15,9;15,6;75;72;75;117;5,5;2,7;
2024/11/24;0900 UTC;0;969,7;969,7;969,2;23,2;20,3;15,5;20,5;20;15,6;15,5;76;73;74;127;6,9;3,6;
2024/11/24;1000 UTC;0;970,5;970,5;969,7;280,5;20,9;15,6;20,9;20,3;15,8;15,5;74;72;72;129;8,1;4,8;
2024/11/24;1100 UTC;0;970,8;970,8;970,5;1045,2;23,3;15,6;23,3;20,8;15,8;15,2;72;62;62;122;11,6;6,9;
2024/11/24;1200 UTC;0;971,3;971,3;970,7;2169,9;25,5;16,2;25,5;23;16,5;15,1;62;56;57;107;12,3;5,4;
2024/11/24;1300 UTC;0;971,3;971,4;971,2;3014,5;26,9;16,8;27,1;25,3;17,2;16;57;53;54;96;9,1;4,4;
2024/11/24;1400 UTC;0;970,9;971,3;970,9;3544,1;28,9;17,2;29,1;26,7;17,7;16,3;56;49;49;99;8,7;4,3;
2024/11/24;1500 UTC;0;970,3;970,9;970,3;3850,3;29,8;17,7;30,3;28,4;18;16,8;51;46;48;97;7,8;3,1;
2024/11/24;1600 UTC;0;969,6;970,4;969,6;3887,9;31,6;17,2;32,2;29,8;18,4;16,6;49;40;42;119;7,3;2,7;
2024/11/24;1700 UTC;0;968,8;969,6;968,7;3686,4;33;16,7;33,1;31,6;18;15,9;43;37;38;111;6,9;3,6;
2024/11/24;1800 UTC;0;968,1;968,8;968,1;3106,6;32,4;15,6;34,3;32,3;17,4;15,3;40;34;37;139;6,9;3,4;
2024/11/24;1900 UTC;0;967,4;968,1;967,4;2479,5;33,1;16,1;33,7;32,4;16,8;15,4;37;34;36;135;6,8;3,4;
2024/11/24;2000 UTC;0;967,3;967,4;967,3;1708,7;32,7;16,3;33,7;32,5;16,8;15,2;38;35;37;123;7,2;3,4;
2024/11/24;2100 UTC;0;967,3;967,3;967,3;928,1;31,8;15,8;33;31,8;16,9;15,4;39;35;38;117;6;3,4;
2024/11/24;2200 UTC;0;967,7;967,7;967,3;147,1;29,1;16,2;31,8;29,1;16,2;15,6;46;38;46;122;6;2,2;
2024/11/24;2300 UTC;0;968,2;968,2;967,7;;27,9;16;29,1;27,9;16,2;16;49;46;48;118;3,8;2,5;
2024/11/25;0000 UTC;0;968,6;968,6;968,2;;27,6;15,4;27,9;27,3;16;15,4;49;47;47;115;5,1;3;
2024/11/25;0100 UTC;0;969,4;969,4;968,6;;27;14,7;27,7;26,9;15,4;14,7;48;47;47;117;5,2;3,3;
2024/11/25;0200 UTC;0;969,7;969,7;969,4;;25,7;14,5;27,1;25,7;14,7;14,2;50;46;50;130;9,1;4,7;
2024/11/25;0300 UTC;0;969,8;969,9;969,6;;24,5;14,6;25,7;24,4;14,6;14,5;54;50;54;110;9,1;3,6;
2024/11/25;0400 UTC;0;969,4;969,9;969,4;;23,7;14,5;24,7;23,6;14,6;14,5;57;53;56;108;9,9;5;
2024/11/25;0500 UTC;0;969,1;969,5;969;;22,7;14,4;23,7;22,5;14,5;14,4;60;56;60;107;9;4,7;
2024/11/25;0600 UTC;0;968,9;969,1;968,8;;21,4;14,4;22,7;21,4;14,4;14,3;64;60;64;99;9,6;5,1;
2024/11/25;0700 UTC;0;969,1;969,1;968,9;;20,3;14,4;21,4;20,3;14,5;14,4;69;64;69;102;9,8;4,3;
2024/11/25;0800 UTC;0;969,6;969,6;969,1;;19,8;13,9;20,3;19,8;14,4;13,9;70;68;69;98;8,5;4,2;
2024/11/25;0900 UTC;0;969,9;969,9;969,6;30,1;19,5;14;19,8;19,4;14;13,8;71;69;71;107;6,7;3,3;
2024/11/25;1000 UTC;0;970,8;970,8;969,9;561,5;20,7;14,5;20,8;19,5;14,8;14;71;67;67;116;8,6;4,6;
2024/11/25;1100 UTC;0;971,3;971,3;970,8;1271,2;23,1;15;23,2;20,6;15,3;14,5;68;60;60;103;9,2;4,8;
2024/11/25;1200 UTC;0;971,5;971,6;971,2;2039,4;25,3;16;25,6;22,9;16,4;14,8;62;55;57;99;9,3;4,7;
2024/11/25;1300 UTC;0;971,6;971,7;971,5;3007,1;27,2;16,8;27,7;25;17,6;15,8;57;52;53;87;7,8;3,7;
2024/11/25;1400 UTC;0;971,2;971,6;971,2;3531,6;29,5;18,7;29,6;27,2;18,7;17;54;50;52;62;6,4;3,6;
2024/11/25;1500 UTC;0;970,3;971,2;970,3;3807,3;32;19,6;32;29;20,2;17,5;54;47;48;48;6,2;2,2;
2024/11/25;1600 UTC;0;969,7;970,3;969,7;3578,4;33;20;33;30,6;20,1;18,1;49;44;47;288;7,1;2;
2024/11/25;1700 UTC;0;969,3;969,7;969,3;3652,8;33,5;18,4;34,3;31,7;20;17,5;46;38;41;246;6,9;2,1;
2024/11/25;1800 UTC;0;968,3;969,3;968,3;3256,5;34,3;17,5;34,4;33;19;16,6;43;36;37;271;4,4;1,8;
2024/11/25;1900 UTC;0;967,4;968,3;967,4;2722,9;34;16,6;34,8;33,4;18,8;16,2;41;35;35;151;4,3;1,4;
2024/11/25;2000 UTC;0;966,8;967,4;966,8;1822,4;33,8;16,7;34,7;33,5;18,5;16,7;39;35;36;328;4,1;1,7;
2024/11/25;2100 UTC;0;966,6;966,8;966,6;945,2;32,9;17,3;33,9;32,8;18,2;16,4;41;36;40;309;3,8;1,4;
2024/11/25;2200 UTC;0;966,8;966,8;966,6;151;30,8;17,8;33;30,8;18,5;16,7;47;38;46;199;2,4;,5;
2024/11/25;2300 UTC;0;967,4;967,4;966,8;;27,2;19,6;30,8;27,1;20,3;17,6;63;45;63;237;2;,6;
2024/11/26;0000 UTC;0;967,7;967,7;967,4;;26,1;18,3;27,5;26;19,6;18,2;65;58;62;140;2;1,3;
2024/11/26;0100 UTC;0;968,3;968,3;967,7;;27,2;18,1;28,8;26,1;18,8;17,3;62;51;58;126;3;1,4;
2024/11/26;0200 UTC;0;968,3;968,4;968,3;;27,5;16,8;27,5;26,8;18,5;16,7;60;52;52;121;3,9;2,7;
2024/11/26;0300 UTC;0;968,2;968,5;968,2;;26,1;16,8;27,5;26,1;17,2;16,6;57;51;57;97;3,9;1,2;
2024/11/26;0400 UTC;0;967,8;968,2;967,8;;24,9;17,4;26,1;24,9;17,4;16,8;63;57;63;87;2,8;1,2;
2024/11/26;0500 UTC;0;967,8;967,9;967,7;;24,3;17,7;24,9;24,3;17,7;17,3;67;63;67;182;2,1;,6;
2024/11/26;0600 UTC;0;967,6;967,8;967,5;;21,9;18,3;24,3;21,9;18,5;17,4;80;67;80;128;1,5;,7;
2024/11/26;0700 UTC;0;967,6;967,6;967,5;;22,8;17,5;22,9;21,6;18,4;17,5;82;72;72;72;1,7;,8;
2024/11/26;0800 UTC;0;967,9;967,9;967,6;;22,8;17,5;23,4;22,7;17,6;17,3;73;69;72;117;2,6;1,2;
2024/11/26;0900 UTC;0;968,7;968,7;967,9;18,9;22,1;17,8;22,8;21,7;17,8;17,3;78;71;77;89;2,8;2;
2024/11/26;1000 UTC;0;969,5;969,5;968,7;529,6;25,2;19;25,2;22,1;19,1;17,8;77;68;68;77;4,6;2,9;
2024/11/26;1100 UTC;0;970;970;969,5;1329,8;27,7;19,9;27,7;25,2;20,1;18,9;69;62;63;45;7,3;4,5;
2024/11/26;1200 UTC;0;970,1;970,2;969,9;1928,4;29,6;20,3;29,6;27,7;20,6;19,5;63;57;57;18;9,9;6,1;
2024/11/26;1300 UTC;0;970,3;970,3;970;2958,9;31,5;19,3;31,8;29,6;21;18,8;58;48;49;14;11,2;6,3;
2024/11/26;1400 UTC;0;969,6;970,3;969,5;3543,9;33,2;19;33,3;31,3;20,1;18;50;42;43;20;10,4;6,2;
2024/11/26;1500 UTC;0;968,9;969,6;968,9;3276,7;32,7;18;34,2;32,5;19,8;17,4;44;39;42;358;10;5;
2024/11/26;1600 UTC;0;968,2;968,9;968,2;3292;35;18;35;32,5;19,3;16,8;44;36;37;21;9,2;3,9;
2024/11/26;1700 UTC;0;967,4;968,2;967,3;3655,2;35,6;17,6;36;34,3;18,8;16,4;39;34;35;18;8,8;4;
2024/11/26;1800 UTC;0;966,2;967,4;966,2;3288,1;35,9;17,2;36,4;34,1;18,5;16,1;39;32;33;349;8,8;3,1;
2024/11/26;1900 UTC;0;965,4;966,2;965,4;2554,9;35,5;17;36;34,9;18,1;16,4;36;32;34;333;7,3;1,9;
2024/11/26;2000 UTC;0;964,9;965,4;964,9;1223,7;34,7;17,8;36,1;33,3;18,4;16,5;40;31;37;17;4,7;1,5;
2024/11/26;2100 UTC;0;964,7;964,9;964,7;909,7;33,9;17,6;34,7;33,9;18;16,7;38;34;38;52;4,4;2;
2024/11/26;2200 UTC;0;965;965;964,7;152,5;31,3;17,1;33,9;31,3;17,9;16,8;43;36;43;83;3,7;1,2;
2024/11/26;2300 UTC;0;965,4;965,4;965;;29,1;17,7;31,3;29;18,1;17,1;52;43;50;88;2,7;2,1;
2024/11/27;0000 UTC;0;966;966;965,4;;28,4;17,3;29,3;28;17,7;17,3;53;49;51;71;3,6;2,5;
2024/11/27;0100 UTC;0;966,6;966,6;966;;27,2;17,1;28,5;27,2;17,3;17,1;54;51;54;73;3,7;2,1;
2024/11/27;0200 UTC;0;966,7;966,8;966,6;;26,6;16,5;27,2;26,6;17,1;16,5;55;53;54;68;3;1,7;
2024/11/27;0300 UTC;0;966,6;966,7;966,6;;25,8;16,3;26,7;25,8;16,6;16,2;56;53;56;114;2,8;1,4;
2024/11/27;0400 UTC;0;965,9;966,6;965,9;;24,8;16,6;25,8;24,3;16,7;16,3;62;56;60;81;3;2;
2024/11/27;0500 UTC;0;965,1;965,9;965,1;;24,1;16,4;24,8;24;16,7;16,2;63;59;62;69;3,9;2;
2024/11/27;0600 UTC;0;965;965,1;964,9;;24;16,3;24,4;23,5;16,5;16;65;60;62;79;3,4;1,7;
2024/11/27;0700 UTC;0;965,2;965,2;965;;23,7;16,5;24,1;23,7;16,5;16,2;64;61;64;80;2,7;1,9;
2024/11/27;0800 UTC;0;965,5;965,5;965,1;;23;16,5;23,8;23;16,7;16,4;67;63;67;68;3;1,2;
2024/11/27;0900 UTC;0;966,3;966,3;965,5;23,9;23;16,9;23,3;22,7;17;16,6;69;67;69;81;3,5;2,4;
2024/11/27;1000 UTC;0;967,5;967,5;966,3;496,8;26,2;19,1;26,2;23;19,1;17;69;65;65;36;4,5;2,5;
2024/11/27;1100 UTC;0;968,4;968,4;967,5;1348,8;28,6;20,9;28,6;26,2;20,9;19,2;66;62;63;28;4,6;2,9;
2024/11/27;1200 UTC;0;968,8;968,9;968,4;1850,9;30,5;21,8;30,5;28,6;21,9;20,5;63;59;60;354;6,2;3,1;
2024/11/27;1300 UTC;0;968,6;968,8;968,6;2921,3;31,8;21,3;32,1;30,4;22,2;20,6;61;51;54;310;6;3,6;
2024/11/27;1400 UTC;0;967,9;968,6;967,9;3294,6;33,7;20,7;33,9;31,9;21,7;20;54;45;46;351;8,5;5,1;
2024/11/27;1500 UTC;0;966,9;967,9;966,9;3810,6;35,4;20,7;35,6;33,6;21,4;19,8;48;42;43;5;9,7;4,7;
2024/11/27;1600 UTC;0;965,8;966,9;965,8;3637;35,7;19,9;36;34,5;20,9;18,8;43;37;40;340;9,2;4,8;
2024/11/27;1700 UTC;0;964,9;965,8;964,8;3647,7;36,6;19,2;36,7;34,8;20,4;16,7;41;32;36;3;8,6;3,7;
2024/11/27;1800 UTC;0;963,7;964,9;963,7;2667,1;35,4;18,1;37;34,6;19;16,5;40;30;36;340;7,7;3,5;
2024/11/27;1900 UTC;0;963;963,7;963;1730,3;35,4;18,5;35,9;34,5;20,5;18,4;44;36;37;349;7,3;2,9;
2024/11/27;2000 UTC;0;963,4;963,5;962,9;1461,5;34,6;18,9;36;34,6;20;17,7;42;35;40;348;7,2;4,3;
2024/11/27;2100 UTC;0;963,4;963,5;963,2;801,2;31,4;20,9;34,6;31;21,3;19,2;55;40;54;329;13,8;4,9;
2024/11/27;2200 UTC;0;963,2;963,5;963,1;119,7;29,7;19,4;31,4;29,7;20,7;19,3;55;52;54;317;8,8;1,7;
2024/11/27;2300 UTC;0;964,1;964,1;963,2;;27,8;20,1;29,7;27,8;20,3;19,3;63;54;63;285;2,9;1,3;
2024/11/28;0000 UTC;0;965;965;964,1;;26,8;20,7;27,9;26,1;20,9;20,1;73;63;69;23;3,9;2,8;
2024/11/28;0100 UTC;0;965,5;965,5;964,9;;26;20,9;26,8;26;21;20,7;73;69;73;79;3,9;,7;
2024/11/28;0200 UTC;0;966,1;966,2;965,5;;25,6;21,1;26,1;25,1;21,2;20,9;78;73;76;82;2,4;1,2;
2024/11/28;0300 UTC;0;965,4;966,1;965,4;;25,2;21,1;25,6;25,2;21,1;21,1;78;76;78;85;2,5;1,5;
2024/11/28;0400 UTC;0;965,1;965,4;965,1;;24,7;21,3;25,2;24;21,6;20,8;87;78;81;51;2;,8;
2024/11/28;0500 UTC;0;964,4;965,1;964,4;;24,5;21,3;24,9;24,2;21,4;21,1;84;80;82;85;2;1,6;
2024/11/28;0600 UTC;0;964;964,4;964;;23,8;21,8;24,5;23,8;22;21,3;89;82;88;99;2,2;1,2;
2024/11/28;0700 UTC;0;963,9;964,2;963,9;;23,7;23,6;23,8;23,4;23,6;21,8;100;88;99;79;1,8;1,3;
2024/11/28;0800 UTC;0;964,1;964,2;963,9;;23,4;23,4;23,7;22,4;23,6;22,4;100;98;100;70;1,8;,5;
2024/11/28;0900 UTC;0;964,8;964,8;964,1;30,3;23,8;23,8;23,8;23,1;23,8;23,1;100;100;100;13;3,3;2,1;
2024/11/28;1000 UTC;0;965,4;965,4;964,8;513;25,7;23,2;25,7;23,8;24,7;23,1;100;86;86;16;4,6;2,5;
2024/11/28;1100 UTC;0;966,2;966,2;965,4;1300,6;28,3;21,2;28,5;25,7;23;20,9;86;64;65;349;6,1;3,5;
2024/11/28;1200 UTC;0;966,6;966,6;966,2;1551,6;29,4;22,4;30,5;28,3;22,5;21,1;66;60;66;350;8,5;3,8;
2024/11/28;1300 UTC;0;966,6;966,7;966,5;2337,5;32;22,2;32,6;29,4;23,2;21,8;66;56;56;331;7,4;4,8;
2024/11/28;1400 UTC;0;965,8;966,6;965,8;2714,6;33,8;22,4;33,9;31,1;23,2;21,9;60;51;51;332;8,5;4,7;
2024/11/28;1500 UTC;0;964,6;965,8;964,6;3645,9;33,6;21,6;34,9;33,3;22,9;21,1;52;46;50;305;10,6;5,4;
2024/11/28;1600 UTC;0;963,8;964,6;963,8;2623,9;34,6;22,2;35,2;33;22,6;20,8;52;45;49;313;12,5;4,3;
2024/11/28;1700 UTC;0;963;963,8;963;2674,2;34,2;21,4;35,8;34,1;22,1;20;49;41;48;321;10,5;4,9;
2024/11/28;1800 UTC;0;962,5;963;962,2;2905,4;36,5;20,4;36,9;34,1;21,6;19,2;48;37;39;324;10,8;5,2;
2024/11/28;1900 UTC;0;962,3;962,6;962,1;1779,6;35,5;19,7;36,4;34,6;21,4;19,3;44;39;40;320;10;4,9;
2024/11/28;2000 UTC;0;962,7;962,7;962,1;1256,7;34,2;19,7;35,8;34,2;20,5;19,1;44;39;42;321;8,3;4,7;
2024/11/28;2100 UTC;0;962,9;963;962,5;256,1;31;21,8;34,2;30,8;21,8;19,3;58;42;58;164;7,1;3,3;
2024/11/28;2200 UTC;0;964,2;964,2;962,8;86,2;27,1;21,2;31;27,1;22,3;21,2;70;58;70;95;11,2;6,1;
2024/11/28;2300 UTC;12,2;966,6;966,6;963,9;;23,3;;27,1;23;24,7;21,2;100;70;;39;10,3;4,9;
2024/11/29;0000 UTC;18,6;966,2;968;966,1;;22,9;;23,5;22,3;;;;;;79;9,6;3,9;
2024/11/29;0100 UTC;,2;967,1;967,1;966,2;;23,8;23,2;23,8;22,9;;;;;96;70;5,7;1,9;
2024/11/29;0200 UTC;0;967,2;967,4;967,1;1,7;24,2;24,2;24,2;23,8;24,2;23,3;100;88;100;103;3,4;2,2;
2024/11/29;0300 UTC;0;966,9;967,3;966,8;;23,9;23,9;24,2;23,9;;;100;88;100;113;5,8;3,2;
2024/11/29;0400 UTC;0;966,3;966,9;966,3;,2;23,8;23,8;23,9;23,8;23,9;19,5;100;68;100;102;5,4;2,6;
2024/11/29;0500 UTC;27,4;966,9;968,2;966,2;,2;22,5;;23,8;22,5;;;;;;182;10,2;5,5;
2024/11/29;0600 UTC;0;965,9;967,2;965,9;;22,5;;22,9;22,5;;;;;;105;8,9;2,5;
2024/11/29;0700 UTC;0;966,6;966,6;965,9;;22,6;;22,7;22,5;;;;;;84;5,6;2,2;
2024/11/29;0800 UTC;,2;966,6;966,8;966,4;;22,6;;22,7;22,6;;;;;;70;5,9;2,4;
2024/11/29;0900 UTC;0;966,6;966,7;966,2;5,9;22,8;;22,8;22,6;;;;;;41;5,3;3;
2024/11/29;1000 UTC;0;967,6;967,6;966,6;154,8;23,4;;23,4;22,8;;;;;;26;6,8;3,9;
2024/11/29;1100 UTC;0;968;968;967,6;399,1;23,9;;23,9;23,4;;;;;;29;7,9;3,7;
2024/11/29;1200 UTC;0;969,9;969,9;968;180,5;23,9;23,9;24;23,9;;;100;89;100;138;6,7;2,7;
2024/11/29;1300 UTC;20,4;969,5;970,2;969,3;46,7;21;21;23,9;21;;;;;100;72;11,5;2,6;
2024/11/29;1400 UTC;0;969,5;969,7;969,3;354,2;21,5;;21,5;21;21,4;-,6;100;22;;59;5,9;3;
2024/11/29;1500 UTC;6,8;968,9;969,6;968,9;493,4;21,1;;21,9;21,1;;;;;;22;6,1;3,2;
2024/11/29;1600 UTC;2,2;968,3;968,9;968,3;1665,7;24,3;23,4;24,6;21,1;24,2;22;100;87;94;65;7,7;5;
2024/11/29;1700 UTC;0;966,9;968,4;966,9;2165,9;25,1;22,2;25,1;23,9;24,6;21,8;100;84;84;59;10,3;5,8;
2024/11/29;1800 UTC;0;966,2;967;966,2;2259,1;26,4;22,3;26,4;24,9;23,4;21,9;87;79;79;72;10,3;4,2;
2024/11/29;1900 UTC;0;966,6;966,7;966,1;906,8;26,1;22,4;26,4;26;23,3;21,9;85;77;80;61;6,6;2,3;
2024/11/29;2000 UTC;0;967,1;967,3;966,5;169,4;25,8;23,4;26,1;25,7;24;22,3;90;80;87;107;4,3;,9;
2024/11/29;2100 UTC;0;966,8;967,6;966,8;79,4;25,2;25;25,8;25,2;25,3;23,4;100;87;99;341;2,6;1,5;
2024/11/29;2200 UTC;0;966,2;966,8;965,9;16,8;24,6;24,6;25,3;24,6;25,3;24,6;100;98;100;14;3,3;,7;
2024/11/29;2300 UTC;0;967;967;964,9;;24,5;24,5;24,6;24,3;24,6;24,3;100;100;100;119;6,1;3,8;
2024/11/30;0000 UTC;0;967,8;968,8;967;;24,3;24,3;24,7;24,3;24,7;24,3;100;100;100;319;6,1;2,7;
2024/11/30;0100 UTC;0;967,9;968,1;967,7;;24,2;24,2;24,3;24,1;;;100;88;100;31;5,4;3,1;
2024/11/30;0200 UTC;0;968,2;968,4;967,9;;23,9;;24,4;23,9;;;;;;50;5;3;
2024/11/30;0300 UTC;0;968;968,3;968;;23,7;;24;23,7;;;;;;26;4,8;1,8;
2024/11/30;0400 UTC;0;967,8;968;967,8;;23,4;;23,7;23,4;;;;;;9;3,2;1,8;
2024/11/30;0500 UTC;0;966,9;967,8;966,9;;23,2;;23,4;23,2;;;;;;350;3;,9;
2024/11/30;0600 UTC;0;966,3;966,9;966,3;;22,8;;23,2;22,8;;;;;;106;1,7;1,3;
2024/11/30;0700 UTC;0;966,1;966,3;966;;22,8;;22,9;22,7;;;;;;124;2,6;1,2;
2024/11/30;0800 UTC;0;966,7;966,7;966,1;;22,8;;22,9;22,8;;;;;;137;2,5;1,5;
2024/11/30;0900 UTC;0;967,5;967,5;966,7;20,2;22,9;;23;22,6;;;;;;127;3;2;
2024/11/30;1000 UTC;0;968,4;968,4;967,5;371,4;24,3;24,3;24,3;22,9;;;;;100;90;3;1,4;
2024/11/30;1100 UTC;0;968,9;968,9;968,4;1206,8;25,8;25,7;25,8;24,3;25,7;24,3;100;93;99;80;4;2,7;
2024/11/30;1200 UTC;0;969,3;969,3;968,9;1706,4;26,8;23;26,8;25,8;25;22,6;99;78;80;32;4,9;2,8;
2024/11/30;1300 UTC;0;969,3;969,5;969,2;2822,5;28,4;22,8;28,5;26,7;24;22,5;81;71;72;44;5,5;2,7;
2024/11/30;1400 UTC;0;968,8;969,3;968,8;3439;29,7;23,2;30;28,3;24,1;22,6;75;67;68;61;5,5;2,9;
2024/11/30;1500 UTC;0;968,5;968,8;968,5;3582,1;30,8;23,6;31,4;29,7;24,3;22,6;71;61;65;42;5,6;1,6;
2024/11/30;1600 UTC;0;968;968,5;968;2846,9;32,3;23,8;32,3;30,5;24,2;21,9;67;57;61;36;5;1,5;
2024/11/30;1700 UTC;0;967,1;968;967,1;3033,8;32;22,5;33;31,5;24,4;22,1;63;55;57;1;4,8;2,9;
2024/11/30;1800 UTC;0;966,4;967,1;966,4;1840,5;32,2;22;32,7;31,7;23,7;21,9;61;55;55;355;4,6;1,2;
2024/11/30;1900 UTC;0;965,7;966,4;965,7;1722,9;32,7;22,7;32,9;31,9;23,4;21,9;60;53;56;210;3;1,5;
2024/11/30;2000 UTC;0;965;965,7;965;1270,1;32,3;22,5;32,8;32,1;23,1;22;58;54;56;247;4;1;
2024/11/30;2100 UTC;0;964,8;965;964,8;586,4;31,5;22,5;32,4;31,5;23,3;22;61;55;59;202;2,5;1,4;
2024/11/30;2200 UTC;0;965;965;964,7;125,8;30;23,1;31,5;30;23,5;22,5;67;59;67;151;2,6;1,8;
2024/11/30;2300 UTC;0;965,7;965,7;965;;29,1;23,2;30;29,1;23,4;22,9;71;66;71;137;3,1;1,8;
2024/12/01;0000 UTC;0;966,1;966,2;965,7;;28,4;23,4;29,1;28,4;23,6;23,2;75;70;75;130;2,3;1,6;
2024/12/01;0100 UTC;0;966,5;966,5;966,1;;27,5;23,9;28,4;27,5;24;23,4;81;75;81;130;6,4;3,3;
2024/12/01;0200 UTC;0;966,9;967;966,5;;26,8;23,5;27,6;26,8;23,9;23,5;82;80;82;128;6,4;3,1;
2024/12/01;0300 UTC;0;966,5;966,9;966,5;;26,2;23,9;26,9;26,2;23,9;23,2;87;81;87;64;4,7;1,4;
2024/12/01;0400 UTC;0;966;966,5;966;;25,9;25;26,2;25,8;25,9;23,8;100;87;95;100;3,4;1,6;
2024/12/01;0500 UTC;0;966;966,2;965,9;;25,9;23,9;26;25,7;25,3;23,9;97;89;89;110;3,8;2,5;
2024/12/01;0600 UTC;0;966,2;966,3;966;;25,1;24,9;25,9;25,1;24,9;23,5;99;87;99;82;4,6;2,4;
2024/12/01;0700 UTC;0;966,2;966,2;966,1;;24,8;24,8;25,2;24,8;25;24,2;100;94;100;102;3,9;2;
2024/12/01;0800 UTC;0;966,5;966,5;966;;24,5;24,5;24,8;24,4;24,8;24,4;100;100;100;87;3,5;2,3;
2024/12/01;0900 UTC;0;966,9;966,9;966,5;21,9;24,5;24,5;24,5;24,4;24,5;24,4;100;100;100;86;6,7;4,1;
2024/12/01;1000 UTC;0;967,6;967,6;966,9;358,2;25,2;22,9;25,4;24,5;24,6;22,7;100;86;87;87;7,7;4;
2024/12/01;1100 UTC;0;968,1;968,2;967,6;1101,7;26,7;22,2;26,7;25,1;22,9;21,9;88;76;77;86;8,6;5,3;
2024/12/01;1200 UTC;0;968,3;968,5;968,1;1761;28,1;22;28,3;26,6;22,5;21,3;77;68;70;84;11,4;5,2;
2024/12/01;1300 UTC;0;968;968,4;968;2909,9;30;22,8;30,4;28;23,5;21,8;71;64;65;70;9,7;4,9;
2024/12/01;1400 UTC;0;967,1;968;967,1;3245,5;31,1;22,9;31,9;30;24,2;22,6;67;61;62;46;8,2;3,6;
2024/12/01;1500 UTC;0;966,4;967,1;966,4;2929,6;32,7;23,7;33;31,1;24,8;22,3;65;59;59;26;8;3,7;
2024/12/01;1600 UTC;0;965,5;966,4;965,5;2909,6;32,6;23,2;33,2;31,8;24;22,1;61;54;58;39;6,6;2,5;
2024/12/01;1700 UTC;0;964,6;965,5;964,6;3125,8;33,5;22,9;34,1;32,6;24,1;22,3;58;53;54;12;7,6;4,9;
2024/12/01;1800 UTC;0;963,7;964,6;963,7;2971,2;33,6;22,6;34,5;32,7;24,4;22,2;59;51;53;7;8,2;4,4;
2024/12/01;1900 UTC;0;963;963,7;963;2085,8;33,7;22;33,9;32,5;23,4;21,8;58;50;50;22;10;4,8;
2024/12/01;2000 UTC;0;962,6;963;962,6;1670,8;32,4;22;33,9;32,4;22,8;20,6;54;47;54;10;8,4;3,6;
2024/12/01;2100 UTC;0;962,5;962,7;962,5;851,6;32;22,3;33,1;32;22,6;21,7;57;52;57;7;6,5;3,3;
2024/12/01;2200 UTC;0;962,9;962,9;962,5;193,4;29,5;21,6;32;29,5;22,3;21,5;63;56;63;23;5,4;2,8;
2024/12/01;2300 UTC;0;963,1;963,2;962,9;;28,2;22,5;29,5;28,2;22,7;21,6;72;63;71;46;3,9;1,7;
2024/12/02;0000 UTC;0;963,3;963,3;963;;27;22,7;28,2;27;22,8;22,2;78;70;77;43;2,6;1,7;
2024/12/02;0100 UTC;0;962,8;963,3;962,8;;27,1;22,5;27,5;27;22,8;22,4;78;74;76;29;4,1;2,9;
2024/12/02;0200 UTC;0;962,8;962,9;962,6;;26,9;22;27,6;26,6;22,5;22;76;74;75;13;5,4;3,3;
2024/12/02;0300 UTC;0;963,3;963,3;962,7;;26,4;22,3;27,1;26,4;22,4;21,9;79;74;79;72;5,8;1,1;
2024/12/02;0400 UTC;0;963,7;963,8;963,3;;26,1;22,9;26,4;26;23,1;22,3;84;78;82;38;2,9;,9;
2024/12/02;0500 UTC;0;964,2;964,2;963,7;;25,2;25,2;26,1;25;25,7;23;100;82;100;332;1,7;,7;
2024/12/02;0600 UTC;0;964,4;964,5;964,2;;25,8;25,4;25,8;25,2;25,7;25,2;100;98;98;239;1,6;,3;
2024/12/02;0700 UTC;0;964,2;964,4;964,1;;25,4;25,4;25,8;25;25,7;22,8;100;87;100;325;1,7;,7;
2024/12/02;0800 UTC;0;964,4;964,4;964,2;;25,2;25,2;25,6;25,2;25,6;25,2;100;98;100;42;1,6;,9;
2024/12/02;0900 UTC;0;964,6;964,6;964,1;13,4;24,8;24,8;25,3;24,6;25,2;24,6;100;96;100;44;3,3;1,9;
2024/12/02;1000 UTC;0;965,4;965,4;964,6;203,6;25,5;25,4;25,5;24,8;25,5;24,1;100;92;99;43;3,8;1,7;
2024/12/02;1100 UTC;0;966,1;966,1;965,4;486,3;26,4;23,3;26,5;25,5;25,6;22,9;100;81;83;13;5;2,2;
2024/12/02;1200 UTC;0;966,2;966,3;966,1;911,4;27,5;23,2;27,5;26,4;23,7;22,8;84;77;77;349;7,3;4;
2024/12/02;1300 UTC;0;966,1;966,4;966;1548,6;28,2;22,9;28,5;27,3;23,8;22,8;79;72;73;340;7,2;4,7;
2024/12/02;1400 UTC;0;965,5;966,1;965,5;2594,8;29,9;23,3;30,1;28,1;23,9;22,6;76;65;68;322;8,2;4,8;
2024/12/02;1500 UTC;0;964;965,5;964;2100,8;28,5;23,1;31;28,4;24,3;22,7;74;64;72;26;9,4;5,1;
2024/12/02;1600 UTC;5,4;963,6;964,7;963,6;691,7;25,2;25,2;29;22,9;25,2;20,3;100;72;100;29;18,6;2,2;
2024/12/02;1700 UTC;13;964,1;964,3;963,1;309;22,7;;26;22,7;26;23,3;100;93;;242;15,7;8,2;
2024/12/02;1800 UTC;8,8;963;965;963;52,5;23,1;;23,1;22,5;;;;;;237;15,7;,8;
2024/12/02;1900 UTC;,2;962,8;963;962,6;250,3;23,8;;23,8;23,1;;;;;;77;3,6;2,5;
2024/12/02;2000 UTC;22,4;963,8;963,8;962,4;334;22,9;;24,2;22,9;;;;;;329;11,3;4,3;
2024/12/02;2100 UTC;8,2;963;963,7;963;12,5;22,3;22,3;22,9;22,2;22,6;21,2;100;50;100;307;11,3;2,7;
2024/12/02;2200 UTC;2,4;963,8;963,8;962,9;2,8;22,6;;22,7;22,3;22,7;9,9;100;43;;336;4,7;2;
2024/12/02;2300 UTC;1,8;964,2;964,3;963,8;;22,7;;22,8;22,6;;;;;;298;3,5;1,2;
2024/12/03;0000 UTC;,2;964,9;964,9;964,2;;22,8;;22,8;22,6;;;;;;337;2,9;1,2;
2024/12/03;0100 UTC;0;965,3;965,3;964,9;;22,7;;22,8;22,6;;;;;;51;2,2;,3;
2024/12/03;0200 UTC;0;965,6;965,6;965,3;;22,8;;22,8;22,7;;;;;;34;1,3;,7;
2024/12/03;0300 UTC;0;965,5;965,7;965,5;;22,8;;22,9;22,8;;;;;;8;4,1;2,6;
2024/12/03;0400 UTC;0;965;965,5;965;;22,8;;22,9;22,8;;;;;;10;5,1;2,4;
2024/12/03;0500 UTC;0;965,1;965,1;964,5;,4;23;;23;22,8;;;;;;338;5;2,6;
2024/12/03;0600 UTC;12,8;965,2;965,5;964,7;;22,8;;23;22,8;;;;;;291;5,2;1,7;
2024/12/03;0700 UTC;8,6;965,1;965,2;964,8;,1;22,2;;22,8;22,2;;;;;;306;6,1;2,4;
2024/12/03;0800 UTC;3,2;965,1;965,2;964,9;;22,5;;22,6;22,2;;;;;;302;6;3,4;
2024/12/03;0900 UTC;,4;965,7;965,7;965,1;4,7;22,4;;22,6;22,4;;;;;;305;6,7;3,3;
2024/12/03;1000 UTC;0;966,4;966,4;965,7;128;22,6;;22,6;22,4;;;;;;2;5,8;1,5;
2024/12/03;1100 UTC;,2;967;967;966,4;394,1;23,2;23,2;23,2;22,6;;;;;100;352;4,2;2,4;
2024/12/03;1200 UTC;0;967,8;967,8;967,1;1044,2;24,3;24,3;24,4;23,2;24,4;23,2;100;97;100;281;5,9;2,6;
2024/12/03;1300 UTC;0;967,6;967,9;967,6;1456,8;25,9;24,4;25,9;24,1;25,7;24,1;100;91;92;316;5,7;2,8;
2024/12/03;1400 UTC;0;967,5;967,7;967,5;2013,9;26,2;24,1;26,5;25,4;25,1;23,3;97;83;88;288;7,7;4,1;
2024/12/03;1500 UTC;0;967;967,5;967;2837,8;28,2;23,2;28,3;26,3;24,7;22,9;90;74;74;311;7,7;3,6;
2024/12/03;1600 UTC;0;966,3;967;966,3;2382;27,9;23;28,4;27,4;24,1;22,3;79;72;75;323;7,3;4,5;
2024/12/03;1700 UTC;0;965,5;966,3;965,5;2470,5;28,6;23,8;28,6;27,3;24,6;22,7;83;73;75;298;6,8;3,3;
2024/12/03;1800 UTC;0;964,6;965,5;964,6;2980,9;30,2;23,1;30,3;28,1;24,4;22,5;78;64;66;291;7,5;3,3;
2024/12/03;1900 UTC;0;963,9;964,6;963,8;1857;29,2;23,1;30,4;28,7;23,9;22,4;73;63;70;242;6,1;2,1;
2024/12/03;2000 UTC;0;963,2;963,9;963,2;713,3;28;23,5;29,4;27,2;23,8;22,4;81;67;76;158;5,7;2,6;
2024/12/03;2100 UTC;0;963,4;963,4;963,1;487,8;25,7;25,2;28,6;25,2;25,6;22,6;100;72;97;334;7,5;1,3;
2024/12/03;2200 UTC;0;964,1;964,1;963,4;142,3;25,2;25,2;26,2;25,1;25,6;23,8;100;87;100;52;3;,9;
2024/12/03;2300 UTC;0;964,7;964,7;964,1;;25,2;25,2;25,4;25,2;25,4;25,2;100;100;100;12;2,7;1,4;
2024/12/04;0000 UTC;0;966,2;966,2;964,8;;25;25;25,2;25;25,2;25;100;100;100;275;7,9;2,3;
2024/12/04;0100 UTC;,2;966,6;966,6;966,1;;23,4;;25;23,4;24,9;21,7;100;86;;277;7,9;1,8;
2024/12/04;0200 UTC;3;967;967,1;966,6;;23,2;;23,4;23,2;;;;;;230;4,7;,7;
2024/12/04;0300 UTC;2,6;966,9;967,1;966,8;;23,2;;23,3;23,2;;;;;;212;3,3;,7;
2024/12/04;0400 UTC;2;966,5;966,9;966,4;;23,2;;23,2;23,1;;;;;;133;1,6;,7;
2024/12/04;0500 UTC;2,2;966,1;966,5;966;;23;;23,3;23;;;;;;71;2,9;1;
2024/12/04;0600 UTC;0;966,1;966,2;966,1;;22,8;;23;22,8;;;;;;96;3,3;2,2;
2024/12/04;0700 UTC;,2;966,1;966,1;965,9;;22,6;;22,8;22,6;;;;;;75;3,3;1,3;
2024/12/04;0800 UTC;,2;966,6;966,7;966,1;;22,5;;22,6;22,5;;;;;;71;3,5;2;
2024/12/04;0900 UTC;0;967;967;966,6;5;22,5;;22,6;22,5;;;;;;50;4,3;2;
2024/12/04;1000 UTC;0;967,6;967,6;967;120;22,7;;22,7;22,5;;;;;;69;4,2;1,9;
2024/12/04;1100 UTC;0;968,2;968,2;967,6;368,3;23,4;23,4;23,4;22,7;;;;;100;85;3,6;1,9;
2024/12/04;1200 UTC;0;968,5;968,5;968,2;562,3;24,2;24,2;24,2;23,3;24,2;22,6;100;94;100;56;4,2;2,2;
2024/12/04;1300 UTC;0;968,5;968,5;968,4;1108,8;24,4;24,4;25,1;24,2;24,9;22,1;100;86;100;48;4,4;2,1;
2024/12/04;1400 UTC;0;968,2;968,5;968,2;1111,3;24,6;24,6;24,6;23,7;;;100;81;100;84;5,4;2,6;
2024/12/04;1500 UTC;0;967,6;968,2;967,6;2013,7;26,1;22,7;26,3;24,5;25,5;22,5;100;81;82;42;5,4;2,3;
2024/12/04;1600 UTC;0;966,9;967,6;966,9;1879,8;27;22;27,5;26;23,3;21,6;85;74;74;66;4,2;2,4;
2024/12/04;1700 UTC;,2;966,1;966,9;966,1;1864,1;27,9;22,8;27,9;26,7;23,7;21,7;85;73;74;329;3,7;1,3;
2024/12/04;1800 UTC;0;965,3;966,1;965,3;1957,3;26,8;23,4;28,7;26,7;24,5;22,5;87;73;81;199;5,6;2,6;
2024/12/04;1900 UTC;0;964,8;965,3;964,8;2407,4;27,6;22,5;28,6;26,8;24,7;22,5;84;74;74;137;6,2;2,9;
2024/12/04;2000 UTC;0;964,6;964,9;964,6;940,6;27,3;22,6;27,7;27,3;23,6;22,4;80;74;75;121;5,5;3,2;
2024/12/04;2100 UTC;0;964,4;964,6;964,4;338,1;26,8;22,9;27,4;26,8;23,2;22,3;81;75;79;99;5,5;2,5;
2024/12/04;2200 UTC;0;965,1;965,1;964,4;300,5;26;26;27,2;26;26;22,4;100;75;100;75;4,8;1,6;
2024/12/04;2300 UTC;0;965,7;965,7;965,1;;25;25,1;26;25;25,9;25;100;98;100;102;3,5;1,5;
2024/12/05;0000 UTC;0;966,1;966,2;965,7;;25,1;23,2;25,5;24,9;25;23;100;86;89;102;6;3,5;
2024/12/05;0100 UTC;0;967,1;967,1;966,1;;24,5;23,5;25,1;24,4;24;23,1;97;89;94;114;5,6;2,2;
2024/12/05;0200 UTC;0;967,4;967,4;966,9;;24,2;22,1;24,6;24,1;23,4;22,1;95;88;88;112;7,2;3,6;
2024/12/05;0300 UTC;0;966,8;967,5;966,7;;23,5;22,6;24,2;23,5;22,6;21,4;95;84;95;96;7,9;4,7;
2024/12/05;0400 UTC;0;966,7;966,8;966,6;;22,7;22,7;23,5;22,7;23,2;22,7;100;95;100;98;7,3;2,4;
2024/12/05;0500 UTC;0;966,2;966,7;966;;22,3;22,3;22,7;22,3;22,7;22,3;100;100;100;94;8,8;3,1;
2024/12/05;0600 UTC;0;966,2;966,3;966,1;;21,8;21,8;22,4;21,8;22,3;21,5;100;96;100;104;6,6;2,8;
2024/12/05;0700 UTC;0;966,5;966,5;966,2;;21,4;21,4;21,8;21,4;21,8;21,4;100;99;100;113;8,4;3,1;
2024/12/05;0800 UTC;0;966,8;966,8;966,4;;21;21;21,4;21;21,4;21;100;100;100;114;5,4;2,3;
2024/12/05;0900 UTC;0;967,6;967,6;966,8;19,3;21,2;20,6;21,2;20,9;21;20,5;100;96;96;116;4,5;1,6;
2024/12/05;1000 UTC;0;967,8;967,8;967,6;164,9;21,7;20,4;21,7;21,2;20,9;20,2;98;92;93;116;5,3;2,6;
2024/12/05;1100 UTC;0;967,9;967,9;967,8;867,6;23,1;20;23,1;21,6;20,7;19,4;94;82;83;108;6,3;3,6;
2024/12/05;1200 UTC;0;968;968;967,8;1446,2;25,3;21,1;25,3;22,7;21,1;19,6;87;76;78;88;7;3,8;
2024/12/05;1300 UTC;0;968,4;968,4;968;2653,3;25,8;21,6;25,9;24,8;21,8;20,4;81;75;78;84;6,9;3,4;
2024/12/05;1400 UTC;0;968,1;968,4;968,1;3228,1;27,5;21,8;27,7;25,8;22,8;21;80;71;71;53;6,5;3,2;
2024/12/05;1500 UTC;0;967,7;968,1;967,7;3046,2;27,9;22;28,5;27,3;23,4;21,5;75;68;71;44;6,3;2,6;
2024/12/05;1600 UTC;0;966,7;967,7;966,7;2952;29,1;21,9;29,6;27,6;23,9;21,6;75;65;65;349;5,1;1,1;
2024/12/05;1700 UTC;0;965,7;966,7;965,7;2547,6;29,4;21,6;30,5;28,5;23,8;21,5;71;61;63;33;4,4;2,2;
2024/12/05;1800 UTC;0;965;965,7;965;2001,8;30,1;21,9;31,4;29,1;23,7;21,6;68;58;62;220;4,1;,9;
2024/12/05;1900 UTC;0;964,1;965;964,1;2644,4;30,9;22,1;32,3;30,1;23,5;21,5;66;56;59;125;4,6;,9;
2024/12/05;2000 UTC;0;963,8;964,1;963,7;555,8;29,5;23,3;31,1;29,4;23,6;22,2;71;59;69;45;2,9;1;
2024/12/05;2100 UTC;0;964,4;964,4;963,8;71,9;27;23,5;29,5;26,9;23,6;22,5;82;68;81;141;7,1;1,1;
2024/12/05;2200 UTC;6,8;965,1;965,1;964,3;11,5;24,7;;27,3;24,3;;;;;;167;7,6;1,8;
2024/12/05;2300 UTC;0;965,8;965,8;965,1;,7;25,1;25,1;25,3;24,7;;;;;100;102;3,7;1,5;
2024/12/06;0000 UTC;0;966,7;966,7;965,8;,5;24,9;;25,2;24,9;25,2;19,7;100;72;;3;2,8;,9;
2024/12/06;0100 UTC;0;966,7;966,9;966,6;;24,4;;24,9;24,4;;;;;;67;3,2;,7;
2024/12/06;0200 UTC;0;967;967;966,7;;24,5;;24,5;24,1;;;;;;53;3,2;2;
2024/12/06;0300 UTC;,2;967;967,1;966,9;;24,1;;24,5;24,1;;;;;;349;5,7;3;
2024/12/06;0400 UTC;3,2;966,9;967;966,9;1,3;22,7;;24,1;22,7;;;;;;323;7,9;3,3;
2024/12/06;0500 UTC;6;966,6;967;966,6;;22,6;;22,7;22,5;;;;;;298;6,1;1,7;
2024/12/06;0600 UTC;0;966,3;966,6;966,3;;22,6;;22,7;22,6;;;;;;304;3,2;,9;
2024/12/06;0700 UTC;0;966,3;966,4;966,1;;22,6;;22,6;22,3;;;;;;57;1,9;,7;
2024/12/06;0800 UTC;0;966,5;966,5;966,3;;22,7;;22,7;22,5;;;;;;96;2,4;1,6;
2024/12/06;0900 UTC;0;967,2;967,2;966,5;19,5;22,6;;22,8;22,6;;;;;;45;5,2;3,2;
2024/12/06;1000 UTC;0;968;968;967,2;219,8;23;;23;22,6;;;;;;61;5,2;1,8;
2024/12/06;1100 UTC;0;968,6;968,6;968;722,3;24,4;24,4;24,4;23;;;;;100;51;4,8;2,3;
2024/12/06;1200 UTC;0;968,6;968,6;968,5;1145;25,5;25,2;25,6;24,4;25,5;24,4;100;94;98;56;5,6;2,7;
2024/12/06;1300 UTC;0;968,3;968,6;968,3;1379,9;26,9;23,6;27;25,5;25,8;23,6;100;82;82;44;6,2;3,3;
2024/12/06;1400 UTC;0;967,9;968,4;967,9;1815,5;28,4;23,3;28,5;26,8;25;22,7;89;73;74;16;6,9;4,2;
2024/12/06;1500 UTC;0;967,7;967,9;967,7;2148,2;29,5;22,6;29,8;28,4;23,9;22,2;76;65;66;20;8;4,2;
2024/12/06;1600 UTC;0;967;967,7;967;2793,9;30,9;22,8;31,2;29,5;24,2;22,1;70;60;62;360;8,2;5;
2024/12/06;1700 UTC;0;966,2;967;966,2;3633,9;31,7;23,7;31,7;30,6;24;22,2;65;59;63;9;8,7;3,8;
2024/12/06;1800 UTC;0;965,7;966,2;965,7;2927,9;32;23;32,5;30,9;24,3;22,2;64;58;59;354;8,3;5;
2024/12/06;1900 UTC;0;964,7;965,7;964,7;2658,6;31,7;22,1;32,8;31,5;23,8;22;61;56;57;8;8,3;5,6;
2024/12/06;2000 UTC;0;964,3;964,7;964,3;1216,2;30,8;22,9;31,6;30,8;22,9;21,5;63;56;63;6;8,3;3;
2024/12/06;2100 UTC;0;964,3;964,3;964,2;762,8;30,8;23,1;31,4;30,8;23,2;21,9;64;57;64;19;5,9;1,9;
2024/12/06;2200 UTC;0;964,9;964,9;964,3;127,8;29,2;23,3;30,8;29,2;23,5;22,5;71;62;71;38;3,7;2;
2024/12/06;2300 UTC;0;965,6;965,6;964,9;;28,4;23,3;29,2;28,2;23,7;23,1;76;70;74;65;2,8;1,1;
2024/12/07;0000 UTC;0;966;966;965,6;;27,8;23,7;28,4;27,7;23,9;23,4;80;74;79;72;1,9;1,2;
2024/12/07;0100 UTC;0;966,6;966,6;966;;27,9;23,3;28,1;27,7;23,9;23,1;79;74;76;74;2,1;1,1;
2024/12/07;0200 UTC;0;966,6;966,7;966,5;;27,3;23,5;27,9;27,3;23,6;23,2;80;76;79;79;2,5;,9;
2024/12/07;0300 UTC;0;966,2;966,6;966,2;;27,2;23,2;27,5;27,2;23,5;22,9;79;76;79;74;2,1;1;
2024/12/07;0400 UTC;0;965,7;966,2;965,7;;26,7;23,1;27,2;26,7;23,3;22,8;81;78;81;70;2,5;1,1;
2024/12/07;0500 UTC;0;965,4;965,7;965,4;;26,2;25,6;26,7;26,1;26,1;23,1;100;81;96;102;2,5;1,2;
2024/12/07;0600 UTC;0;965,1;965,4;965,1;;25,7;25,7;26,3;25,7;26;24,8;100;92;100;77;2,5;1,1;
2024/12/07;0700 UTC;0;965,5;965,5;965,1;;26;23,4;26,4;25,7;25,7;23;100;82;86;28;3,3;2,3;
2024/12/07;0800 UTC;0;965,5;965,6;965,4;;25,6;23,9;26;25,6;24,2;23,3;92;85;90;28;5,8;3,5;
2024/12/07;0900 UTC;0;966,1;966,1;965,4;11,3;25,2;24;25,6;25;24,7;23,8;98;90;93;12;5,9;2,7;
2024/12/07;1000 UTC;0;966,9;966,9;966,1;425,7;26,7;23,2;26,7;25,2;25,2;23;99;81;81;300;4,2;1;
2024/12/07;1100 UTC;0;967,2;967,2;967;1248,2;28,4;22,5;28,4;26,7;23,6;21,9;84;69;70;8;4,7;2,5;
2024/12/07;1200 UTC;0;967,3;967,3;967,2;1702,5;29,5;23,2;29,6;28,4;24;22;72;67;69;325;5,6;3,5;
2024/12/07;1300 UTC;0;967,5;967,5;967,2;2427,7;31,1;23,3;31,1;29,5;24;22,1;71;61;64;325;7;3,7;
2024/12/07;1400 UTC;0;967,1;967,5;967,1;3391,8;32,4;22,1;32,8;30,8;24,2;22;67;54;54;317;10,5;4,7;
2024/12/07;1500 UTC;0;966,9;967,2;966,9;2891,3;32,9;23,1;32,9;31,8;23,3;21,2;59;53;56;324;10,5;4,7;
2024/12/07;1600 UTC;0;965,7;966,9;965,7;3078,2;33,2;22,6;33,4;32,2;23,9;22,2;60;52;54;316;7,7;4,6;
2024/12/07;1700 UTC;0;964,7;965,7;964,7;3043;33,8;21,7;34,2;33;24,1;21,5;57;48;50;329;9,3;4,9;
2024/12/07;1800 UTC;0;964,1;964,7;964;3013,7;33,8;21,4;34,5;33,2;22,8;20,7;53;46;49;335;9,7;5,3;
2024/12/07;1900 UTC;0;964,2;964,2;964;1418,5;33;21,4;33,8;32,6;22,8;21;55;48;51;328;9,5;4,5;
2024/12/07;2000 UTC;0;964,9;964,9;964,2;616,7;28,4;22,5;33;28,4;22,5;21;70;50;70;249;11,3;3,8;
2024/12/07;2100 UTC;0;964,8;965,4;964,7;340,6;27;21,8;28,4;27;22,5;21,8;74;69;73;253;8,6;2,8;
2024/12/07;2200 UTC;0;964,8;964,9;964,4;40,5;26,2;22,4;27;26,2;22,6;21,7;81;73;80;233;5,7;1,6;
2024/12/07;2300 UTC;0;965,6;965,6;964,8;;26;22,9;26,2;26;23,2;22,5;84;80;83;193;2,8;1,6;
2024/12/08;0000 UTC;0;966,1;966,1;965,6;;26,1;22,2;26,2;25,9;23,2;22,1;85;78;79;150;3,2;1,4;
2024/12/08;0100 UTC;0;967;967;966,1;;25,3;25,2;26,2;25,2;25,5;22;100;78;100;83;2,6;1,8;
2024/12/08;0200 UTC;0;967,2;967,3;967;;24,9;24,9;25,4;24,9;25,1;24,2;100;94;100;87;4,5;2,6;
2024/12/08;0300 UTC;0;966,8;967,2;966,8;;24,6;24,6;25;24,6;25;24,6;100;100;100;87;4,3;2;
2024/12/08;0400 UTC;0;966,7;966,8;966,7;;24,8;24,8;24,9;24,5;24,8;24,3;100;96;100;87;4,9;3,1;
2024/12/08;0500 UTC;0;966,3;966,7;966,2;;24,8;24;24,8;24,6;24,8;23,8;100;94;95;88;5;2,4;
2024/12/08;0600 UTC;0;966,6;966,6;966,2;;24,6;24,6;24,8;24,4;24,6;23,8;100;94;100;102;4,5;1,9;
2024/12/08;0700 UTC;0;966,3;966,6;966,2;;24,4;24,4;24,8;24,4;24,5;23,7;100;95;100;111;3,4;1,9;
2024/12/08;0800 UTC;0;966,8;966,8;966,3;;24,2;24,2;24,4;24,2;24,4;24,1;100;98;100;125;2,9;,8;
2024/12/08;0900 UTC;0;967,6;967,6;966,8;5,2;24,1;24,1;24,2;23,8;24,2;23,8;100;100;100;133;2,2;,7;
2024/12/08;1000 UTC;0;968,1;968,2;967,6;159,4;24,8;24,8;24,8;24,1;24,8;24,2;100;100;100;72;1,5;1,1;
2024/12/08;1100 UTC;0;969,3;969,3;968;448;25,3;24,4;25,3;24,8;25,3;23,7;100;91;95;60;5,1;1,7;
2024/12/08;1200 UTC;0;969,6;969,6;969,3;875,3;25,9;23,1;25,9;25,2;25,2;22,8;100;84;84;62;4;1,4;
2024/12/08;1300 UTC;1,4;969,8;969,8;969,5;763,2;26,2;24,2;26,7;25,9;24,2;22,3;89;77;89;290;3,2;1,3;
2024/12/08;1400 UTC;1,4;969,5;969,8;969,5;1919,4;27,8;24,4;27,8;25;26,3;23,3;100;78;82;73;3,2;,8;
2024/12/08;1500 UTC;0;968,8;969,5;968,8;2893,9;29,2;23,8;29,7;27,7;25,8;23,5;85;72;73;52;4,2;1,9;
2024/12/08;1600 UTC;0;968,1;968,8;968,1;3160,9;30,8;24,1;31,2;29,2;25,7;23,1;77;64;68;334;4,1;1,4;
2024/12/08;1700 UTC;8;967,5;968,8;967,5;1044;22,2;;31;22;24,8;19,8;100;64;;232;14,1;4,6;
2024/12/08;1800 UTC;,2;967,2;967,5;966,7;121,9;24,5;23,1;24,5;22,2;24,3;22,8;100;88;92;167;12,9;2,3;
2024/12/08;1900 UTC;0;966,3;967,2;966,3;156,8;24,2;24,2;24,5;24;24,4;24;100;92;100;133;5,5;2,1;
2024/12/08;2000 UTC;0;966,6;966,6;966,1;309,2;25,1;25,1;25,1;24,1;25,1;23,8;100;94;100;243;4;,8;
2024/12/08;2100 UTC;0;966,7;966,9;966,5;282;25,1;24;25,2;24,7;25,2;23,3;100;89;94;105;4,7;2,5;
2024/12/08;2200 UTC;0;967,3;967,3;966,7;46,4;25;25;25,2;24,9;25,2;23,8;100;92;100;205;5,2;2,9;
2024/12/08;2300 UTC;7,6;968,2;969;967,3;;23,3;23,3;25;23,2;;;;;100;156;7,5;4,7;
2024/12/09;0000 UTC;0;968,4;968,6;967,9;2,3;22,9;22,9;23,3;22,8;23,3;22,8;100;100;100;153;8,4;4,9;
2024/12/09;0100 UTC;1,2;968,6;968,8;968,4;;22,9;22,9;23,3;22,8;23,3;22,8;100;100;100;147;7,7;4,1;
2024/12/09;0200 UTC;2,8;968,6;969,2;968,6;,8;22,9;22,9;22,9;22,6;;;100;77;100;123;7,3;4;
2024/12/09;0300 UTC;0;968,9;968,9;968,5;;23,1;;23,4;22,9;;;;;;341;6,7;1,7;
2024/12/09;0400 UTC;1,8;968,5;969;968,4;;22,8;;23,1;22,8;;;;;;284;6,6;1,1;
2024/12/09;0500 UTC;0;968,1;968,5;968,1;;22,8;;22,8;22,7;;;;;;267;3,8;2,1;
2024/12/09;0600 UTC;5,6;968,9;969;967,9;,1;22,5;;23;22,5;;;;;;311;12,2;5,6;
2024/12/09;0700 UTC;2,6;967,3;969;967,1;;21,7;;22,5;21,3;;;;;;15;9,1;2,3;
2024/12/09;0800 UTC;0;967,2;967,3;966,4;;21,9;;22;21,7;;;;;;69;6,9;2,6;
2024/12/09;0900 UTC;0;967,7;967,7;967,2;6,9;22,3;22,3;22,3;21,9;;;;;100;92;6;2,5;
2024/12/09;1000 UTC;0;968,4;968,4;967,7;121,6;23,1;23,1;23,1;22,3;23,1;15,2;100;64;100;75;4,2;2,6;
2024/12/09;1100 UTC;0;968,7;968,7;968,4;599,8;24,4;24,4;24,4;23,1;24,4;23,1;100;99;100;76;4;2,7;
2024/12/09;1200 UTC;0;969,2;969,2;968,7;1154,3;26,5;22,4;26,6;24,4;24,8;22,4;100;78;78;159;4,5;1,2;
2024/12/09;1300 UTC;0;969,6;969,6;969,2;1658,6;27,6;22,2;27,7;26,5;23,9;21,9;84;72;72;22;3,4;2,1;
2024/12/09;1400 UTC;0;969,2;969,6;969,2;2534,3;29,4;22,6;29,6;27,6;23,8;22,2;76;67;67;13;4,6;2,4;
2024/12/09;1500 UTC;,2;968,7;969,2;968,7;2643,2;29,9;23,3;30,3;29,3;24,6;22,4;72;65;68;350;4,6;2,3;
2024/12/09;1600 UTC;0;967,5;968,7;967,5;3540,8;31,8;23,7;32,1;29,9;25,1;22,5;72;59;62;306;5,2;2;
2024/12/09;1700 UTC;0;966,1;967,5;966,1;2763,2;31,5;23,6;32,5;31,3;24,7;22,2;66;56;63;41;5,5;1,3;
2024/12/09;1800 UTC;0;965,5;966,1;965,5;1568,4;30,8;23,8;33,1;30,8;24,6;22,3;68;55;66;301;4;2;
2024/12/09;1900 UTC;0;965,6;965,6;965,3;609,2;30;23,9;30,9;30;24,1;22,8;71;63;70;258;4;1,9;
2024/12/09;2000 UTC;0;965,1;965,6;964,6;346,8;27,6;23,5;30;27,6;24,2;23,5;78;69;78;228;7,6;3,9;
2024/12/09;2100 UTC;0;965,3;965,9;965;191,1;25,7;21,5;27,6;25,7;23,7;21,3;81;73;78;237;7;1,7;
2024/12/09;2200 UTC;0;966,3;966,3;965,3;44,8;25;22,6;25,7;24,9;23;21,4;89;77;87;6;6;2,9;
2024/12/09;2300 UTC;0;966,5;966,5;965,6;;25;24,2;25,1;24,8;24,9;23;100;87;95;253;6;1;
2024/12/10;0000 UTC;0;966,9;967;966,5;;25,1;25,1;25,3;24,6;25,3;24,6;100;96;100;200;2,4;1,3;
2024/12/10;0100 UTC;0;967,6;967,7;966,9;;24,6;24,6;25,1;24,6;25;24,6;100;100;100;75;3,2;1,3;
2024/12/10;0200 UTC;0;967,6;967,7;967,5;;24,1;;24,6;24,1;24,6;24,2;100;82;;51;2,9;1,1;
2024/12/10;0300 UTC;0;966,5;967,6;966,5;;24,3;24,3;24,4;24,1;24,4;24,3;100;100;100;75;2,2;1,6;
2024/12/10;0400 UTC;0;966,4;966,7;966,3;;24,4;24,4;24,4;24,2;24,4;21,4;100;82;100;72;2,2;,9;
2024/12/10;0500 UTC;0;966,6;966,6;966,3;;23,9;;24,4;23,9;24,4;22,8;100;91;;42;2,3;1;
2024/12/10;0600 UTC;0;967;967,4;966,6;;24;24;24,3;23,9;;;;;100;191;5,9;2,1;
2024/12/10;0700 UTC;0;966,7;967;966,7;;24,4;23,4;24,4;24;24,2;23,1;100;93;95;150;3,8;2;
2024/12/10;0800 UTC;0;966,8;967;966,7;;23,8;23,8;24,4;23,7;24,2;23,3;100;94;100;85;3,2;1,5;
2024/12/10;0900 UTC;0;967,3;967,3;966,7;8,8;23,4;;23,8;23,4;23,8;22,8;100;94;;29;2,7;,7;
2024/12/10;1000 UTC;0;967,9;967,9;967,3;272,3;24,5;24,5;24,5;23,4;;;;;100;62;2,4;1,3;
2024/12/10;1100 UTC;0;968,5;968,5;967,8;657,3;25,3;24,4;25,5;24,5;25,4;24,1;100;92;95;63;3,2;2;
2024/12/10;1200 UTC;0;968,7;968,7;968,5;1354,9;27;23,5;27,3;25,3;25,7;23,1;100;78;81;353;3,3;1,7;
2024/12/10;1300 UTC;0;968,5;968,9;968,5;2376,8;28,7;22,4;29,1;27;24,2;22,2;82;67;69;271;3,6;1,8;
2024/12/10;1400 UTC;0;968,2;968,5;968,2;2370,9;29,5;23;29,6;28,3;24,1;22,2;76;66;68;279;5,4;2,3;
2024/12/10;1500 UTC;0;967,6;968,2;967,6;2568,6;29,9;23,4;30,3;29,4;23,8;22,2;71;64;68;296;5,3;2,2;
2024/12/10;1600 UTC;0;967,1;967,6;967,1;2577,3;30;23;30,9;30;24,3;21,8;68;60;66;291;7,9;3,5;
2024/12/10;1700 UTC;0;965,9;967,1;965,9;1843,3;30,5;22,7;30,8;29,7;24;22,6;70;63;63;272;6,8;3,5;
2024/12/10;1800 UTC;0;964,6;965,9;964,6;2785,4;31,1;22,8;31,6;30,3;24,4;22,5;67;60;61;289;7,5;3,2;
2024/12/10;1900 UTC;0;964,2;964,6;964,2;1799,5;31,1;23,5;31,7;30,5;24,2;22,5;67;60;64;250;7,5;3,5;
2024/12/10;2000 UTC;0;963,9;964,2;963,7;1671,8;31,1;22,6;31,9;30,7;23,8;21,6;65;58;61;248;7,2;3,1;
2024/12/10;2100 UTC;0;964,2;964,2;963,9;704,2;29,4;22,3;31,1;29,4;22,7;21,7;68;59;66;235;7,3;2,3;
2024/12/10;2200 UTC;0;964,4;964,4;964,1;130,8;27,7;22,9;29,4;27,7;22,9;22,3;75;65;75;253;5;1,5;
2024/12/10;2300 UTC;0;965,1;965,1;964,4;;26,8;23,8;27,7;26,8;24,1;22,8;85;75;83;245;2,8;,5;
2024/12/11;0000 UTC;0;965,7;965,7;965,1;;25,9;25,9;26,8;25,9;26,6;24,6;100;84;100;342;1,1;,3;
2024/12/11;0100 UTC;0;966,2;966,2;965,7;;26,7;23,8;26,7;25,8;26,2;23,8;100;84;84;171;4,4;1,8;
2024/12/11;0200 UTC;0;966,2;966,2;966,1;;26,4;23,9;26,7;26,3;24,2;23,5;88;83;86;193;3,7;1,4;
2024/12/11;0300 UTC;0;965,6;966,2;965,6;;26,1;24,4;26,4;25,9;24,8;23,8;93;85;90;205;3,3;1,4;
2024/12/11;0400 UTC;0;965,3;965,6;965,3;;25,8;25;26,1;25,8;25,1;24,2;96;89;95;172;2,7;,9;
2024/12/11;0500 UTC;0;964,8;965,3;964,8;;25;;26;25;25,6;24,3;100;86;;296;1,9;,9;
2024/12/11;0600 UTC;0;965,3;965,3;964,8;;24,9;23,1;25,2;24,8;;;;;90;110;8,2;2,9;
2024/12/11;0700 UTC;0;965,4;965,5;965,2;;22,3;21,6;24,9;22,3;23,3;21,2;100;89;96;92;9,5;5,9;
2024/12/11;0800 UTC;1,2;966,1;966,2;965,4;;21,1;;22,3;21,1;22,1;20;100;88;;117;9,5;4,1;
2024/12/11;0900 UTC;,2;966,8;966,8;966;22,1;20,9;20,9;21,1;20,6;;;;;100;91;9,4;3,6;
2024/12/11;1000 UTC;0;967,4;967,4;966,7;324,1;22;21;22,2;20,9;22,1;21;100;95;95;97;6,4;3,6;
2024/12/11;1100 UTC;,2;967,7;967,7;967,4;937,6;23,4;19,1;23,4;21,9;21,8;18,7;99;76;77;105;9,1;5,7;
2024/12/11;1200 UTC;0;968,2;968,2;967,6;1576,2;25;19,6;25;23,4;19,6;18,4;77;71;72;88;11;5,3;
2024/12/11;1300 UTC;0;968;968,3;968;2848;25,8;19,2;26,5;24,5;20,6;18,4;72;66;67;94;8,4;4,7;
2024/12/11;1400 UTC;0;967,8;968;967,7;3391,9;28,2;21;28,2;25,8;21,5;19,2;70;64;65;87;7,7;3,1;
2024/12/11;1500 UTC;0;967,4;967,8;967,4;3392,3;29;21,2;29,3;27,6;21,9;20,1;68;60;63;68;7,3;3,4;
2024/12/11;1600 UTC;0;966,8;967,4;966,8;3378,8;29,8;20,6;30,2;28,9;21,9;20,2;64;57;58;71;7,1;2,4;
2024/12/11;1700 UTC;0;966,4;966,8;966,4;2907;30,4;21,3;30,6;29,3;21,9;20,3;63;56;58;106;4,9;2,1;
2024/12/11;1800 UTC;0;965,7;966,4;965,7;3224,7;31,2;20,9;31,5;30,2;22,7;20,5;61;53;55;88;4,3;1,5;
2024/12/11;1900 UTC;0;965,1;965,7;965,1;2045;31,7;21,4;32,1;30,9;22,5;20,3;58;51;55;92;3,7;1,3;
2024/12/11;2000 UTC;0;964,8;965,1;964,8;1380,7;31,4;21,5;31,7;30,8;21,9;20,6;59;52;56;143;4,1;1,7;
2024/12/11;2100 UTC;0;964,7;964,9;964,7;1127,4;30,8;21,1;31,7;30,8;22,4;20,7;59;52;56;146;4,9;2,5;
2024/12/11;2200 UTC;0;965;965;964,7;230,5;29,2;21,1;30,8;29,2;21,4;20,7;62;56;62;142;6,7;2,8;
2024/12/11;2300 UTC;0;965,7;965,7;965;;28,4;21,1;29,4;28,3;21,1;20,9;65;61;65;153;5,5;2,5;
2024/12/12;0000 UTC;0;966,1;966,1;965,7;;27,6;20,8;28,4;27,6;21,1;20,6;67;64;67;141;5,6;3,1;
2024/12/12;0100 UTC;0;966,5;966,5;966,1;;27;20,7;27,6;26,9;20,9;20,6;69;66;68;139;6,1;3,3;
2024/12/12;0200 UTC;0;966,9;966,9;966,5;;26,1;20,3;27;26;20,8;20,3;71;68;71;135;6,4;3,2;
2024/12/12;0300 UTC;0;966,8;966,9;966,8;;25,5;19,1;26,2;25,2;20,3;19,1;73;67;68;113;6,2;3,6;
2024/12/12;0400 UTC;0;966,6;966,8;966,6;;24,8;18;25,7;24,8;19;17,8;68;63;66;104;8,3;4,2;
2024/12/12;0500 UTC;0;966,8;966,8;966,6;;24,1;18,2;24,9;24,1;18,2;17,9;70;65;70;99;9,3;5;
2024/12/12;0600 UTC;0;966,7;966,9;966,7;;23,6;17,9;24,2;23,6;18,3;17,8;71;68;71;103;10,3;5,7;
2024/12/12;0700 UTC;0;966,8;966,8;966,7;;22,9;17;23,6;22,8;18;17;72;69;69;108;10,3;5,8;
2024/12/12;0800 UTC;0;967,1;967,1;966,8;;22,3;16,9;22,9;22,3;17,2;16,8;72;68;71;107;9,9;4,6;
2024/12/12;0900 UTC;0;967,7;967,7;967,1;12;21,9;16,2;22,4;21,9;16,9;16,1;72;68;70;109;9,5;4,9;
2024/12/12;1000 UTC;0;968,1;968,1;967,7;214,6;22,2;16,4;22,2;21,9;16,6;16;71;69;70;112;9,2;3,8;
2024/12/12;1100 UTC;0;968,9;968,9;968,1;661,9;22,8;16,3;22,8;22,2;16,9;16,2;70;67;67;115;8,6;5;
2024/12/12;1200 UTC;0;969,1;969,2;968,9;1515,8;24,4;16,8;24,4;22,8;17,1;16,1;67;61;63;106;8,6;4,2;
2024/12/12;1300 UTC;0;969,7;969,8;969,1;2430,6;25,8;17;26,3;24,4;18,3;16,6;63;57;58;92;8,1;3,5;
2024/12/12;1400 UTC;0;969,7;969,7;969,4;3373,7;28,2;18,2;28,2;25,8;18,9;17,2;61;54;55;71;6,4;2,9;
2024/12/12;1500 UTC;0;968,9;969,7;968,9;3713,7;29,3;18,7;29,5;27,9;19,8;17,6;58;51;53;106;6,6;2,7;
2024/12/12;1600 UTC;0;968,1;968,9;968,1;3813,3;30,3;18;30,5;29;19,8;17,7;56;47;48;95;5,6;2,8;
2024/12/12;1700 UTC;0;966,9;968,1;966,9;3693,2;31,2;18,8;31,4;30,3;19,5;17,5;52;45;48;129;5,6;2,3;
2024/12/12;1800 UTC;0;965,3;966,9;965,3;3306,2;32,1;18,9;32,1;31;20,1;18,2;51;45;46;137;5,5;2,4;
2024/12/12;1900 UTC;0;964,8;965,3;964,8;2687,9;32,3;19,6;32,5;31,6;20,1;18,3;49;44;47;72;5,4;1,3;
2024/12/12;2000 UTC;0;964;964,8;964;1908,2;31,6;19,1;32,5;31,5;20,3;18,7;50;45;47;149;6;2,8;
2024/12/12;2100 UTC;0;964,6;964,6;964;1043,5;31;20;31,9;31;20,2;19;53;47;52;127;5,1;1,2;
2024/12/12;2200 UTC;0;965,3;965,3;964,6;207,8;28,8;19,5;31;28,8;20,5;19,4;58;51;57;125;2,5;2,1;
2024/12/12;2300 UTC;0;965,4;965,5;965,3;;28,9;19;29,2;28,7;19,6;19;58;54;55;146;4,2;2,8;
2024/12/13;0000 UTC;0;966;966;965,4;;25,9;21,6;28,9;25,7;21,6;19;78;55;77;19;4,7;,6;
2024/12/13;0100 UTC;0;966,2;966,3;966;;24,6;24,6;25,9;24,5;24,8;21,6;100;77;100;87;2,7;1,4;
2024/12/13;0200 UTC;0;966,8;966,8;966,2;;24,2;24,2;24,7;24,2;24,6;24,2;100;98;100;303;1,7;,5;
2024/12/13;0300 UTC;0;967;967,2;966,9;;24,2;24,2;24,8;24;24,7;24;100;97;100;108;2,5;1,3;
2024/12/13;0400 UTC;0;966,6;967;966,6;;23,8;23,8;24,4;23,7;24,4;23,7;100;100;100;107;4,8;,8;
2024/12/13;0500 UTC;0;966,6;966,7;966,5;;23,4;23,4;23,8;23,3;23,8;21,4;100;88;100;232;1,7;,5;
2024/12/13;0600 UTC;0;966,2;966,7;966,2;;22,8;;23,3;22,6;;;;;;178;1,4;,8;
2024/12/13;0700 UTC;0;965,6;966,3;965,6;;23,4;21,2;23,4;22,5;;;;;88;87;3;1,9;
2024/12/13;0800 UTC;0;966,1;966,1;965,4;;22,8;19,9;23,4;22,7;22,5;19,9;96;84;84;81;4,8;3,1;
2024/12/13;0900 UTC;0;966,9;967;966,1;33,2;22,2;19,8;22,8;21,9;20,2;19,6;90;83;86;114;5,1;2,4;
2024/12/13;1000 UTC;0;967;967;966,8;501;23,4;19,3;23,4;22,2;19,7;18,9;86;77;78;98;6,9;4,1;
2024/12/13;1100 UTC;0;967,3;967,4;966,9;779;24,1;20,4;24,1;23,1;20,5;19,2;84;78;80;71;7,1;3,4;
2024/12/13;1200 UTC;0;966,9;967,3;966,9;1321,2;25,8;21,9;25,8;24,1;22,2;20,4;83;78;79;53;7;3,3;
2024/12/13;1300 UTC;0;967,3;967,3;966,5;2256,2;27,5;22,6;27,7;25,4;23;21,5;83;73;75;39;7,1;4;
2024/12/13;1400 UTC;0;966,7;967,3;966,7;1649,1;28,2;22,9;28,2;27,3;23,3;22,3;77;71;73;42;6,9;3,6;
2024/12/13;1500 UTC;0;966,6;966,8;966,6;1834,3;28,6;22,3;29;27,9;23;21,9;74;67;69;11;8,3;3,6;
2024/12/13;1600 UTC;0;966;966,6;966;2022,8;29,3;22,4;29,9;28,6;23,4;21,9;71;65;66;51;6,2;2,4;
2024/12/13;1700 UTC;0;965,5;966;965,5;1543,9;30;22,4;30;29,2;22,9;21,9;68;63;64;45;5,8;2,4;
2024/12/13;1800 UTC;0;964,5;965,5;964,5;1506,4;29,9;22,5;30,2;29,7;23,3;22;67;62;65;349;5;3,1;
2024/12/13;1900 UTC;0;963,5;964,5;963,3;2063,8;30,7;21,7;31;29,8;23,3;21,5;65;58;59;6;6,4;2,7;
2024/12/13;2000 UTC;0;963,1;963,5;963;1847,9;27,7;22;31,5;27,7;22,5;20,5;71;54;71;150;7,6;4,8;
2024/12/13;2100 UTC;0;962,7;963,1;962,7;914,8;27,9;22;28,6;27,7;22,3;21,2;72;66;70;129;7,6;2,9;
2024/12/13;2200 UTC;0;963,2;963,2;962,6;256,8;25,8;21,1;28;25,8;22,1;21;75;68;75;126;6,9;2,4;
2024/12/13;2300 UTC;0;963,6;963,6;963,2;;24,7;21;25,8;24,7;21;20,8;80;75;80;82;4,5;1,1;
2024/12/14;0000 UTC;0;964;964,1;963,3;;23,8;21;24,7;23,8;21,6;20,8;86;79;84;98;2,8;,8;
2024/12/14;0100 UTC;0;964,8;964,8;964;;24,3;19,2;24,5;23,7;21,3;19,2;86;73;73;96;4,4;2,3;
2024/12/14;0200 UTC;0;965;965,2;964,7;;24,4;19,8;24,4;23,5;19,8;18,9;78;72;76;101;5;2,1;
2024/12/14;0300 UTC;,2;966,4;966,4;964,9;;22,9;22;24,4;22,9;22;19,8;94;75;94;242;13;3,2;
2024/12/14;0400 UTC;17,2;966,1;966,8;966;,5;20,9;;22,9;20,6;;;;;;267;11;4,5;
2024/12/14;0500 UTC;8,6;965,8;966,3;965,6;;20,7;;21;20,6;;;;;;43;9,8;1,4;
2024/12/14;0600 UTC;2,2;964,4;965,8;964,3;;20,4;;20,7;20,4;;;;;;89;5;2,2;
2024/12/14;0700 UTC;,2;964,4;964,5;963,8;;20,5;;20,5;20,3;;;;;;66;4,5;1,3;
2024/12/14;0800 UTC;13,4;966,2;967,1;964,4;;20,1;;20,6;20,1;;;;;;316;9,6;4,2;
2024/12/14;0900 UTC;6;965,1;966,2;964,9;1,1;20,1;;20,1;19,7;;;;;;83;9,6;4,4;
2024/12/14;1000 UTC;0;965,3;965,4;965,1;100,3;20,4;;20,4;20,1;;;;;;78;7;2,9;
2024/12/14;1100 UTC;,2;965,7;965,7;965,3;429,6;21,3;21,3;21,3;20,4;;;;;100;68;6;3,7;
2024/12/14;1200 UTC;0;965,6;965,9;965,4;1143;23,1;23,1;23,2;21,3;23,2;20,8;100;96;100;57;7,2;4,1;
2024/12/14;1300 UTC;0;965,9;966,2;965,6;1034,3;23,6;23,2;23,6;22,9;23,4;22,5;100;95;98;52;7,4;3,2;
2024/12/14;1400 UTC;0;965,6;966;965,6;805,1;24,2;24,2;24,2;23,4;24,2;22,7;100;94;100;10;8,2;3,7;
2024/12/14;1500 UTC;0;965,3;965,6;965,1;2082,9;26,2;23;26,4;24,2;25,2;22,4;100;81;83;6;9,8;5,3;
2024/12/14;1600 UTC;0;965;965,3;965;1523,3;26,1;21,2;26,4;25,2;23,5;20,9;90;74;74;309;8,6;4,8;
2024/12/14;1700 UTC;0;964,3;965;964,3;1548,6;26,1;22,9;26,6;25,9;22,9;20,7;83;71;83;276;9,8;3,8;
2024/12/14;1800 UTC;0;963,3;964,3;963,3;1184,9;26;22,4;26,5;25,7;25,1;22,4;95;80;81;307;7,6;2,6;
2024/12/14;1900 UTC;0;962,7;963,3;962,7;1120,8;26,4;21,7;26,5;25,9;22,8;21,5;83;74;76;298;6,7;2,9;
2024/12/14;2000 UTC;0;962,4;962,7;962,3;1187,2;26,7;21,8;27,2;26,3;22,8;21,4;80;73;75;298;6,8;2,7;
2024/12/14;2100 UTC;0;963;963;962,4;395,3;25,5;23,7;26,8;25,5;24,2;21,3;92;73;90;349;6,3;3,2;
2024/12/14;2200 UTC;0;963,2;963,2;962,9;83,3;23,9;;25,5;23,9;25,1;23,7;100;90;;346;5,5;2,6;
2024/12/14;2300 UTC;1,2;964;964;963,2;;23,6;;24;23,6;;;;;;345;4,1;1;
2024/12/15;0000 UTC;,8;964,8;964,8;964;;23,5;;23,6;23,4;;;;;;220;2,2;,8;
2024/12/15;0100 UTC;,4;965,1;965,1;964,6;;23,2;;23,5;23,1;;;;;;53;2,1;,8;
2024/12/15;0200 UTC;0;965,1;965,2;965,1;;22,9;;23,2;22,8;;;;;;343;1,6;,7;
2024/12/15;0300 UTC;0;964,9;965,1;964,9;;22,4;;22,9;22,4;;;;;;297;3,4;,7;
2024/12/15;0400 UTC;0;964,4;964,9;964,4;;22;;22,5;22;;;;;;296;2,1;,7;
2024/12/15;0500 UTC;0;964,3;964,4;964,2;;22;;22,1;21,9;;;;;;296;1,5;,8;
2024/12/15;0600 UTC;0;963,7;964,3;963,7;;21,7;;22;21,6;;;;;;247;2,3;,8;
2024/12/15;0700 UTC;0;963,9;963,9;963,7;;22,2;;22,2;21,7;;;;;;324;2,7;1,6;
2024/12/15;0800 UTC;,2;964,2;964,2;963,9;;22,1;;22,3;22,1;;;;;;277;3,1;1;
2024/12/15;0900 UTC;0;964,8;964,8;964,2;16,7;22,2;;22,3;22,1;;;;;;246;2,2;1;
2024/12/15;1000 UTC;0;965,5;965,5;964,8;236,3;22,9;;22,9;22,2;;;;;;296;3,1;1,4;
2024/12/15;1100 UTC;0;966,1;966,1;965,5;609,8;23,8;23,8;23,8;22,8;;;;;100;289;3,6;1,4;
2024/12/15;1200 UTC;0;966,4;966,4;966;1439,4;25,8;21,4;26,2;23,8;25,1;21,3;100;76;77;233;5,9;2,8;
2024/12/15;1300 UTC;0;966,7;966,7;966,4;1594,8;26,7;21,4;26,8;25,7;22,4;20,3;81;69;73;236;6,2;3,3;
2024/12/15;1400 UTC;0;966,3;966,7;966,3;2490,3;28,1;21,1;28,2;26,6;22,1;19,7;73;64;66;275;6,3;2,7;
2024/12/15;1500 UTC;0;966,3;966,4;966,2;3300,2;29,4;20,6;29,4;27,9;21,8;19,3;69;55;59;263;7,2;3,7;
2024/12/15;1600 UTC;0;966;966,3;965,9;3826,1;29,8;20,2;30,3;28,9;21,5;18,6;62;53;56;271;8;3,4;
2024/12/15;1700 UTC;0;965,2;966;965,2;3004,4;30,1;19,7;30,1;28,7;21,5;18,6;62;51;54;271;7,8;3,2;
2024/12/15;1800 UTC;0;964,5;965,2;964,5;2887,7;29,8;19,9;30,9;29,3;20,8;18,8;59;51;55;260;7,8;3,5;
2024/12/15;1900 UTC;0;963,9;964,5;963,9;2233,7;30;20,3;30,7;29,3;20,8;19,1;58;51;56;277;7,3;3,3;
2024/12/15;2000 UTC;0;963,5;963,9;963,4;1992,7;30;20,5;30,5;29;20,8;19,1;57;52;57;281;7,2;3,2;
2024/12/15;2100 UTC;0;963,7;963,7;963,5;977,1;29;19,6;30,5;28,7;20,6;18,9;57;52;57;269;6,7;2,7;
2024/12/15;2200 UTC;0;964,3;964,3;963,7;263,4;26,8;20,1;29,1;26,8;20,1;19,3;67;56;67;252;5,5;1,3;
2024/12/15;2300 UTC;0;965,2;965,2;964,3;;25,3;20,2;26,8;25,2;20,3;20;74;66;73;247;2,7;1,7;
2024/12/16;0000 UTC;0;966,2;966,2;965,2;;24,4;20,9;25,5;24,2;20,9;20,2;81;72;81;259;3,8;,9;
2024/12/16;0100 UTC;0;967;967;966,2;;23,1;22,9;24,4;23;23,7;20;100;80;99;347;1,7;,4;
2024/12/16;0200 UTC;0;967,5;967,5;967;;22,8;20,2;23,1;22,5;23;20,2;100;85;85;291;1;,2;
2024/12/16;0300 UTC;0;967,4;967,5;967,4;;21,4;;22,8;21,4;22,5;18,9;100;79;;22;,8;,3;
2024/12/16;0400 UTC;0;966,8;967,4;966,8;;21,1;21,1;21,4;21,1;21,4;20,5;100;94;100;245;,6;,2;
2024/12/16;0500 UTC;0;966,6;966,8;966,5;;20,3;20,3;21,2;20,3;21,2;19,7;100;91;100;256;,9;,5;
2024/12/16;0600 UTC;0;966,4;966,6;966,4;;19,8;19,8;20,3;19,5;;;;;100;222;1,1;,5;
2024/12/16;0700 UTC;0;966,4;966,4;966,3;;19,7;19,7;20,6;19,1;20,1;19,1;100;91;100;169;2,2;,7;
2024/12/16;0800 UTC;0;967;967;966,4;;19,4;19,4;19,8;19;;;;;100;232;1,1;,7;
2024/12/16;0900 UTC;0;968;968;967;21,4;19,3;19,3;19,4;18,2;;;;;100;83;1,6;1,1;
2024/12/16;1000 UTC;0;968,7;968,7;968;493,6;23,7;18;24;19,3;21,2;17,9;100;69;70;234;1,6;,2;
2024/12/16;1100 UTC;0;969,4;969,4;968,7;1369,6;25,1;17,2;25,1;22,8;19,7;15,7;82;57;62;189;3,6;2,1;
2024/12/16;1200 UTC;0;970,3;970,3;969,4;1863,5;26,3;16,8;26,5;24,7;17,7;15,7;62;55;56;214;4,4;2,8;
2024/12/16;1300 UTC;0;970,7;970,7;970,3;2370,7;27,1;16,2;27,6;26;18;15,6;59;50;52;216;5,5;2,8;
2024/12/16;1400 UTC;0;970,5;970,7;970,5;3336,5;28,4;17,4;28,7;26,9;18;15,3;58;46;51;222;5,6;2,9;
2024/12/16;1500 UTC;0;970;970,5;970;3788,8;29,5;17,2;29,9;28,1;19,1;15,9;54;46;48;262;6,5;2,2;
2024/12/16;1600 UTC;0;969,3;970;969,3;3932,1;30,5;18,4;30,7;29,3;19;16,8;52;44;48;269;7,9;3,4;
2024/12/16;1700 UTC;0;968,7;969,3;968,7;3600;30,4;18,3;30,9;29,1;18,8;15,6;49;44;48;260;9;4,5;
2024/12/16;1800 UTC;0;967,9;968,7;967,9;3510,7;30,5;18;30,9;30,1;18,3;15,9;48;42;47;251;9,3;4,3;
2024/12/16;1900 UTC;0;967,2;968;967,2;2653;30,8;18,1;30,8;29,4;18,9;17;50;45;47;258;9;3,3;
2024/12/16;2000 UTC;0;966,9;967,2;966,9;1875,4;29,9;17,3;30,8;28,9;18,8;16,7;49;45;47;263;6,9;3,3;
2024/12/16;2100 UTC;0;966,6;966,9;966,6;1113,8;29,3;16,3;30,1;29,3;18,1;16;49;44;45;234;7,3;3,7;
2024/12/16;2200 UTC;0;967,2;967,2;966,6;253,5;26,6;17,3;29,3;26,6;17,3;16,2;56;45;56;225;6,5;1,7;
2024/12/16;2300 UTC;0;968,2;968,2;967,2;;24,8;17,9;26,6;24,8;18,3;17,2;66;57;65;93;3;,4;
2024/12/17;0000 UTC;0;968,8;968,8;968,2;;23,6;18,6;24,8;23;19,1;17,8;79;65;74;267;1,1;,6;
2024/12/17;0100 UTC;0;969,3;969,3;968,8;;22,3;18,2;23,7;22,1;19,1;17,9;82;70;78;64;,9;,3;
2024/12/17;0200 UTC;0;969,6;969,6;969,3;;22;17,7;22,5;21,7;18,5;17,1;82;72;77;156;1,1;,7;
2024/12/17;0300 UTC;0;969,5;969,8;969,5;;22,8;15,5;23;20,9;18,3;15,4;86;62;63;187;1,5;,8;
2024/12/17;0400 UTC;0;969,1;969,5;969,1;;22,4;15;22,8;21,2;18,5;14,8;85;62;63;171;4,5;3,1;
2024/12/17;0500 UTC;0;968,6;969,1;968,6;;23,2;14,7;23,3;22,3;15,1;14,6;64;59;59;161;6,2;3,7;
2024/12/17;0600 UTC;0;968,5;968,6;968,4;;23;15,1;23,4;22,9;15,1;14,7;61;59;61;144;6,2;2,7;
2024/12/17;0700 UTC;0;968,8;968,8;968,5;;19,4;15,6;23,2;18,9;15,7;14,9;81;60;79;299;4,8;,9;
2024/12/17;0800 UTC;0;969,1;969,1;968,8;;19;16,8;19,4;18,5;18,6;15,5;100;79;87;110;2;1,2;
2024/12/17;0900 UTC;0;969,7;969,7;969,1;20,4;19,5;17,9;20,5;18,5;18,6;15,5;100;73;91;86;2,6;1,4;
2024/12/17;1000 UTC;0;970,2;970,2;969,7;477,5;22,8;17,2;22,8;19,4;18,5;16,6;94;70;71;122;1,8;,9;
2024/12/17;1100 UTC;0;970,9;970,9;970,2;1080,5;25,6;16,7;25,6;22,8;17,9;16,6;72;58;58;117;2,4;1,3;
2024/12/17;1200 UTC;0;971,5;971,5;970,9;2002;27,8;15,7;27,8;25,6;16,8;14,2;58;45;48;124;4,7;2,5;
2024/12/17;1300 UTC;0;971,6;971,6;971,5;2355,8;29,4;16,6;29,4;27,6;16,7;14,2;49;42;46;111;4,2;1,6;
2024/12/17;1400 UTC;0;971,5;971,6;971,5;3495,6;29,9;15,1;30,3;29;17,4;14,5;47;39;41;62;4,2;1,7;
2024/12/17;1500 UTC;0;971;971,5;971;3790,4;30,4;16,6;31,2;29,7;18;15;47;40;44;283;4,2;1,4;
2024/12/17;1600 UTC;0;970,4;971;970,4;3784,7;31,4;18,2;31,5;30,2;18,4;15,5;47;40;45;259;5,2;2,1;
2024/12/17;1700 UTC;0;969,4;970,4;969,4;3829,3;32,1;18;32,3;31,3;19,3;16,3;47;39;43;284;6;2,8;
2024/12/17;1800 UTC;0;968,5;969,4;968,5;2243;31,1;18,1;32,6;30,3;19,3;16,5;48;41;46;325;6,7;2,5;
2024/12/17;1900 UTC;0;967,6;968,5;967,6;2438;32,1;17,3;32,8;31;19,1;16,7;49;40;41;254;5,8;1,5;
2024/12/17;2000 UTC;0;967,2;967,6;967,1;1719,7;31,7;17,8;32,5;30,5;18,5;16,5;46;39;44;225;5,2;2,9;
2024/12/17;2100 UTC;0;967;967,2;967;1119,2;30,6;17;31,9;30,5;18,4;16,4;46;41;44;215;6,8;2,6;
2024/12/17;2200 UTC;0;967,4;967,4;967;255,9;28,4;17,3;30,6;28,3;17,7;17;51;44;51;206;5,2;2,2;
2024/12/17;2300 UTC;0;967,9;967,9;967,4;;26,4;17,5;28,3;26,4;17,9;17,3;59;51;58;181;3,8;2,3;
2024/12/18;0000 UTC;0;968,4;968,4;967,9;;25,5;17,5;27,1;25,5;17,6;16,1;61;51;61;135;3,1;1;
2024/12/18;0100 UTC;0;969;969;968,4;;23,5;17,8;25,4;23,5;17,9;16,8;70;59;70;57;2;,9;
2024/12/18;0200 UTC;0;969,3;969,3;969;;23,2;17,8;25,1;23,2;18,4;15,9;74;57;72;113;2,1;,5;
2024/12/18;0300 UTC;0;969,2;969,3;969,2;;25,5;15,5;25,7;22,9;18,5;15,5;75;54;54;151;4,5;2,4;
2024/12/18;0400 UTC;0;968,6;969,2;968,6;;23,8;16,4;25,5;23,6;17,1;15,5;66;54;63;124;4,1;2,6;
2024/12/18;0500 UTC;0;968,4;968,6;968,4;;22,8;16,5;23,8;22,4;17,3;16,4;72;63;68;103;3,8;2,3;
2024/12/18;0600 UTC;0;968;968,4;967,9;;22,2;16,2;23,1;21,8;16,8;16,1;73;65;69;81;4,6;2,2;
2024/12/18;0700 UTC;0;968,2;968,3;968;;21,2;16,7;22,4;21,1;16,7;16,2;76;68;76;110;4,3;2;
2024/12/18;0800 UTC;0;968,5;968,5;968,2;;22,3;16,8;22,4;21,2;17,3;16,7;75;71;71;94;6,5;3,3;
2024/12/18;0900 UTC;0;969,1;969,1;968,5;21,3;21,9;17,3;22,7;21,8;17,4;16,6;76;69;75;91;7,8;4,1;
2024/12/18;1000 UTC;0;969,9;970;969,1;509,8;22,6;18,1;22,7;21,9;18,2;17,3;77;75;76;70;7,8;4;
2024/12/18;1100 UTC;0;970,7;970,7;969,9;1319,6;23,8;18,3;23,8;22,6;18,6;17,9;76;71;71;78;8,8;5,2;
2024/12/18;1200 UTC;0;971,1;971,1;970,7;2054,4;25,5;18,9;25,7;23,8;19,1;18,3;72;65;67;65;8,5;4,3;
2024/12/18;1300 UTC;0;970,8;971,1;970,8;2296,7;27,3;19,1;27,6;25,5;19,8;18,6;67;60;61;80;8,1;4,2;
2024/12/18;1400 UTC;0;970,5;970,8;970,5;3442,7;29,9;20,1;29,9;27,3;20,4;18,5;62;54;56;74;7,2;3,1;
2024/12/18;1500 UTC;0;969,9;970,5;969,9;3715,1;31,2;19,4;31,3;29,5;20,9;18,6;57;48;49;65;6,1;2,1;
2024/12/18;1600 UTC;0;969,3;969,9;969,3;3847,3;31,8;19,3;32,4;30,8;21,3;18,3;53;45;48;320;5;1,5;
2024/12/18;1700 UTC;0;968,3;969,3;968,3;3641,2;32,7;19,3;33,3;31,4;20,7;18,4;51;43;45;93;4,7;1,6;
2024/12/18;1800 UTC;0;967,6;968,4;967,6;1735,1;32,3;20,2;33,3;31,9;20,9;18,4;50;42;49;66;3,8;1,2;
2024/12/18;1900 UTC;0;967,1;967,6;967,1;2727,1;33,8;19,4;34,6;32,3;21;18,1;51;39;43;310;4,9;2,2;
2024/12/18;2000 UTC;0;966,7;967,1;966,7;1389,3;33,4;18,1;34,2;32,3;20,5;18;48;40;40;239;4,2;,9;
2024/12/18;2100 UTC;0;966,5;966,7;966,4;1061,3;33,2;18,4;33,6;33,1;20,3;18;46;40;41;282;2,6;1,1;
2024/12/18;2200 UTC;0;966,9;966,9;966,5;275,6;31;19,3;33,8;31;21;18,1;52;41;50;133;2,3;1,1;
2024/12/18;2300 UTC;0;967,1;967,1;966,9;;30;19;31;29,8;20,3;18,9;55;49;52;149;4,2;2,5;
2024/12/19;0000 UTC;0;967,3;967,3;967,1;;28,7;18,7;30;28,7;19,2;18,6;55;52;55;133;4,5;2,6;
2024/12/19;0100 UTC;0;967,6;967,6;967,3;;27,8;18,1;28,7;27,7;18,8;18;57;54;56;128;4;2,6;
2024/12/19;0200 UTC;0;967,6;967,6;967,6;;26,8;18,2;27,8;26,8;18,3;18,1;60;56;59;115;4;2,5;
2024/12/19;0300 UTC;0;967,3;967,6;967,3;;26;18,2;26,9;25,9;18,2;18;62;59;62;124;3,6;1,9;
2024/12/19;0400 UTC;0;966,9;967,3;966,9;;25,3;18,5;26,1;25,3;18,5;18;66;62;66;110;4,7;2,5;
2024/12/19;0500 UTC;0;966,4;966,9;966,4;;24,9;18,2;25,7;24,8;18,5;18;67;63;67;88;6;3,8;
2024/12/19;0600 UTC;0;966,2;966,4;966,1;;24,1;18,2;24,9;24,1;18,2;18,1;70;66;70;86;6,8;3,8;
2024/12/19;0700 UTC;0;966,9;966,9;966,2;;24,2;18;24,3;23,8;18,3;18;71;68;68;87;9,1;5,5;
2024/12/19;0800 UTC;0;967,1;967,4;966,9;;23,6;18,1;24,2;23,5;18,1;18;72;68;71;84;9,3;5,8;
2024/12/19;0900 UTC;0;968,1;968,1;967,1;13,8;23;18,3;23,6;23;18,3;18,1;75;71;75;84;8,7;4,7;
2024/12/19;1000 UTC;0;968,6;968,6;968,1;343;23,6;19;23,6;22,8;19;18,3;77;75;76;79;8,3;5;
2024/12/19;1100 UTC;0;969,4;969,4;968,6;905,7;24,7;19,3;24,7;23,6;19,4;18,8;75;71;72;93;9,6;5,7;
2024/12/19;1200 UTC;0;970;970;969,4;1689,2;26,8;20,3;26,9;24,7;20,3;19;72;65;68;89;8,5;4,2;
2024/12/19;1300 UTC;0;970;970,3;969,8;1524,1;27,8;20,3;27,8;26,6;20,8;19,5;68;64;64;70;7,4;2,8;
2024/12/19;1400 UTC;0;969,7;970;969,6;1951,5;29,5;21,6;29,5;27,8;22,1;20,2;67;62;63;53;5,5;2,4;
2024/12/19;1500 UTC;0;969,4;969,8;969,4;2381,1;30,4;21,9;30,5;29,1;22,3;21,1;64;59;61;347;4,7;1,8;
2024/12/19;1600 UTC;0;968,5;969,4;968,5;3073,6;31,6;22,4;31,8;30,4;22,7;21,2;61;56;58;126;4,3;1,4;
2024/12/19;1700 UTC;0;967,7;968,5;967,7;2794,8;31,9;22,9;32,4;31,3;23,7;21,8;60;56;59;35;3,6;2;
2024/12/19;1800 UTC;28;971,1;971,4;967,6;376,9;19,9;;31,9;19,9;;;;;;53;22,4;6,9;
2024/12/19;1900 UTC;10,6;968,3;971,1;968,2;94,2;22,1;20,4;22,1;19,7;21,8;18,9;100;83;90;203;12,6;2,4;
2024/12/19;2000 UTC;,2;967,2;968,3;967,2;132,2;22,5;19,6;23,1;22,1;20,3;18,1;90;73;84;260;6,5;2,7;
2024/12/19;2100 UTC;0;966,8;967,2;966,2;79,6;22,6;22,3;23;22,4;22,3;19,8;98;83;98;300;5,4;3,3;
2024/12/19;2200 UTC;,2;967,4;967,4;966,8;36,7;22,4;22,4;22,7;22,3;22,6;22,3;100;98;100;130;5,3;,9;
2024/12/19;2300 UTC;0;967,7;967,8;967,1;;22,3;22,3;22,7;22,3;22,7;22,3;100;100;100;72;5;1,3;
2024/12/20;0000 UTC;0;968,7;968,7;967,6;;21,7;;22,4;21,7;22,4;5,5;100;33;;279;3,1;1,3;
2024/12/20;0100 UTC;0;968,7;968,9;968,6;;21,5;;21,8;21,5;;;;;;254;3,3;1,2;
2024/12/20;0200 UTC;0;968,8;968,8;968,5;;21,6;;21,8;21,5;;;;;;313;2,6;,7;
2024/12/20;0300 UTC;0;967,9;968,8;967,9;;21,5;;21,7;21,5;;;;;;84;2,4;1,3;
2024/12/20;0400 UTC;0;967;967,9;966,9;;21,3;;21,6;21,2;;;;;;82;2,5;,9;
2024/12/20;0500 UTC;0;966,6;967;966,5;;21;15,7;21,3;21;;;;;72;93;2,7;1,4;
2024/12/20;0600 UTC;0;966;966,6;966;;21,3;;21,3;20,9;;;;;;81;2,9;1,9;
2024/12/20;0700 UTC;0;965,4;966;965,4;;21;;21,4;20,9;;;;;;86;3,6;2,2;
2024/12/20;0800 UTC;0;965,4;965,5;965,4;;20,7;;21;20,7;;;;;;60;5;2,2;
2024/12/20;0900 UTC;,2;966;966;965,4;19,6;20,9;;20,9;20,7;;;;;;70;3,5;1,8;
2024/12/20;1000 UTC;0;966,8;966,8;966;471,2;23,1;23,1;23,1;20,9;23,1;21;100;96;100;49;2,6;1,7;
2024/12/20;1100 UTC;0;967,2;967,2;966,8;988,5;24,7;24;24,7;23,1;24,3;22,2;100;87;96;359;5;2,8;
2024/12/20;1200 UTC;0;967,4;967,4;967,2;940,3;25;22,1;25;24,6;23,2;21,4;96;82;84;360;5,9;2,8;
2024/12/20;1300 UTC;0;967,3;967,4;967,2;1269,5;26,5;22;26,5;25;22,5;21,4;84;75;77;347;4,8;2,7;
2024/12/20;1400 UTC;0;967,3;967,4;967,2;1400,7;27;22,5;27;26,5;22,8;21,4;79;73;76;332;4,9;2,4;
2024/12/20;1500 UTC;0;966,9;967,3;966,9;2525,7;29,1;23,2;29,2;27;23,5;21,8;78;67;71;288;5;2,4;
2024/12/20;1600 UTC;0;966;966,9;966;2235,7;29,8;23,3;29,8;28,8;23,7;22,1;72;66;68;284;5,8;2,4;
2024/12/20;1700 UTC;0;965,5;966;965;2014;28,4;22,7;30,2;28,4;23,8;22,6;72;65;72;291;10,5;3,6;
2024/12/20;1800 UTC;3,2;965,2;965,8;965,2;598,2;24,3;24,3;28,3;22,9;;;;;100;261;10,9;1,8;
2024/12/20;1900 UTC;0;963,8;965,1;963,8;2839,3;28,5;23,4;29,5;24,4;25,9;22,3;100;67;74;315;3,9;1,9;
2024/12/20;2000 UTC;0;963,5;963,9;963,5;1312,4;29,4;23,3;29,4;28,4;23,5;22,1;75;67;70;301;3,9;1,3;
2024/12/20;2100 UTC;0;964;964;963,5;330,9;28,1;23,7;29,4;28,1;24,4;22,7;80;69;77;154;2,7;1,3;
2024/12/20;2200 UTC;0;964,6;964,6;963,8;34,7;27,6;23;28,1;27,4;23,9;23;81;76;76;145;3;2,1;
2024/12/20;2300 UTC;0;965,9;965,9;964,1;;25,4;23,2;27,7;25,4;24,1;22,7;91;76;88;191;10,3;5,8;
2024/12/21;0000 UTC;0;966,7;966,7;965,6;;24,2;24,2;25,3;23,9;24,9;22,6;100;88;100;128;10,3;3,4;
2024/12/21;0100 UTC;,6;967,2;967,5;966,7;;23,5;;24,2;23,5;24,2;22,7;100;94;;164;8,9;3,9;
2024/12/21;0200 UTC;2;967,2;967,6;967,2;;22,9;;23,5;22,9;;;;;;147;7,2;3;
2024/12/21;0300 UTC;0;967,3;967,7;967,2;;22,7;;22,9;22,7;;;;;;90;5,5;1,8;
2024/12/21;0400 UTC;0;966,6;967,3;966,6;;22,5;;22,7;22,5;;;;;;74;4;1,9;
2024/12/21;0500 UTC;0;965,9;966,6;965,8;;22,4;;22,5;22,3;;;;;;73;6,3;2,5;
2024/12/21;0600 UTC;0;965,9;966,1;965,9;;22,4;;22,4;22,3;;;;;;54;4,2;2,1;
2024/12/21;0700 UTC;0;965,4;966;965,4;;22,9;;22,9;22,3;;;;;;31;8,2;4,4;
2024/12/21;0800 UTC;0;965,8;965,8;965,4;;23;;23,3;22,9;;;;;;91;6,9;1,6;
2024/12/21;0900 UTC;0;966,3;966,3;965,8;12,8;22,9;;23;22,8;;;;;;86;3;1,6;
2024/12/21;1000 UTC;0;967,1;967,1;966,3;302,1;23,7;;23,7;22,9;;;;;;59;3,8;2,4;
2024/12/21;1100 UTC;0;967,5;967,5;967,1;765,7;24,6;24,6;24,6;23,7;24,6;23,8;100;92;100;30;5,4;3;
2024/12/21;1200 UTC;0;967,8;967,9;967,5;1249,5;26;23,4;26;24,6;25,5;22,8;100;83;85;23;5,2;2,4;
2024/12/21;1300 UTC;0;967,7;968;967,7;1727,2;27,4;22,5;27,7;26;23,5;22,2;85;73;74;26;4,9;2,9;
2024/12/21;1400 UTC;1,2;967,8;967,8;967,5;2000,6;26,5;24,1;29,5;26,5;24,8;22,4;89;70;86;326;7;3,3;
2024/12/21;1500 UTC;7,2;966,6;967,8;966,6;868,1;27,5;24,7;27,5;25;26,8;24,2;100;85;85;188;5,7;,7;
2024/12/21;1600 UTC;0;965,2;966,6;965,2;3279,1;30,8;24,2;30,8;27,5;26,4;23,1;93;67;68;294;4,3;1,7;
2024/12/21;1700 UTC;0;964,8;965,3;964,8;1974,6;29,4;24,8;30,9;29,1;25,5;23,6;80;67;77;302;4,4;1,2;
2024/12/21;1800 UTC;1,8;964,7;964,9;964,3;305,1;24,7;24,7;29,6;24,7;25;22,9;100;71;100;256;7,2;3,8;
2024/12/21;1900 UTC;,2;964,2;964,7;963,9;2072,8;29,9;23,4;30,1;24,5;26,9;22,4;100;64;68;285;6;,9;
2024/12/21;2000 UTC;0;964,4;964,4;963,4;1575,9;28,8;24,4;31;28,7;24,4;22,6;77;63;77;5;3,5;1,9;
2024/12/21;2100 UTC;0;964,3;964,4;963,8;351,6;28,7;24,6;29,4;28,6;25,8;23,4;85;71;79;81;3,5;,9;
2024/12/21;2200 UTC;0;966;966;964,3;54,4;26,5;22,3;28,8;26,5;28;22,3;100;75;78;160;7,2;4,4;
2024/12/21;2300 UTC;22,2;967,7;967,7;966;2,5;23,7;23,7;26,5;22,9;;;;;100;42;12,1;4,2;
2024/12/22;0000 UTC;,2;968,1;968,5;967,1;3,8;22,8;;23,7;22,5;;;;;;333;9;4,4;
2024/12/22;0100 UTC;7,2;968,3;969,6;968,1;0;22,2;22,2;22,8;21,8;;;;;100;44;8,3;1,2;
2024/12/22;0200 UTC;0;968;968,4;968;;22,1;;22,5;22;;;;;;175;5,3;1,4;
2024/12/22;0300 UTC;0;967,7;968,3;967,7;;21,9;;22,1;21,8;;;;;;210;2,3;1;
2024/12/22;0400 UTC;0;967,1;967,7;967,1;;21,5;;21,9;21,5;;;;;;45;2,3;,9;
2024/12/22;0500 UTC;0;966,9;967,1;966,8;;21,5;;21,7;21,5;;;;;;54;4,9;1,3;
2024/12/22;0600 UTC;0;966,9;967;966,7;;21,3;;21,5;21,2;;;;;;46;3,1;,8;
2024/12/22;0700 UTC;0;967,5;967,5;966,9;;21,3;;21,4;21,2;;;;;;144;2,2;1,1;
2024/12/22;0800 UTC;0;967,9;967,9;967,5;;21,4;;21,4;21,1;;;;;;100;2,2;1;
2024/12/22;0900 UTC;0;968,3;968,3;967,9;4,1;21,9;;21,9;21,4;;;;;;94;2,2;1,4;
2024/12/22;1000 UTC;0;968,8;968,8;968,3;276,2;22,8;;22,8;21,9;;;;;;67;2,8;1,9;
2024/12/22;1100 UTC;0;969,4;969,5;968,8;888,6;23,8;23,8;24;22,8;24;22,8;100;98;100;7;3,4;1,6;
2024/12/22;1200 UTC;0;969,5;969,5;969,3;941,9;24,6;24,2;24,8;23,7;24,7;23,3;100;98;98;12;4,5;2,6;
2024/12/22;1300 UTC;0;969,7;969,8;969,5;2187,9;26,3;23,3;26,6;24,4;25,4;23;100;84;84;332;4,9;2,3;
2024/12/22;1400 UTC;0;969,6;969,9;969,6;2929,6;27,6;23,9;27,8;25,9;25,5;22,6;96;76;80;296;4,6;2;
2024/12/22;1500 UTC;0;969,5;969,6;969,5;2812,9;28,8;23,4;29,7;27,5;24,9;22,4;81;68;73;270;5,4;2,7;
2024/12/22;1600 UTC;0;969,5;969,6;969,4;2345,9;29,3;24;29,4;27,9;24,3;22,5;78;68;73;275;6,8;2,9;
2024/12/22;1700 UTC;0;968,9;969,5;968,9;2440;29,6;22,7;30,1;28,6;24,4;22,6;77;67;67;266;5,8;2,7;
2024/12/22;1800 UTC;0;967,9;968,9;967,9;2686,6;30,5;23,4;30,6;29;24,5;22,5;71;65;66;258;5,3;2,3;
2024/12/22;1900 UTC;0;966,9;967,9;966,9;2259;29,8;23,1;30,9;29,4;24;22,5;70;64;67;225;7;2;
2024/12/22;2000 UTC;0;966,5;966,9;966,4;1138,7;30,1;23,7;30,4;29,6;23,8;22,6;71;65;69;255;4,2;1,6;
2024/12/22;2100 UTC;0;966,8;966,8;966,3;485,9;27,9;22,8;30,2;27,9;23,6;22,5;74;65;74;210;4,3;1,9;
2024/12/22;2200 UTC;0;967,2;967,2;966,8;102,9;26,8;21,7;27,9;26,8;23,1;21,4;77;71;74;206;3,7;,9;
2024/12/22;2300 UTC;0;967,9;967,9;967,2;;26,1;23;26,8;25,9;25,2;21,5;97;74;83;160;1,3;,8;
2024/12/23;0000 UTC;0;968,4;968,4;967,9;;25,3;25,3;26,4;25,3;25,9;22,1;100;77;100;134;1,6;,4;
2024/12/23;0100 UTC;0;968,7;968,7;968,4;;24,9;;25,3;24,8;;;100;31;;354;,8;,2;
2024/12/23;0200 UTC;0;969,2;969,2;968,7;;24;;25;24;;;;;;245;1,6;1;
2024/12/23;0300 UTC;0;969,1;969,4;969,1;;23,7;;24,2;23,7;;;;;;231;1,6;,4;
2024/12/23;0400 UTC;0;968,8;969,1;968,8;;23,2;;23,7;23,2;;;;;;289;2,4;,9;
2024/12/23;0500 UTC;0;968,1;968,8;968,1;;22,8;;23,3;22,7;;;;;;283;2,4;,4;
2024/12/23;0600 UTC;0;967,5;968,1;967,5;;22,5;22,5;22,9;22,5;;;;;100;145;1,6;,3;
2024/12/23;0700 UTC;0;967,3;967,5;967,2;;22,8;22,8;22,8;22,4;22,8;22,4;100;100;100;264;1,6;,3;
2024/12/23;0800 UTC;0;967,6;967,6;967,3;;22,2;22,2;22,9;22;22,9;22;100;100;100;305;1,5;,4;
2024/12/23;0900 UTC;,2;968,3;968,3;967,6;13,6;22;22;22,3;22;22,3;22;100;100;100;48;1,1;,3;
2024/12/23;1000 UTC;0;969,2;969,2;968,3;384,8;24,6;;25,1;22;24,4;22,1;100;81;;81;1,6;,6;
2024/12/23;1100 UTC;0;969,5;969,5;969,2;1178,8;26,6;24,1;26,8;24,6;25,9;23,7;100;83;86;112;5,4;3,4;
2024/12/23;1200 UTC;0;969,9;969,9;969,5;2136,8;28,1;23,4;28,3;26,6;24,9;22,8;88;74;76;82;5,8;3;
2024/12/23;1300 UTC;0;969,9;970;969,9;2302;29,1;22,3;29,1;27,4;23,7;22;77;66;67;106;5,6;2,6;
2024/12/23;1400 UTC;0;969,6;969,9;969,6;3560,4;30,3;21,2;30,8;28,9;23,4;20,9;70;56;58;96;4,8;2,2;
2024/12/23;1500 UTC;0;969,1;969,6;969,1;3338,9;31;22;31,2;29,8;23,1;20,4;63;55;59;35;4,3;1,8;
2024/12/23;1600 UTC;0;968,5;969,1;968,5;4044,7;32,4;21,5;32,4;30,7;23,3;20,2;62;51;53;339;3,7;1,4;
2024/12/23;1700 UTC;0;967,6;968,5;967,6;3682,9;32,9;20,9;33;31,6;22,1;19,9;54;48;50;150;4;1,4;
2024/12/23;1800 UTC;0;966,5;967,6;966,5;3078,4;33;22,1;33,7;31,8;22,3;19,1;54;45;53;145;4,3;2,2;
2024/12/23;1900 UTC;0;965,4;966,5;965,4;2800,2;33,4;20;34;32,4;23;19,1;53;43;45;193;4,7;1,7;
2024/12/23;2000 UTC;0;964,9;965,4;964,9;1818,7;32,2;20,4;33,4;31,7;22,2;19,7;55;45;50;142;7;2,9;
2024/12/23;2100 UTC;0;965,2;965,2;964,9;919,1;31,1;20,3;32,6;30,9;21,4;20,2;54;50;53;150;6,4;3,3;
2024/12/23;2200 UTC;0;965,4;965,4;965,2;163,8;30,1;20,5;31,3;30,1;20,8;19,9;57;52;57;158;5,8;2,2;
2024/12/23;2300 UTC;0;966,2;966,2;965,3;,3;29,4;21;30,2;29,4;21;20,3;61;56;61;145;4,1;2,3;
2024/12/24;0000 UTC;0;967,1;967,1;966,2;;28,2;21,6;29,6;28,2;21,6;20,8;68;60;68;133;5,3;2,7;
2024/12/24;0100 UTC;0;967,6;967,6;967,1;;27,8;21,5;28,2;27,8;21,6;21,4;69;67;69;132;5,9;3,5;
2024/12/24;0200 UTC;0;967,8;967,8;967,6;;26,9;21,4;27,8;26,6;21,5;21,3;74;68;72;138;7,3;3,2;
2024/12/24;0300 UTC;0;968;968;967,7;;25,6;21,5;26,9;25,6;21,7;21,4;78;72;78;112;6,1;2,6;
2024/12/24;0400 UTC;0;967,5;968;967,5;;25,5;20,7;26;25,5;21,5;20,7;78;73;75;102;9;4,5;
2024/12/24;0500 UTC;0;967;967,5;967;;24,4;20;25,5;24,4;20,7;20;77;74;77;99;9,4;5;
2024/12/24;0600 UTC;0;967;967,2;967;;23,5;19;24,4;23,5;20;18,9;78;73;76;100;10,6;4,2;
2024/12/24;0700 UTC;0;966,7;967;966,7;;23;18,8;23,6;23;19,2;18,8;78;75;77;104;10;5,4;
2024/12/24;0800 UTC;0;967,4;967,4;966,7;;22,2;18,5;23;22,2;18,9;18,5;80;77;80;102;10;3,7;
2024/12/24;0900 UTC;0;967,7;967,7;967,4;12,6;21,9;18,2;22,2;21,8;18,5;18,2;80;79;80;100;9;4,7;
2024/12/24;1000 UTC;0;968,8;968,8;967,7;507,1;22,7;18,4;22,7;21,9;18,6;18,1;80;77;77;92;9;4,6;
2024/12/24;1100 UTC;0;969,3;969,3;968,8;1252,1;23,4;18,7;24,2;22,7;19,1;18,3;77;72;75;107;8,6;4,1;
2024/12/24;1200 UTC;0;969,8;969,8;969,3;2120,7;25,2;19,2;25,6;23,4;19,6;18,6;75;67;69;83;7,7;4,5;
2024/12/24;1300 UTC;0;969,8;970,1;969,8;2626,2;27,1;19,9;27,2;25;20,2;18,9;70;64;65;91;7,7;3,5;
2024/12/24;1400 UTC;0;969,4;969,8;969,4;3437,2;28,3;21;28,8;26,8;21;19,4;67;60;65;98;7,1;3,1;
2024/12/24;1500 UTC;0;968,9;969,4;968,9;3707;29,8;20,5;30,1;28,3;21,4;19,5;65;56;57;88;5,8;2,8;
2024/12/24;1600 UTC;0;967,9;968,9;967,9;3835,1;31,2;20,8;31,7;29,8;21,9;20,2;61;53;54;91;6;3,2;
2024/12/24;1700 UTC;0;966,6;967,9;966,6;3682,5;32,2;21,6;32,2;31,1;21,9;20;57;50;54;104;6,5;2,8;
2024/12/24;1800 UTC;0;965,6;966,6;965,6;3132,5;32,3;20,5;32,8;31,8;21,9;20;54;48;50;106;6,3;2,9;
2024/12/24;1900 UTC;0;964,5;965,6;964,5;2596,4;32,4;21,2;33,1;31,6;21,9;19,7;54;46;52;112;6,3;2,1;
2024/12/24;2000 UTC;0;963,8;964,5;963,8;1839,3;32,1;20,9;33;31,8;21,6;20,2;54;49;52;141;5,5;2,9;
2024/12/24;2100 UTC;0;963,8;964;963,7;762,3;30,9;20,7;32,1;30,9;21;19,6;55;48;55;152;5,5;2,3;
2024/12/24;2200 UTC;0;964,3;964,3;963,7;151,3;29,8;20,6;30,9;29,8;20,9;20,1;58;53;58;137;5,3;2,2;
2024/12/24;2300 UTC;0;965;965;964,3;;29,3;20,3;29,8;29;21;20,2;62;57;58;141;3,5;2,1;
2024/12/25;0000 UTC;0;965,9;965,9;965;;29,4;20,3;29,6;29,2;20,4;20,1;59;57;58;150;5,3;2,8;
2024/12/25;0100 UTC;0;966,6;966,6;965,9;;27,9;21,1;29,4;27,9;21,1;20,4;67;58;66;155;5,3;2,3;
2024/12/25;0200 UTC;0;966,9;966,9;966,6;;27,5;20,9;28;27,4;21,1;20,8;68;66;67;153;6,5;3,4;
2024/12/25;0300 UTC;0;966,3;967;966,3;;26,9;20,7;27,5;26,9;20,9;20,6;69;66;69;133;6,3;3,6;
2024/12/25;0400 UTC;0;965,5;966,3;965,5;;26,4;20,5;27;26,3;20,7;20,4;70;68;70;130;7,1;3,3;
2024/12/25;0500 UTC;0;966,1;966,2;965,5;;25;21;26,5;25;21;20,4;78;69;78;60;5,4;2,1;
2024/12/25;0600 UTC;0;965,7;966,1;965,6;;25,5;20,6;25,5;24,9;21,1;20,6;80;74;75;97;5,3;3;
2024/12/25;0700 UTC;0;966;966,1;965,7;;25;20,7;25,6;24,8;20,9;20,5;79;73;77;68;5,3;1,9;
2024/12/25;0800 UTC;0;965,8;966;965,8;;24,5;24,1;25;24,5;24,3;20,7;99;77;97;332;3,8;1,8;
2024/12/25;0900 UTC;0;965,9;965,9;965,7;,7;24;;24,6;23,9;24,4;23,7;100;85;;237;5,5;1,4;
2024/12/25;1000 UTC;0;966,4;966,5;965,9;98,1;24,3;24,3;24,3;23,9;24,3;20,3;100;80;100;12;2,7;,2;
2024/12/25;1100 UTC;0;966,8;966,8;966,4;331,5;24,9;24,4;25;24,3;24,9;24,3;100;97;97;224;2,3;1,5;
2024/12/25;1200 UTC;0;967,1;967,2;966,8;414,5;25,3;24,2;25,3;24,8;25,1;23,9;100;93;94;219;2,9;1,5;
2024/12/25;1300 UTC;0;967,2;967,3;967,1;991,5;26,1;22,6;26,2;25,2;24,5;22;96;78;81;44;3;1,4;
2024/12/25;1400 UTC;0;966,8;967,2;966,8;1971,6;28;22,9;28;26;23,1;21,5;81;70;74;9;2,6;,9;
2024/12/25;1500 UTC;0;966,2;966,8;966,2;2400,3;29,1;22,4;29,1;27,4;22,9;21,3;74;65;67;203;2,6;1;
2024/12/25;1600 UTC;0;965,6;966,2;965,6;1899,1;29,2;22,1;29,6;28,5;22,6;21,4;69;63;66;302;3,6;,7;
2024/12/25;1700 UTC;0;965;965,6;965;1549,3;29,4;21,6;29,7;28,6;22,7;21,3;68;62;63;262;3,7;,5;
2024/12/25;1800 UTC;0;964,1;965;964;1405,7;29;22,9;29,4;28,7;23,1;21,5;71;63;70;258;3,5;2;
2024/12/25;1900 UTC;0;963,5;964,1;963,5;457,4;24,1;21,5;29;24,1;23,1;20,3;87;68;85;234;8,5;3,5;
2024/12/25;2000 UTC;0;963,4;963,5;962,9;1382,7;27,1;22,5;27,2;24,1;22,5;20,7;86;72;76;200;7;2,6;
2024/12/25;2100 UTC;0;963,8;963,9;963,4;401,4;24,4;24,2;27,3;24,4;24,3;21,3;100;75;99;70;6,3;1,8;
2024/12/25;2200 UTC;16,8;965;965;963,8;32,7;22,3;;24,4;22,3;24,3;23,6;100;86;;180;9,8;6,1;
2024/12/25;2300 UTC;20,2;965,3;965,4;965;,1;22,5;;22,5;21,9;;;;;;131;9,8;2,8;
2024/12/26;0000 UTC;2;965,8;965,8;965,3;;22,9;;23,1;22,5;;;;;;161;5,4;2,3;
2024/12/26;0100 UTC;,2;965,9;966;965,8;,6;22,8;22,8;22,9;22,6;;;;;100;164;3,9;1,9;
2024/12/26;0200 UTC;0;966;966,1;965,9;;23,1;23,1;23,1;22,5;23,1;17,9;100;58;100;108;4;2;
2024/12/26;0300 UTC;0;965,7;966;965,7;1,5;22,3;22,3;23,2;22,3;23,2;20,1;100;87;100;98;6,4;4;
2024/12/26;0400 UTC;0;965,2;965,7;965,2;1;22;;22,3;22;;;;;;123;6,9;1,5;
2024/12/26;0500 UTC;1,2;964,6;965,2;964,6;;21,9;;22;21,9;;;;;;78;5,3;,9;
2024/12/26;0600 UTC;2,4;964,4;964,6;964,3;;21,8;;22;21,8;;;;;;186;3,1;1,9;
2024/12/26;0700 UTC;2,4;964,3;964,4;964,2;;21,7;;21,9;21,7;;;;;;176;3,1;1,1;
2024/12/26;0800 UTC;0;964,2;964,3;964,2;;21,7;;21,8;21,7;;;;;;136;2,3;1,2;
2024/12/26;0900 UTC;0;964,9;964,9;964,2;8,8;21,7;;21,8;21,6;;;;;;161;2,2;,7;
2024/12/26;1000 UTC;0;965,2;965,2;964,8;165,4;22,3;;22,3;21,7;;;;;;123;2,6;1,1;
2024/12/26;1100 UTC;0;965,7;965,7;965,2;429,9;23,3;23,3;23,3;22,3;;;;;100;144;3;,8;
2024/12/26;1200 UTC;0;965,8;965,9;965,7;661,3;24;24;24;23,1;24;23,1;100;96;100;94;2,4;1,5;
2024/12/26;1300 UTC;0;966,1;966,2;965,8;1863,9;25,7;22,9;26;24;24,6;21,7;100;78;85;18;3,5;1,8;
2024/12/26;1400 UTC;0;966,3;966,3;966,1;1621,9;26,2;22,1;26,5;25,5;23,9;21,5;89;78;78;324;3,4;1,9;
2024/12/26;1500 UTC;0;965,9;966,3;965,9;1537,5;26,6;22;26,9;26,1;24,4;21,6;87;74;76;284;4;2;
2024/12/26;1600 UTC;0;965,1;965,9;965,1;2382;28;23,1;28,1;26,6;23,2;21,6;79;69;75;273;5,7;2,6;
2024/12/26;1700 UTC;0;964,3;965,1;964,3;3207,1;29,2;22,1;29,6;27,7;24;21,7;75;65;66;281;5,6;3,1;
2024/12/26;1800 UTC;0;963,6;964,3;963,6;2776;28,6;22,2;30,1;28,6;24;21,7;72;64;69;264;5,1;2,5;
2024/12/26;1900 UTC;0;963;963,6;963;2410,2;30,1;21,8;30,3;28,6;23,2;21,1;71;60;61;252;5,4;2,4;
2024/12/26;2000 UTC;0;962,8;963;962,7;2105,7;30,4;21,6;30,5;29,9;22,4;20,8;63;57;60;258;6,4;3,1;
2024/12/26;2100 UTC;0;962,8;962,8;962,7;683,4;28,2;21;30,3;28,2;21,8;20,8;67;59;65;228;6,4;2,1;
2024/12/26;2200 UTC;0;963,7;963,7;962,8;391,2;28,2;22,6;28,5;28,1;22,9;21,1;73;65;72;289;4,3;1,1;
2024/12/26;2300 UTC;0;964,6;964,7;963,7;53,2;25;25;28,2;25;25,6;22,2;100;70;100;302;7,1;1,9;
2024/12/27;0000 UTC;0;965,1;965,1;964,6;;24,4;24,4;25;24,4;25;24,4;100;100;100;335;3,9;1,5;
2024/12/27;0100 UTC;0;965,8;965,8;965,1;;24,1;24,1;24,4;24,1;24,4;22,7;100;74;100;326;3,3;1,4;
2024/12/27;0200 UTC;0;965,9;966,1;965,8;;23,9;23,9;24,1;23,8;24,1;23;100;64;100;246;2,4;,8;
2024/12/27;0300 UTC;0;965,5;965,9;965,5;;23,7;23,7;23,9;23,7;23,9;22,9;100;94;100;311;2,1;1,1;
2024/12/27;0400 UTC;0;965,3;965,5;965,3;;23,5;;23,7;23,5;;;;;;303;2,8;1,5;
2024/12/27;0500 UTC;0;964,9;965,3;964,9;;23,4;;23,5;23,4;;;;;;280;2,3;1,1;
2024/12/27;0600 UTC;0;964,4;964,9;964,4;;23,3;;23,4;23,3;;;;;;285;2,3;,4;
2024/12/27;0700 UTC;0;964,9;964,9;964,4;;22,9;;23,3;22,8;;;;;;49;1,2;,6;
2024/12/27;0800 UTC;0;965,4;965,4;964,9;;23;;23,1;22,9;;;;;;34;1,4;,4;
2024/12/27;0900 UTC;0;965,3;965,4;965,3;1,8;22,7;20,9;23;22,7;23;20,6;100;87;89;167;2,2;1,4;
2024/12/27;1000 UTC;0;966,2;966,2;965,3;246,9;23,9;21,2;23,9;22,6;23,1;20,3;100;83;85;81;2,2;,9;
2024/12/27;1100 UTC;0;966,9;966,9;966,2;741;24,8;24,2;24,9;23,8;24,9;20,2;100;78;96;57;3,4;2,1;
2024/12/27;1200 UTC;0;967,5;967,5;966,9;1322,5;25,8;24,3;26,3;24,7;25,1;23;100;84;91;28;4,7;2,6;
2024/12/27;1300 UTC;0;968,1;968,1;967,5;1175,3;25,7;24,6;26;25,5;25,4;23,3;98;86;94;32;4,7;2;
2024/12/27;1400 UTC;0;968,1;968,2;968,1;1751,7;27,3;23,2;27,3;25,7;25;22,7;97;77;79;351;4,4;2,3;
2024/12/27;1500 UTC;0;967,9;968,1;967,9;2257,6;28,2;22,4;28,4;27,1;23,8;22,1;81;70;71;281;4,5;2,1;
2024/12/27;1600 UTC;0;967,1;967,9;967,1;2510,6;29,3;22,1;29,7;28,1;23,4;21,5;75;64;65;319;4,1;2,1;
2024/12/27;1700 UTC;0;966,2;967,1;966,2;2914,8;30,8;22,3;30,8;29,3;24;21,9;69;59;61;282;5;2,7;
2024/12/27;1800 UTC;0;965,3;966,2;965,3;2756,5;32,1;21,7;32,4;30;23,4;21,4;65;54;54;229;6,7;3,3;
2024/12/27;1900 UTC;0;965,2;965,3;965,2;2790,8;31,8;21;32,4;31,3;22,9;20;58;49;53;250;7,1;3;
2024/12/27;2000 UTC;0;964,8;965,2;964,8;2025,8;31,2;20,6;32;31,2;21,5;19,8;55;50;54;246;7,9;3,3;
2024/12/27;2100 UTC;0;965,2;965,2;964,8;1167,4;30,1;19,8;31,3;30,1;21;19,5;55;52;54;264;7;3;
2024/12/27;2200 UTC;0;965,8;965,8;965,2;320,8;27,9;19,9;30,2;27,9;20,1;19,4;62;53;62;261;5,3;2,2;
2024/12/27;2300 UTC;0;966,7;966,7;965,8;2,1;26,3;20;27,9;26;20,4;19,8;71;62;68;239;4;1,2;
2024/12/28;0000 UTC;0;967,6;967,6;966,7;;26,1;19,2;26,4;25,6;20;19;69;65;66;228;4;1,9;
2024/12/28;0100 UTC;0;968,1;968,1;967,6;;25,6;18,7;26,1;25,5;19,2;18,6;68;64;66;223;4,4;1,9;
2024/12/28;0200 UTC;0;968,5;968,5;968,1;;24,6;18,2;25,6;24,5;18,8;18;70;65;68;187;3,3;1,1;
2024/12/28;0300 UTC;0;968,3;968,6;968,3;;24,1;18,2;24,6;23,9;20,5;18,1;81;67;70;167;1,5;,2;
2024/12/28;0400 UTC;0;967,8;968,4;967,8;;23,7;20,1;24,3;23,6;23,9;18,2;100;69;80;144;1,9;,9;
2024/12/28;0500 UTC;0;967,3;967,8;967,3;;22,5;20,4;23,8;22,5;23,2;18,9;100;76;88;161;2,5;,5;
2024/12/28;0600 UTC;0;967,4;967,4;967,2;;21,1;21,1;22,5;21,1;22;20,1;100;88;100;300;1,5;,9;
2024/12/28;0700 UTC;0;967;967,4;967;;20,5;;21,3;20,4;21,3;20,4;100;94;;128;1,5;,7;
2024/12/28;0800 UTC;0;967,2;967,2;966,9;;20,2;;20,8;20,2;;;;;;65;1,5;,7;
2024/12/28;0900 UTC;0;967,9;967,9;967,2;8,3;20,1;;20,4;20;;;;;;234;1,5;,6;
2024/12/28;1000 UTC;0;968,4;968,4;967,9;418;22,8;19,1;22,8;20,1;22,3;14,4;100;60;79;104;1,4;,3;
2024/12/28;1100 UTC;0;968,9;969;968,4;1264;25,8;16,9;26;22,8;19,9;16,5;84;58;58;227;3,5;1,5;
2024/12/28;1200 UTC;0;969,4;969,4;968,9;2030,1;27,5;17,5;27,7;25,7;18,3;16,7;61;52;54;206;4,4;2,5;
2024/12/28;1300 UTC;0;969,8;969,8;969,4;2287,6;29,3;18,6;29,3;27,5;19,3;17,1;57;49;52;205;4,7;1,9;
2024/12/28;1400 UTC;0;969,8;969,9;969,7;3429,2;30,6;16,4;30,7;29,1;19,3;16,4;53;42;42;213;5,4;2,1;
2024/12/28;1500 UTC;0;969,2;969,8;969,2;3290;30,6;17,1;31,5;30,1;19,1;15,9;50;41;44;224;5,4;2;
2024/12/28;1600 UTC;0;968,4;969,2;968,4;3671;31,4;18,2;32,4;30,5;19,6;16,5;48;41;45;268;6;2,2;
2024/12/28;1700 UTC;0;967,7;968,4;967,7;2907,2;31,9;19,8;32,3;31,1;20,4;16,8;52;41;49;247;5,4;2,6;
2024/12/28;1800 UTC;0;967;967,7;967;3441,8;32;18,1;32,6;31,7;20,7;17,8;51;42;44;266;6,9;3;
2024/12/28;1900 UTC;0;966,1;967;966,1;2792,3;32;17,1;32,6;31,6;19;16,7;47;39;41;256;8;3,5;
2024/12/28;2000 UTC;0;965,6;966,1;965,6;2048,5;31,5;17,9;32,1;31,4;19,1;17,1;47;41;44;246;6,8;3,4;
2024/12/28;2100 UTC;0;965,6;965,7;965,5;1057;30,4;17,3;31,5;30;19,1;16,9;49;43;45;239;6,8;2,9;
2024/12/28;2200 UTC;0;965,8;965,8;965,6;377,7;28,3;17,3;30,6;28,3;17,9;16,7;51;44;51;232;5,5;1,6;
2024/12/28;2300 UTC;0;966,4;966,4;965,8;5,6;26;17,2;28,3;26;19,1;17;66;51;58;258;3;,5;
2024/12/29;0000 UTC;0;967,3;967,3;966,4;;24,2;17,8;26;24,2;19,4;16;71;57;68;249;2,9;,3;
2024/12/29;0100 UTC;0;967,8;967,8;967,3;;23,7;15,9;24,2;23,6;18;15,5;70;60;61;258;1,1;,5;
2024/12/29;0200 UTC;0;968;968;967,8;;22,4;18,2;23,7;22,2;19,3;16;83;61;77;243;1,7;1;
2024/12/29;0300 UTC;0;967,5;968;967,5;;21,5;19,9;22,4;21,5;21,7;17;100;72;91;346;1,7;,1;
2024/12/29;0400 UTC;0;966,9;967,5;966,9;;20,9;20,9;21,9;20,9;21,4;18;100;79;100;346;1,1;,2;
2024/12/29;0500 UTC;0;966,5;966,9;966,5;;21;17,8;21,9;20,7;21;17,2;100;75;82;26;1,3;,5;
2024/12/29;0600 UTC;0;965,8;966,5;965,8;;21,2;16,9;21,6;21;18,6;16,6;87;73;76;190;1,1;,7;
2024/12/29;0700 UTC;0;965,7;965,8;965,7;;20,2;19,6;21,2;19,9;20,1;16,8;100;76;96;312;1,1;,7;
2024/12/29;0800 UTC;0;965,7;965,8;965,6;;19,8;19,1;20,2;19,2;20,2;18,6;100;91;96;107;3,4;1,8;
2024/12/29;0900 UTC;0;966,2;966,2;965,7;7,3;19,3;19,3;19,9;18,8;19,5;18,6;100;92;100;211;2,6;1,1;
2024/12/29;1000 UTC;0;967,1;967,1;966,2;415,5;21,6;18,3;21,9;19,1;20,3;17,8;100;79;81;286;2,1;,9;
2024/12/29;1100 UTC;0;967,5;967,5;967,1;1250,3;25;17,6;25,2;21,6;19,4;17,6;84;64;64;175;2,9;1,9;
2024/12/29;1200 UTC;0;967,9;968;967,4;2009,3;27,7;16,9;27,7;25;18,2;16;65;51;52;157;3,6;1,6;
2024/12/29;1300 UTC;0;968,2;968,2;967,9;2336,9;28,9;18,3;28,9;27,4;18,9;16,5;56;50;53;97;3,7;1,5;
2024/12/29;1400 UTC;0;968,3;968,3;968,2;3438,5;30,4;17,5;31;28,8;19,2;15,7;56;42;46;274;3,7;,8;
2024/12/29;1500 UTC;0;967,9;968,3;967,9;3737,5;31;18,1;31,6;29,9;19,8;16,7;51;42;46;291;3,8;1,7;
2024/12/29;1600 UTC;0;967,2;967,9;967,2;3886,9;31,8;16,9;32;30,9;19,4;16,2;49;39;41;262;4,7;2,5;
2024/12/29;1700 UTC;0;966,5;967,2;966,5;3796,6;32,3;16,9;32,8;31,8;18,6;15,6;45;37;40;311;6;2,3;
2024/12/29;1800 UTC;0;965,5;966,5;965,5;3427,1;33;16,3;33,4;32,2;17,9;14,5;42;33;37;291;5,6;2,9;
2024/12/29;1900 UTC;0;964,8;965,5;964,8;2822,8;32,5;14,8;33,2;32,5;17,7;14;41;32;34;282;7,4;3;
2024/12/29;2000 UTC;0;964,1;964,8;964,1;2053,6;31,9;16,5;33,1;31,8;18,3;15,3;43;34;40;270;7;2,6;
2024/12/29;2100 UTC;0;964;964,1;963,9;1183,8;31,3;16,3;32,2;31,3;18,3;15,5;44;38;40;249;6,6;2,4;
2024/12/29;2200 UTC;0;964;964;964;327,4;28,7;17,4;31,3;28,7;17,7;16,5;51;40;51;237;4,5;1,3;
2024/12/29;2300 UTC;0;964,5;964,5;964;1,3;26,3;17,9;28,7;26,2;20,2;17,3;68;50;60;100;2;,6;
2024/12/30;0000 UTC;0;965,3;965,3;964,5;;25,2;17,8;26,3;25,2;19,2;17,5;66;60;64;86;1,2;,8;
2024/12/30;0100 UTC;0;965,9;965,9;965,3;;24,4;17,5;25,2;24;19,6;17,3;75;63;65;94;1,3;1;
2024/12/30;0200 UTC;0;966,3;966,3;965,9;;24,3;18,8;25,8;23,2;19,5;16,8;78;58;71;159;3,4;1,3;
2024/12/30;0300 UTC;0;966,3;966,4;966,2;;24,9;19;25,4;22,7;19,6;17,2;81;63;70;86;6,2;3,6;
2024/12/30;0400 UTC;0;966,2;966,4;966,1;;23,4;20,9;24,9;23,4;20,9;19,1;86;70;86;80;6,9;4,1;
2024/12/30;0500 UTC;0;965,8;966,2;965,8;;22,7;22,7;23,4;22,7;23;20,9;100;86;100;78;6,8;4;
2024/12/30;0600 UTC;0;965,2;965,8;965,2;;22,1;22,1;22,7;22,1;22,7;22,1;100;100;100;73;7;4,3;
2024/12/30;0700 UTC;0;964,9;965,2;964,8;;21,5;21,5;22,1;21,5;22,1;21,5;100;100;100;85;7;4,6;
2024/12/30;0800 UTC;0;964,9;964,9;964,8;;21,1;21,1;21,5;21,1;21,5;21,1;100;100;100;87;7,3;4,7;
2024/12/30;0900 UTC;0;965,6;965,6;964,9;5,9;20,7;20,7;21,1;20,6;21,1;20,6;100;99;100;77;7,1;3,6;
2024/12/30;1000 UTC;0;966;966;965,6;419,3;22,2;21;22,2;20,7;21,7;20,7;100;93;93;78;6,9;4,1;
2024/12/30;1100 UTC;0;966,8;966,8;966;1249;24,6;20,2;24,6;22,2;21,2;19,6;94;76;77;90;7,2;2,4;
2024/12/30;1200 UTC;0;967;967;966,8;1957,4;26,1;20,7;26,4;24,5;20,9;19,6;78;70;72;90;6,2;3,2;
2024/12/30;1300 UTC;0;967,5;967,5;967;2390,6;27,9;21,3;28,1;26,1;21,6;20,3;73;65;67;36;6,1;3,1;
2024/12/30;1400 UTC;0;967,5;967,7;967,5;3402,3;29,6;21,7;29,7;27,9;22,4;21;70;61;63;32;5,6;2;
2024/12/30;1500 UTC;0;967;967,5;967;3787,9;31,3;22,1;31,3;29,6;23,2;21;65;56;58;54;5,3;1,8;
2024/12/30;1600 UTC;0;966,5;967;966,5;3164,9;32,2;20,6;32,7;30,7;22,4;20,6;58;50;50;120;4,1;1,5;
2024/12/30;1700 UTC;0;966,1;966,5;966,1;2493;32,9;20,3;33;31,4;22,2;19,1;55;45;48;292;4;1,1;
2024/12/30;1800 UTC;0;965,2;966,1;965,2;3272,5;33,3;20,4;34;32,5;21,7;19,2;52;43;47;225;3,8;1,8;
2024/12/30;1900 UTC;0;964,1;965,2;964,1;1478,5;32,2;20;33,9;32;21,2;19,2;52;42;49;181;4,8;2,7;
2024/12/30;2000 UTC;0;963,3;964,1;963,3;2014;33;19,3;33,4;32,2;21,1;19,1;50;43;44;170;5,4;2,8;
2024/12/30;2100 UTC;0;963,7;963,7;963,3;1177,4;32,8;19,5;33,4;32,6;20,2;18,6;48;42;46;180;4,8;1;
2024/12/30;2200 UTC;0;963,8;963,9;963,6;326,1;30,4;19,7;32,7;30,4;20,3;18,4;53;42;53;152;4,4;1,7;
2024/12/30;2300 UTC;0;964,4;964,4;963,7;2,1;28,9;19,9;30,4;28,9;20;19,6;58;52;58;125;3,7;2,1;
2024/12/31;0000 UTC;0;965,5;965,5;964,4;;28,1;19,6;28,9;28;20;19,6;61;58;60;129;2,7;2,2;
2024/12/31;0100 UTC;0;966,4;966,4;965,5;;28,1;19,7;28,8;27,5;19,8;19,1;63;56;60;119;5,7;3,4;
2024/12/31;0200 UTC;0;967,2;967,3;966,4;;25;20,2;28,1;25;21;19,7;75;60;75;63;7,6;4,1;
2024/12/31;0300 UTC;0;967,1;967,4;967,1;;23,4;21;25;23,4;21;20,2;87;75;87;66;8,8;3,3;
2024/12/31;0400 UTC;0;967;967,2;967;;22,7;22,1;23,3;22,6;23;21;100;87;96;64;6,9;4,2;
2024/12/31;0500 UTC;0;966,4;967;966,4;;22;22;22,7;22;22,6;22;100;96;100;84;6,9;2,4;
2024/12/31;0600 UTC;0;965,8;966,4;965,8;;21,5;21,5;22;21,4;22;21,4;100;100;100;326;4,3;1,1;
2024/12/31;0700 UTC;0;965,9;965,9;965,5;;21;;21,5;21;;;;;;74;2,2;1,2;
2024/12/31;0800 UTC;0;966,7;966,7;965,9;;20,8;;21,6;20,7;;;;;;59;2,3;,9;
2024/12/31;0900 UTC;0;967,3;967,3;966,6;7;21,5;21,5;21,5;20,7;;;;;100;92;4,6;2,5;
2024/12/31;1000 UTC;0;967,8;967,8;967,3;428,3;22,8;22;22,8;21,5;22,5;21,5;100;94;95;92;6,7;3,9;
2024/12/31;1100 UTC;0;968,2;968,3;967,8;1161,3;25;20,6;25;22,8;22,5;20,6;98;76;76;69;7,2;4,3;
2024/12/31;1200 UTC;0;968,4;968,4;968,2;1877,9;26,7;20,5;26,7;24,8;21,2;19,9;79;67;69;45;7,6;3,3;
2024/12/31;1300 UTC;0;968,6;968,7;968,4;2422,5;28,4;21;28,8;26,7;21,7;20,3;71;63;64;65;5,8;2;
2024/12/31;1400 UTC;0;968,2;968,6;968,2;3393,2;29,8;21,9;30,3;28,4;22,1;20,9;67;59;63;101;4,2;1,9;
2024/12/31;1500 UTC;0;967,8;968,2;967,8;3699,8;31,2;22;31,5;29,8;23,3;20,7;63;55;58;66;6,2;3,2;
2024/12/31;1600 UTC;0;967,1;967,8;967,1;3958,1;31,9;21,6;32,1;30,9;22,9;21,3;60;54;55;50;7,9;3;
2024/12/31;1700 UTC;0;966,4;967,1;966,4;3382;32,1;22,3;33;31,3;23,7;21,1;60;51;56;42;7,2;3,7;
2024/12/31;1800 UTC;0;965,7;966,4;965,7;2057;30,7;21,5;33,4;30,6;23,1;21,2;60;53;58;15;6,9;3;
2024/12/31;1900 UTC;0;964,5;965,7;964,5;2759,7;32,8;22;33;30,7;22,3;19,9;59;47;53;10;7,4;3,4;
2024/12/31;2000 UTC;0;964,4;964,6;964,3;1652,8;32,4;22,1;33,1;31,2;22,4;20,6;57;50;55;357;6,6;2,2;
2024/12/31;2100 UTC;0;964,2;964,4;964,2;994,3;31,4;21,4;32,4;31,4;22,5;20,5;59;51;56;22;4,2;3;
2024/12/31;2200 UTC;0;964,5;964,6;964,2;277,4;29,6;21,7;31,3;29,6;22,5;21,1;65;55;63;76;4,2;1,6;
2024/12/31;2300 UTC;0;965,2;965,2;964,5;3,1;27,4;21,4;29,7;27,4;21,4;20,8;70;61;70;113;4,6;2;
